data = [-0.177042 0.307895
-0.173887 0.591848
-0.154959 0.831245
-0.0729386 1.01158
0.0595567 1.12623
0.248836 1.17699
0.453889 1.17328
0.674716 1.13015
0.898697 1.06562
1.10375 0.99765
1.26464 0.941335
1.4066 0.906873
1.50439 0.898472
1.59272 0.914416
1.65266 0.948164
1.70313 0.990228
1.74414 1.0304
1.782 1.05992
1.81039 1.07314
1.81985 1.06846
1.84194 1.04831
1.84509 1.01833
1.82616 0.98596
1.81355 0.958688
1.77884 0.942436
1.75045 0.940347
1.69367 0.952237
1.62742 0.974788
1.55486 1.00241
1.46969 1.02858
1.39082 1.04732
1.31196 1.05449
1.23624 1.04871
1.14476 1.03159
1.05958 1.00728
0.974408 0.981531
0.873459 0.960354
0.769355 0.948656
0.649478 0.949142
0.520138 0.961698
0.393952 0.983423
0.267766 1.00928
0.138424 1.03323
0.0185471 1.0496
-0.10133 1.0544
-0.218052 1.04625
-0.322156 1.02677
-0.423105 1.00026
-0.542981 0.972792
-0.662859 0.950885
-0.795354 0.939989
-0.905767 0.943204
-1.02564 0.960456
-1.16129 0.988359
-1.27802 1.02082
-1.39158 1.05029
-1.48938 1.06942
-1.56509 1.07277
-1.63765 1.05818
-1.70074 1.02759
-1.76383 0.986933
-1.82062 0.945142
-1.88686 0.91245
-1.95942 0.898199
-2.03198 0.908615
-2.10138 0.944986
-2.18025 1.00263
-2.2528 1.07093
-2.30328 1.13446
-2.33798 1.17518
-2.34744 1.17518
-2.33167 1.11975
-2.31905 1
-2.28751 0.814788
-2.26858 0.571356
-2.27804 0.284768
-2.32221 -0.0239981
-2.42 -0.330879
-2.58404 -0.612074
-2.80487 -0.84735
-3.07617 -1.02276
-3.37902 -1.13232
-3.7071 -1.17848
-4.01626 -1.17114
-4.33803 -1.12571
-4.62195 -1.0603
-4.87117 -0.99274
-5.07622 -0.937817
-5.23711 -0.905289
-5.34437 -0.898892
-5.42323 -0.916488
-5.45478 -0.951236
-5.48633 -0.993511
-5.48002 -1.03314
-5.4674 -1.06156
-5.42639 -1.07341
-5.38222 -1.06741
-5.32229 -1.04626
-5.24657 -1.01583
-5.13932 -0.983592
-5.00997 -0.956988
-4.87432 -0.941754
-4.71028 -0.94079
-4.52731 -0.953654
-4.33172 -0.976814
-4.15191 -1.00456
-3.85852 -1.03036
-3.71657 -1.04831
-3.52413 -1.0545
-3.30646 -1.04776
-3.07301 -1.02991
-2.84588 -1.00527
-2.60297 -0.979667
-2.35375 -0.959067
-2.09507 -0.948245
-1.82693 -0.9497
-1.54616 -0.963097
-1.25278 -0.985339
-0.981478 -1.01127
-0.700714 -1.03482
-0.410485 -1.05041
-0.0571629 -1.05423
0.119497 -1.04511
0.375023 -1.02491
0.640014 -0.998093
0.901851 -0.97083
1.16053 -0.949599
1.42552 -0.939715
1.67159 -0.944056
1.94289 -0.962288
2.17949 -0.990785
2.42555 -1.02329
2.65268 -1.05222
2.8672 -1.07029
3.05017 -1.07228
3.23314 -1.05634
3.40034 -1.02472
3.56122 -0.983631
3.75681 -0.942174
3.85461 -0.910595
4.00603 -0.898074
4.13222 -0.910513
4.26471 -0.948765
4.38459 -1.00768
4.47607 -1.0762
4.5644 -1.13864
4.61803 -1.17684
4.65589 -1.17304
4.67481 -1.11289
4.68112 -0.988041
4.67166 -0.797982
4.67481 -0.550606
4.69059 -0.261508
4.74106 0.0479849
4.81362 0.353709
4.93034 0.632024
5.11015 0.863096
5.30574 1.03354
5.52026 1.13804
5.7821 1.17964
6.025 1.16877
6.27107 1.12115
6.48874 1.05497
6.67171 0.987907
6.81682 0.934434
6.92408 0.903862
6.98086 0.899457
7.00925 0.918663
6.99348 0.954353
6.95878 0.996777
6.902 1.03582
6.84206 1.0631
6.76319 1.07357
6.66224 1.06626
6.53921 1.04416
6.40987 1.01331
6.25214 0.981259
6.07548 0.955356
5.87043 0.941159
5.64645 0.941317
5.413 0.955132
5.15432 0.978868
4.87671 1.0067
4.59595 1.03208
4.30887 1.04924
4.01549 1.05443
3.73473 1.04674
3.4445 1.02818
3.14796 1.00326
2.85143 0.977834
2.53596 0.95784
2.22365 0.947907
1.89241 0.95033
1.56748 0.964549
1.2394 0.987278
0.917624 1.01324
0.592694 1.03636
0.255146 1.05116
-0.0477012 1.05398
-0.366321 1.04391
-0.666014 1.02301
-0.968861 0.995928
-1.26224 0.968904
-1.55562 0.948382
-1.85847 0.939528
-2.15816 0.944992
-2.4547 0.964181
-2.74809 0.993236
-3.032 1.02575
-3.297 1.05408
-3.55252 1.07106
-3.78912 1.07169
-4.00364 1.05441
-4.21815 1.0218
-4.42321 0.980326
-4.61564 0.939265
-4.81439 0.908855
-5.01313 0.898099
-5.19925 0.912567
-5.40115 0.95267
-5.56519 1.01278
-5.72608 1.08145
-5.85542 1.14268
-5.96268 1.17825
-6.04155 1.17056
-6.09518 1.10564
-6.13303 0.975687
-6.15196 0.780832
-6.1772 0.529606
-6.22767 0.238126
-6.30654 -0.0719492
-6.42011 -0.376374
-6.58415 -0.651692
-6.77974 -0.878479
-6.99741 -1.04393
-7.24978 -1.14338
-7.48953 -1.18049
-7.74506 -1.16619
-7.98166 -1.11648
-8.19302 -1.04963
-8.35707 -0.983157
-8.4801 -0.93119
-8.56843 -0.902593
-8.59051 -0.900163
-8.57158 -0.920937
-8.53688 -0.95751
-8.46433 -1.00002
-8.39492 -1.03842
-8.26874 -1.06454
-8.16463 -1.07362
-8.02898 -1.06502
-7.89964 -1.04201
-7.73875 -1.01079
-7.50846 -0.978963
-7.35704 -0.953794
-7.14883 -0.940649
-6.93116 -0.941925
-6.68194 -0.95667
-6.42326 -0.980946
-6.15196 -1.00882
-5.87435 -1.03376
-5.60305 -1.0501
-5.3286 -1.05429
-5.05098 -1.04565
-4.77653 -1.02642
-4.51785 -1.00124
-4.20869 -0.976033
-3.91215 -0.956673
-3.60931 -0.947644
-3.28122 -0.951031
-2.95629 -0.966053
-2.6219 -0.989236
-2.29381 -1.0152
-1.96889 -1.03786
-1.62503 -1.05183
-1.3001 -1.05365
-0.981477 -1.04264
-0.650239 -1.02107
-0.334774 -0.993762
-0.0129986 -0.967018
0.315085 -0.947235
0.643169 -0.939426
0.980717 -0.946011
1.31196 -0.966135
1.62742 -0.995708
1.94289 -1.02817
2.24258 -1.05587
2.5265 -1.07174
2.80726 -1.07099
3.0691 -1.05238
3.32778 -1.01882
3.56122 -0.977023
3.78836 -0.936419
4.17638 -0.907233
4.29941 -0.898276
4.4603 -0.914775
4.68112 -0.956696
4.87987 -1.01794
5.06284 -1.08665
5.23319 -1.14656
5.3783 -1.1794
5.48241 -1.16774
5.58335 -1.098
5.65276 -0.962945
5.72847 -0.763346
5.79471 -0.508365
5.88305 -0.214633
5.99346 0.0958796
6.13226 0.398866
6.30577 0.671069
6.51713 0.893495
6.76319 1.05393
7.03134 1.14835
7.2774 1.18104
7.53293 1.1634
7.79792 1.11171
8.02505 1.0443
8.22379 0.978496
8.38152 0.928087
8.49509 0.901482
8.55819 0.901009
8.58658 0.923306
8.58973 0.960702
8.55819 1.00324
8.50771 1.04095
8.44777 1.06588
8.38153 1.07357
8.29004 1.0637
8.17647 1.03981
8.05029 1.00826
7.8894 0.976707
7.72536 0.952306
7.52031 0.940227
7.29317 0.942615
7.0408 0.958266
6.77581 0.983046
6.48243 1.01092
6.19535 1.03538
5.90197 1.05088
5.59282 1.05407
5.28997 1.0445
4.97135 1.02463
4.64958 0.999223
4.31518 0.974267
3.96502 0.955568
3.6117 0.947456
3.23629 0.951803
2.85773 0.967606
2.47918 0.991211
2.09431 1.01713
1.71575 1.0393
1.3435 1.05243
0.968097 1.05325
0.608467 1.04131
0.255147 1.0191
-0.107638 0.9916
-0.464114 0.965173
-0.823745 0.94616
-1.18969 0.939412
-1.53985 0.947112
-1.89317 0.968146
-2.24965 0.998197
-2.5872 1.03057
-2.91844 1.05759
-3.22128 1.07231
-3.51467 1.07018
-3.79859 1.05027
-4.06042 1.01579
-4.32541 0.973726
-4.57779 0.933642
-4.83647 0.905732
-5.07622 0.898607
-5.31598 0.917137
-5.54942 0.960839
-5.77656 1.02315
-5.97845 1.09179
-6.1488 1.15028
-6.30338 1.18029
-6.42641 1.16458
-6.52421 1.08997
-6.59677 0.949817
-6.66617 0.745528
-6.73242 0.486892
-6.80813 0.191039
-6.92485 -0.119765
-7.05735 -0.421173
-7.24347 -0.690149
-7.4643 -0.908141
-7.69774 -1.06353
-7.9375 -1.15295
-8.1741 -1.18129
-8.38546 -1.1604
-8.59998 -1.10685
-8.79241 -1.03897
-8.9533 -0.973929
-9.06687 -0.925128
-9.13311 -0.900528
-9.14889 -0.901991
-9.12996 -0.925765
-9.07633 -0.963924
-9.00062 -1.00643
-8.90282 -1.0434
-8.78295 -1.06711
-8.65045 -1.07341
-8.51165 -1.06229
-8.36022 -1.03756
-8.18672 -1.00574
-7.99744 -0.974494
-7.77976 -0.950891
-7.55263 -0.939892
-7.2971 -0.943385
-7.04788 -0.959917
-6.77658 -0.985164
-6.4832 -1.01301
-6.19613 -1.03695
-5.89012 -1.05158
-5.60305 -1.05377
-5.31598 -1.04329
-5.0289 -1.0228
-4.74814 -0.997209
-4.45475 -0.972539
-4.14875 -0.954527
-3.83329 -0.947343
-3.49889 -0.952644
-3.1645 -0.969207
-2.8238 -0.9932
-2.47994 -1.01905
-2.15185 -1.04069
-1.82062 -1.05295
-1.49884 -1.05277
-1.18022 -1.03991
-0.864756 -1.0171
-0.542981 -0.989444
-0.23067 -0.963373
0.0974141 -0.945159
0.419189 -0.939485
0.737809 -0.948293
1.06274 -0.970211
1.36559 -1.0007
1.67474 -1.03294
1.96497 -1.05923
2.24889 -1.07278
2.51388 -1.06926
2.78203 -1.04806
3.02809 -1.01271
3.26469 -0.970441
3.50759 -0.930937
3.74735 -0.904356
3.98079 -0.899091
4.21424 -0.919651
4.46345 -0.965095
4.67481 -1.02839
4.88302 -1.09688
5.06914 -1.15384
5.23634 -1.1809
5.38146 -1.16106
5.5108 -1.08155
