data = [-0.161267 0.330879
-0.154958 0.632024
-0.136031 0.878479
-0.0413907 1.05393
0.08795 1.15295
0.280383 1.18124
0.4949 1.15384
0.712571 1.09179
0.930242 1.01794
1.12583 0.95267
1.28987 0.910513
1.41921 0.898199
1.52016 0.914416
1.58956 0.951236
1.65266 0.996777
1.69682 1.03842
1.74099 1.06588
1.77884 1.07341
1.80408 1.0608
1.83247 1.03294
1.84509 0.998197
1.84509 0.966135
1.83563 0.944992
1.79777 0.939715
1.75992 0.950885
1.70629 0.974788
1.6495 1.00456
1.5801 1.03208
1.50439 1.0501
1.43814 1.05407
1.36558 1.04329
1.29618 1.02094
1.22047 0.9932
1.12899 0.967606
1.03435 0.951031
0.933397 0.947907
0.81352 0.959067
0.696799 0.981531
0.573766 1.00928
0.44758 1.03482
0.330858 1.05116
0.204672 1.05365
0.0847942 1.04131
-0.0129997 1.0171
-0.126567 0.987298
-0.24329 0.959917
-0.363167 0.942615
-0.505125 0.940649
-0.615538 0.955356
-0.763808 0.983592
-0.896303 1.01833
-1.01302 1.05029
-1.12344 1.07029
-1.2307 1.07169
-1.32218 1.05238
-1.41051 1.01579
-1.49569 0.970441
-1.58086 0.92831
-1.66604 0.901991
-1.76383 0.901482
-1.86163 0.93119
-1.96573 0.987907
-2.05406 1.0603
-2.12346 1.13015
-2.18971 1.17518
-2.23703 1.17304
-2.25911 1.10564
-2.26227 0.962945
-2.27489 0.745528
-2.30012 0.465196
-2.34113 0.143594
-2.44524 -0.191039
-2.59982 -0.508365
-2.83326 -0.780832
-3.10141 -0.988041
-3.42949 -1.11975
-3.77335 -1.17699
-4.12667 -1.17114
-4.47368 -1.12115
-4.78915 -1.04963
-5.07622 -0.978496
-5.31598 -0.925128
-5.51787 -0.899732
-5.66614 -0.904356
-5.7734 -0.933642
-5.84596 -0.977023
-5.89959 -1.0218
-5.93114 -1.05634
-5.9406 -1.07277
-5.9406 -1.06846
-5.91852 -1.04626
-5.8775 -1.01331
-5.80495 -0.978963
-5.71346 -0.952306
-5.60305 -0.939892
-5.45478 -0.944233
-5.31282 -0.963373
-5.14247 -0.9916
-4.96265 -1.02107
-4.77022 -1.04391
-4.5841 -1.05423
-4.3822 -1.0496
-4.16137 -1.03159
-3.96263 -1.00527
-3.73549 -0.977834
-3.4011 -0.956673
-3.23706 -0.947456
-2.9973 -0.952644
-2.71338 -0.970852
-2.44208 -0.997209
-2.16132 -1.02463
-1.88371 -1.04565
-1.60295 -1.05443
-1.31587 -1.04831
-1.04142 -1.02858
-0.763808 -1.00026
-0.486197 -0.97083
-0.199123 -0.948382
0.103723 -0.939426
0.479127 -0.947112
0.668406 -0.970211
0.964944 -1.00322
1.24255 -1.03756
1.49808 -1.0637
1.73783 -1.07362
1.98705 -1.0631
2.21419 -1.03314
2.42555 -0.990228
2.63375 -0.945142
2.84827 -0.910595
3.05648 -0.898099
3.25207 -0.914775
3.4445 -0.960839
3.75681 -1.02839
3.85776 -1.1019
3.96817 -1.1604
4.10698 -1.18104
4.21739 -1.14338
4.28679 -1.03354
4.35935 -0.84735
4.4256 -0.591848
4.495 -0.284768
4.60226 0.0479849
4.74737 0.376374
4.92403 0.671069
5.17009 0.908141
5.43193 1.07274
5.73162 1.16106
6.01869 1.18029
6.28999 1.14656
6.55814 1.08145
6.81051 1.00768
7.02818 0.944986
7.21746 0.906873
7.34996 0.898892
7.44775 0.918663
7.48876 0.95751
7.52662 1.00324
7.52031 1.0434
7.50453 1.06824
7.47299 1.07278
7.41936 1.05759
7.34996 1.02817
7.26793 0.993236
7.15752 0.962288
7.00925 0.943204
6.84206 0.940347
6.65278 0.953654
6.4288 0.978868
6.18904 1.00882
5.94929 1.03538
5.70323 1.05158
5.44139 1.0534
5.17956 1.04069
4.92088 1.01713
4.6338 0.989236
4.34988 0.964549
4.04388 0.9497
3.73473 0.948656
3.4098 0.961698
3.07856 0.985339
2.75363 1.01324
2.41293 1.03786
2.08484 1.05243
1.75676 1.05277
1.43499 1.03846
1.11952 1.01301
0.800902 0.983046
0.485436 0.95667
0.160506 0.941317
-0.167578 0.941754
-0.492506 0.958688
-0.823745 0.988359
-1.15498 1.02329
-1.46414 1.05408
-1.77645 1.07174
-2.05406 1.07018
-2.32852 1.04806
-2.59666 1.00959
-2.84903 0.963924
-3.10772 0.923306
-3.36324 0.900163
-3.62192 0.903862
-3.88376 0.937817
-4.12351 0.99765
-4.36642 1.07093
-4.58725 1.13864
-4.77968 1.17825
-4.94057 1.16774
-5.08884 1.08997
-5.22449 0.936305
-5.34121 0.708923
-5.47371 0.421173
-5.62829 0.0958796
-5.82072 -0.238126
-6.06363 -0.550606
-6.34755 -0.814788
-6.6567 -1.01158
-6.95955 -1.13232
-7.24978 -1.17964
-7.54001 -1.16619
-7.79554 -1.11171
-8.0416 -1.03897
-8.28451 -0.96946
-8.48956 -0.919651
-8.67253 -0.898607
-8.80503 -0.907233
-8.8902 -0.939265
-8.92806 -0.983631
-8.94699 -1.02759
-8.93752 -1.05992
-8.90598 -1.07341
-8.86812 -1.06626
-8.7861 -1.04201
-8.69146 -1.00826
-8.56528 -0.974494
-8.42016 -0.949553
-8.23404 -0.939485
-8.05422 -0.94616
-7.8334 -0.967018
-7.59364 -0.995928
-7.35704 -1.02491
-7.10467 -1.04625
-6.83652 -1.05449
-6.56838 -1.04776
-6.30023 -1.02818
-6.02577 -1.00124
-5.73555 -0.974267
-5.44216 -0.954527
-5.14878 -0.947305
-4.84278 -0.954527
-4.521 -0.974267
-3.9437 -1.00124
-3.72287 -1.02818
-3.51467 -1.04776
-3.21497 -1.05449
-2.89951 -1.04625
-2.57773 -1.02491
-2.25596 -0.995928
-1.93418 -0.967018
-1.59979 -0.94616
-1.2654 -0.939485
-0.921539 -0.949553
-0.565063 -0.974494
-0.211741 -1.00826
0.132114 -1.04201
0.482281 -1.06626
0.80721 -1.07341
1.12898 -1.05992
1.42868 -1.02759
1.72206 -0.983631
2.02175 -0.939265
2.3246 -0.907233
2.61483 -0.898607
2.92083 -0.919651
3.2079 -0.96946
3.50444 -1.03897
3.77258 -1.11171
4.01865 -1.16619
4.23316 -1.17964
4.43821 -1.13232
4.62119 -1.01158
4.78207 -0.814788
4.94296 -0.550606
5.17325 -0.238126
5.35306 0.0958796
5.58335 0.421173
5.86411 0.708923
6.15119 0.936305
6.42249 1.08997
6.68433 1.16774
6.94932 1.17825
7.27424 1.13864
7.41936 1.07093
7.66227 0.99765
7.89886 0.937817
8.11023 0.903862
8.30266 0.900163
8.45724 0.923306
8.55819 0.963924
8.62128 1.00959
8.6686 1.04806
8.69384 1.07018
8.68753 1.07174
8.67491 1.05408
8.63705 1.02329
8.58027 0.988359
8.49194 0.958688
8.35944 0.941754
8.21117 0.941317
8.03451 0.95667
7.81684 0.983046
7.59286 1.01301
7.36257 1.03846
7.11336 1.05277
6.87045 1.05243
6.60861 1.03786
6.33732 1.01324
6.04709 0.985339
5.74109 0.961698
5.44139 0.948656
5.09754 0.9497
4.75683 0.964549
4.40667 0.989236
4.05019 1.01713
3.70003 1.04069
3.3467 1.0534
2.99339 1.05158
2.65268 1.03538
2.30567 1.00882
1.94919 0.978868
1.59903 0.953654
1.23624 0.940347
0.870303 0.943204
0.491747 0.962288
0.119497 0.993236
-0.249598 1.02817
-0.615539 1.05759
-0.962551 1.07278
-1.31587 1.06824
-1.62818 1.0434
-1.94996 1.00324
-2.25596 0.95751
-2.58089 0.918663
-2.88374 0.898892
-3.21182 0.906873
-3.5052 0.944986
-3.82067 1.00768
-4.1109 1.08145
-4.38851 1.14656
-4.63457 1.18029
-4.86486 1.16106
-5.0636 1.07274
-5.25604 0.908141
-5.42323 0.671069
-5.60936 0.376374
-5.83334 0.0479849
-6.07625 -0.284768
-6.36963 -0.591848
-6.69141 -0.84735
-7.01949 -1.03354
-7.30656 -1.14338
-7.59995 -1.18104
-7.86809 -1.1604
-8.12993 -1.1019
-8.38861 -1.02839
-8.60313 -0.960839
-8.83027 -0.914775
-9.01324 -0.898099
-9.16151 -0.910595
-9.26561 -0.945142
-9.33501 -0.990228
-9.36025 -1.03314
-9.36971 -1.0631
-9.35709 -1.07362
-9.32239 -1.0637
-9.25299 -1.03756
-9.17728 -1.00322
-9.06056 -0.970211
-8.92175 -0.947112
-8.75455 -0.939426
-8.55266 -0.948382
-8.33498 -0.97083
-8.111 -1.00026
-7.86178 -1.02858
-7.61572 -1.04831
-7.35073 -1.05443
-7.06997 -1.04565
-6.80182 -1.02463
-6.51159 -0.997209
-6.2119 -0.970852
-5.88697 -0.952644
-5.57466 -0.947456
-5.24342 -0.956673
-4.90587 -0.977834
-4.58094 -1.00527
-4.24339 -1.03159
-3.91846 -1.0496
-3.58092 -1.05423
-3.24968 -1.04391
-2.91213 -1.02107
-2.57773 -0.9916
-2.24334 -0.963373
-1.89002 -0.944233
-1.5367 -0.939892
-1.18022 -0.952306
-0.8269 -0.978963
-0.473578 -1.01331
-0.126566 -1.04626
0.210981 -1.06846
0.535911 -1.07277
0.854531 -1.05634
1.16684 -1.0218
1.476 -0.977023
1.782 -0.933642
2.07854 -0.904356
2.37507 -0.899732
2.68107 -0.925128
2.97761 -0.978496
3.27415 -1.04963
3.55176 -1.12115
3.81044 -1.17114
4.04073 -1.17699
4.26156 -1.11975
4.46661 -0.988041
4.65589 -0.780832
4.86094 -0.508365
5.07861 -0.191039
5.3089 0.143594
5.58651 0.465196
5.87043 0.745528
6.1575 0.962945
6.42565 1.10564
6.69063 1.17304
6.9367 1.17518
7.19853 1.13015
7.43198 1.0603
7.6812 0.987907
7.92726 0.93119
8.15124 0.901482
8.34682 0.901991
8.49509 0.92831
8.63074 0.970441
8.73485 1.01579
8.79794 1.05238
8.8358 1.07169
8.85788 1.07029
8.85788 1.05029
8.83895 1.01833
8.78848 0.983592
8.72854 0.955356
8.62128 0.940649
8.49825 0.942615
8.33421 0.959917
8.14493 0.987298
7.93988 1.0171
7.71905 1.04131
7.50138 1.05365
7.27425 1.05116
7.02503 1.03482
