data = [-0.0760922 0.238126
-0.0760922 0.465196
-0.0603188 0.671069
0.0059295 0.84735
0.103723 0.988041
0.251992 1.08997
0.434962 1.15295
0.640014 1.17964
0.845067 1.17518
1.06589 1.14656
1.25517 1.1019
1.43814 1.04963
1.59587 0.99765
1.71575 0.95267
1.80724 0.919651
1.86717 0.901482
1.91134 0.898892
1.93342 0.910595
1.93027 0.933642
1.92396 0.963924
1.90188 0.996777
1.8861 1.02759
1.85771 1.05238
1.83247 1.06824
1.81355 1.07362
1.78515 1.06846
1.75361 1.05408
1.7126 1.03294
1.67159 1.00826
1.61796 0.983592
1.5454 0.962288
1.46653 0.947112
1.38136 0.939892
1.28041 0.941317
1.16369 0.950885
1.04066 0.967018
0.927088 0.987298
0.807211 1.00882
0.687334 1.02858
0.573767 1.04391
0.463353 1.05277
0.352941 1.05407
0.245683 1.04776
0.135269 1.03482
0.0280111 1.01713
-0.0950202 0.997209
-0.214897 0.977834
-0.328465 0.961698
-0.45465 0.951031
-0.583991 0.947305
-0.713333 0.951031
-0.845828 0.961698
-0.968859 0.977834
-1.08558 0.997209
-1.20861 1.01713
-1.31587 1.03482
-1.40736 1.04776
-1.49569 1.05407
-1.58086 1.05277
-1.65657 1.04391
-1.72282 1.02858
-1.78591 1.00882
-1.85532 0.987298
-1.91526 0.967018
-1.97519 0.950885
-2.03198 0.941317
-2.08876 0.939892
-2.15501 0.947112
-2.20233 0.962288
-2.24965 0.983592
-2.29381 1.00826
-2.33167 1.03294
-2.34429 1.05408
-2.34744 1.06846
-2.34744 1.07362
-2.34429 1.06824
-2.32221 1.05238
-2.30012 1.02759
-2.26858 0.996777
-2.24965 0.963924
-2.22441 0.933642
-2.19602 0.910595
-2.18025 0.898892
-2.15817 0.901482
-2.14239 0.919651
-2.114 0.95267
-2.08876 0.99765
-2.05091 1.04963
-1.99412 1.1019
-1.93734 1.14656
-1.87425 1.17518
-1.79222 1.17964
-1.68181 1.15295
-1.56824 1.08997
-1.45783 0.988041
-1.36004 0.84735
-1.29694 0.671069
-1.25278 0.465196
-1.22123 0.238126
-1.24962 1.38067e-14
-1.29379 -0.238126
-1.41367 -0.465196
-1.56509 -0.671069
-1.76383 -0.84735
-1.99097 -0.988041
-2.25911 -1.08997
-2.54619 -1.15295
-2.92159 -1.17964
-3.0951 -1.17518
-3.3033 -1.14656
-3.52097 -1.1019
-3.69133 -1.04963
-3.84906 -0.99765
-3.96894 -0.95267
-4.05411 -0.919651
-4.10143 -0.901482
-4.10774 -0.898892
-4.09828 -0.910595
-4.06042 -0.933642
-4.00995 -0.963924
-3.95632 -0.996777
-3.84591 -1.02759
-3.78597 -1.05238
-3.69133 -1.06824
-3.58407 -1.07362
-3.48312 -1.06846
-3.37271 -1.05408
-3.25598 -1.03294
-3.12349 -1.00826
-2.96891 -0.983592
-2.7954 -0.962288
-2.6219 -0.947112
-2.42631 -0.939892
-2.21495 -0.941317
-1.99097 -0.950885
-1.76699 -0.967018
-1.53985 -0.987298
-1.30641 -1.00882
-1.0635 -1.02858
-0.817435 -1.04391
-0.580837 -1.05277
-0.344239 -1.05407
-0.110794 -1.04776
0.119496 -1.03482
0.35925 -1.01713
0.586385 -0.997209
0.822984 -0.977834
1.05643 -0.961698
1.29303 -0.951031
1.53278 -0.947305
1.76938 -0.951031
2.00283 -0.961698
2.23311 -0.977834
2.44132 -0.997209
2.64637 -1.01713
2.84512 -1.03482
3.02809 -1.04776
3.19528 -1.05407
3.34986 -1.05277
3.49498 -1.04391
3.63378 -1.02858
3.75681 -1.00882
3.87669 -0.987298
3.99025 -0.967018
4.08489 -0.950885
4.17322 -0.941317
4.26786 -0.939892
4.34673 -0.947112
4.40982 -0.962288
4.47292 -0.983592
4.52339 -1.00826
4.55178 -1.03294
4.57702 -1.05408
4.58649 -1.06846
4.57387 -1.07362
4.55809 -1.06824
4.52339 -1.05238
4.49185 -1.02759
4.43822 -0.996777
4.39405 -0.963924
4.34042 -0.933642
4.28364 -0.910595
4.23316 -0.898892
4.17954 -0.901482
4.1196 -0.919651
4.05335 -0.95267
3.98079 -0.99765
3.90193 -1.04963
3.79467 -1.1019
3.6811 -1.14656
3.55491 -1.17518
3.4098 -1.17964
3.24576 -1.15295
3.09433 -1.08997
2.93029 -0.988041
2.76625 -0.84735
2.61798 -0.671069
2.49495 -0.465196
2.39716 -0.238126
2.3246 -1.61072e-13
2.30252 0.238126
2.31198 0.465196
2.38454 0.671069
2.48549 0.84735
2.61483 0.988041
2.78518 1.08997
2.94922 1.15295
3.13534 1.17964
3.312 1.17518
3.47605 1.14656
3.62116 1.1019
3.73473 1.04963
3.82621 0.99765
3.87038 0.95267
3.88931 0.919651
3.86407 0.901482
3.8199 0.898892
3.74735 0.910595
3.6464 0.933642
3.53914 0.963924
3.40034 0.996777
3.27415 1.02759
3.13219 1.05238
2.98707 1.06824
2.84196 1.07362
2.68423 1.06846
2.5265 1.05408
2.37823 1.03294
2.20472 1.00826
2.0186 0.983592
1.82616 0.962288
1.62427 0.947112
1.4066 0.939892
1.18892 0.941317
0.952325 0.950885
0.715727 0.967018
0.472817 0.987298
0.233064 1.00882
-0.00669036 1.02858
-0.23698 1.04391
-0.46727 1.05277
-0.700714 1.05407
-0.92154 1.04776
-1.15183 1.03482
-1.38843 1.01713
-1.60925 0.997209
-1.83954 0.977834
-2.06983 0.961698
-2.30328 0.951031
-2.53988 0.947305
-2.77332 0.951031
-3.01623 0.961698
-3.24021 0.977834
-3.43265 0.997209
-3.6377 1.01713
-3.83644 1.03482
-4.00995 1.04776
-4.1803 1.05407
-4.33803 1.05277
-4.49892 1.04391
-4.63772 1.02858
-4.76076 1.00882
-4.88694 0.987298
-4.99735 0.967018
-5.09199 0.950885
-5.18348 0.941317
-5.27812 0.939892
-5.35383 0.947112
-5.42639 0.962288
-5.47686 0.983592
-5.52734 1.00826
-5.54942 1.03294
-5.56519 1.05408
-5.56204 1.06846
-5.55257 1.07362
-5.50841 1.06824
-5.4674 1.05238
-5.398 1.02759
-5.3349 0.996777
-5.24973 0.963924
-5.16455 0.933642
-5.08253 0.910595
-4.99736 0.898892
-4.92795 0.901482
-4.83647 0.919651
-4.73867 0.95267
-4.64088 0.99765
-4.51785 1.04963
-4.39481 1.1019
-4.25917 1.14656
-4.09828 1.17518
-3.92162 1.17964
-3.74496 1.15295
-3.54306 1.08997
-3.35378 0.988041
-3.18027 0.84735
-3.0257 0.671069
-2.8932 0.465196
-2.79856 0.238126
-2.73547 3.09437e-13
-2.71338 -0.238126
-2.73862 -0.465196
-2.8238 -0.671069
-2.94367 -0.84735
-3.10772 -0.988041
-3.30015 -1.08997
-3.50836 -1.15295
-3.71341 -1.17964
-3.91846 -1.17518
-4.10143 -1.14656
-4.26863 -1.1019
-4.41059 -1.04963
-4.50838 -0.99765
-4.57463 -0.95267
-4.61564 -0.919651
-4.62195 -0.901482
-4.5904 -0.898892
-4.53047 -0.910595
-4.45475 -0.933642
-4.35696 -0.963924
-4.24339 -0.996777
-4.13298 -1.02759
-4.0131 -1.05238
-3.88692 -1.06824
-3.77335 -1.07362
-3.65347 -1.06846
-3.51782 -1.05408
-3.38217 -1.03294
-3.23075 -1.00826
-3.05409 -0.983592
-2.87427 -0.962288
-2.68184 -0.947112
-2.47047 -0.939892
-2.24334 -0.941317
-2.0162 -0.950885
-1.77014 -0.967018
-1.5367 -0.987298
-1.28748 -1.00882
-1.03826 -1.02858
-0.798509 -1.04391
-0.539826 -1.05277
-0.268526 -1.05407
-0.0161532 -1.04776
0.236219 -1.03482
0.485437 -1.01713
0.747273 -0.997209
0.996491 -0.977834
1.26779 -0.961698
1.52963 -0.951031
1.78831 -0.947305
2.06592 -0.951031
2.32775 -0.961698
2.58013 -0.977834
2.8325 -0.997209
3.0691 -1.01713
3.30254 -1.03482
3.52021 -1.04776
3.71896 -1.05407
3.91454 -1.05277
4.08489 -1.04391
4.26471 -1.02858
4.41613 -1.00882
4.57071 -0.987298
4.72213 -0.967018
4.85778 -0.950885
4.97766 -0.941317
5.09438 -0.939892
5.2111 -0.947112
5.30574 -0.962288
5.39092 -0.983592
5.46663 -1.00826
5.52657 -1.03294
5.57389 -1.05408
5.60544 -1.06846
5.61175 -1.07362
5.6149 -1.06824
5.59913 -1.05238
5.57389 -1.02759
5.5455 -0.996777
5.50764 -0.963924
5.46663 -0.933642
5.42247 -0.910595
5.37515 -0.898892
5.31836 -0.901482
5.25842 -0.919651
5.19533 -0.95267
5.11647 -0.99765
5.01236 -1.04963
4.90195 -1.1019
4.77576 -1.14656
4.62434 -1.17518
4.46976 -1.17964
4.28364 -1.15295
4.09436 -1.08997
3.90823 -0.988041
3.72527 -0.84735
3.55807 -0.671069
3.40665 -0.465196
3.28046 -0.238126
3.19213 2.78237e-13
3.12273 0.238126
3.10695 0.465196
3.14165 0.671069
3.2079 0.84735
3.30569 0.988041
3.43188 1.08997
3.56753 1.15295
3.72526 1.17964
3.86407 1.17518
3.99341 1.14656
4.09751 1.1019
4.19215 1.04963
4.23316 0.99765
4.24578 0.95267
4.23316 0.919651
4.17953 0.901482
4.10067 0.898892
3.99656 0.910595
3.86407 0.933642
3.72211 0.963924
3.56122 0.996777
3.40664 1.02759
3.2426 1.05238
3.06594 1.06824
2.90505 1.07362
2.74101 1.06846
2.5612 1.05408
2.38454 1.03294
2.19526 1.00826
1.99651 0.983592
1.78515 0.962288
1.57064 0.947112
1.35296 0.939892
1.12268 0.941317
0.882922 0.950885
0.630549 0.967018
0.390797 0.987298
0.138425 1.00882
-0.10133 1.02858
-0.341083 1.04391
-0.568219 1.05277
-0.804817 1.05407
-1.01618 1.04776
-1.25909 1.03482
-1.4736 1.01713
-1.70705 0.997209
-1.93103 0.977834
-2.16447 0.961698
-2.38845 0.951031
-2.62505 0.947305
-2.85219 0.951031
-3.07302 0.961698
-3.29384 0.977834
-3.49889 0.997209
-3.70079 1.01713
-3.88376 1.03482
-4.06358 1.04776
