data = [-0.10133 0.353709
-0.107639 0.671069
-0.0855562 0.922412
0.00277366 1.08997
0.141578 1.17056
0.337167 1.17518
0.570611 1.12571
0.800902 1.04963
1.01857 0.973929
1.2047 0.919651
1.34981 0.898276
1.476 0.910595
1.57064 0.948164
1.64319 0.996777
1.69367 1.04095
1.7473 1.06824
1.79777 1.07231
1.84509 1.05408
1.86087 1.02082
1.89557 0.983592
1.90818 0.953794
1.90503 0.939892
1.88926 0.945159
1.86402 0.967018
1.82616 0.998093
1.77253 1.02858
1.71891 1.04924
1.64004 1.05407
1.56748 1.04202
1.50124 1.01713
1.42552 0.987278
1.35612 0.961698
1.28356 0.948245
1.19208 0.951031
1.08167 0.969207
0.977562 0.997209
0.860841 1.02642
0.740964 1.04776
0.627397 1.0544
0.520138 1.04391
0.419189 1.0191
0.305622 0.987298
0.195208 0.958266
0.0911047 0.941317
-0.0413907 0.942436
-0.173886 0.962288
-0.303228 0.995708
-0.448342 1.03294
-0.571373 1.06229
-0.69125 1.07362
-0.801664 1.06156
-0.905767 1.02759
-0.997252 0.980326
-1.08874 0.933642
-1.19284 0.903108
-1.29379 0.901482
-1.41682 0.934434
-1.53354 0.99765
-1.6408 1.0762
-1.73229 1.14656
-1.80169 1.1809
-1.84901 1.15295
-1.89317 1.04393
-1.91526 0.84735
-1.95627 0.571356
-2.00043 0.238126
-2.09507 -0.119765
-2.25596 -0.465196
-2.49571 -0.763346
-2.78594 -0.988041
-3.13611 -1.12623
-3.5052 -1.17964
-3.8743 -1.1634
-4.2497 -1.1019
-4.60302 -1.02315
-4.91218 -0.95267
-5.19294 -0.908615
-5.40431 -0.898892
-5.55258 -0.920937
-5.67245 -0.963924
-5.77025 -1.01271
-5.85227 -1.05238
-5.91221 -1.07228
-5.95006 -1.06846
-5.9753 -1.04416
-5.97845 -1.00826
-5.95637 -0.972328
-5.89328 -0.947112
-5.80495 -0.939528
-5.68823 -0.950885
-5.54627 -0.976814
-5.39169 -1.00882
-5.24026 -1.03695
-5.06991 -1.05277
-4.90587 -1.05183
-4.72921 -1.03482
-4.54624 -1.00728
-4.35696 -0.977834
-4.13929 -0.955568
-3.909 -0.947305
-3.66609 -0.955568
-3.40741 -0.977834
-3.13295 -1.00728
-2.85219 -1.03482
-2.58404 -1.05183
-2.3159 -1.05277
-1.83008 -1.03695
-1.64396 -1.00882
-1.4736 -0.976814
-1.22754 -0.950885
-0.937313 -0.939528
-0.63762 -0.947112
-0.341083 -0.972328
-0.0477 -1.00826
0.242528 -1.04416
0.516983 -1.06846
0.800903 -1.07228
1.06589 -1.05238
1.32457 -1.01271
1.5801 -0.963924
1.83247 -0.920937
2.14478 -0.898892
2.31829 -0.908615
2.57382 -0.95267
2.82619 -1.02315
3.05963 -1.1019
3.25522 -1.1634
3.41926 -1.17964
3.57384 -1.12623
3.71265 -0.988041
3.83252 -0.763346
3.97133 -0.465196
4.1196 -0.119765
4.30572 0.238126
4.52655 0.571356
4.81362 0.84735
5.11331 1.04393
5.40038 1.15295
5.719 1.1809
5.9903 1.14656
6.25529 1.0762
6.52659 0.99765
6.78527 0.934434
7.02818 0.901482
7.21431 0.903108
7.36258 0.933642
7.47299 0.980326
7.5487 1.02759
7.60864 1.06156
7.64334 1.07362
7.67488 1.06229
7.66858 1.03294
7.64018 0.995708
7.58971 0.962288
7.514 0.942436
7.40043 0.941317
7.25532 0.958266
7.08812 0.987298
6.88938 1.0191
6.69063 1.04391
6.47612 1.0544
6.25845 1.04776
6.02185 1.02642
5.79471 0.997209
5.53603 0.969207
5.25842 0.951031
4.95873 0.948245
4.66535 0.961698
4.33411 0.987278
4.02495 1.01713
3.69372 1.04202
3.37825 1.05407
3.06279 1.04924
2.74417 1.02858
2.41924 0.998093
2.10693 0.967018
1.76307 0.945159
1.43814 0.939892
1.08798 0.953794
0.747272 0.983592
0.412879 1.02082
0.0658661 1.05408
-0.252753 1.07231
-0.580837 1.06824
-0.883684 1.04095
-1.18969 0.996777
-1.47676 0.948164
-1.76383 0.910595
-2.06037 0.898276
-2.36322 0.919651
-2.67237 0.973929
-2.9626 1.04963
-3.25914 1.12571
-3.49889 1.17518
-3.72918 1.17056
-3.92162 1.08997
-4.11721 0.922412
-4.31595 0.671069
-4.51469 0.353709
-4.74814 2.39484e-13
-5.03837 -0.353709
-5.36645 -0.671069
-5.72608 -0.922412
-6.07625 -1.08997
-6.42326 -1.17056
-6.73873 -1.17518
-7.04788 -1.12571
-7.34757 -1.04963
-7.62519 -0.973929
-7.88387 -0.919651
-8.12678 -0.898276
-8.37284 -0.910595
-8.58105 -0.948164
-8.73878 -0.996777
-8.88705 -1.04095
-8.98485 -1.06824
-9.06056 -1.07231
-9.11734 -1.05408
-9.13942 -1.02082
-9.12996 -0.983592
-9.0921 -0.953794
-9.01639 -0.939892
-8.91229 -0.945159
-8.78295 -0.967018
-8.6189 -0.998093
-8.43909 -1.02858
-8.24035 -1.04924
-8.03214 -1.05407
-7.81447 -1.04202
-7.58733 -1.01713
-7.33811 -0.987278
-7.08574 -0.961698
-6.81444 -0.948245
-6.51475 -0.951031
-6.2119 -0.969207
-5.90274 -0.997209
-5.58728 -1.02642
-5.26235 -1.04776
-4.95634 -1.0544
-4.6535 -1.04391
-4.34434 -1.0191
-4.03203 -0.987298
-3.70395 -0.958266
-3.38533 -0.941317
-3.05724 -0.942436
-2.70392 -0.962288
-2.36006 -0.995708
-2.00674 -1.03294
-1.65657 -1.06229
-1.32218 -1.07362
-1.0004 -1.06156
-0.669167 -1.02759
-0.347393 -0.980326
-0.0129997 -0.933642
0.327703 -0.903108
0.671561 -0.901482
1.0028 -0.934434
1.34981 -0.99765
1.67474 -1.0762
1.99652 -1.14656
2.29936 -1.1809
2.57697 -1.15295
2.84196 -1.04393
3.08172 -0.84735
3.31832 -0.571356
3.59592 -0.238126
3.89246 0.119765
4.2237 0.465196
4.57071 0.763346
4.89879 0.988041
5.21741 1.12623
5.52657 1.17964
5.81995 1.1634
6.10387 1.1019
6.39094 1.02315
6.64331 0.95267
6.89569 0.908615
7.1449 0.898892
7.38466 0.920937
7.6181 0.963924
7.83577 1.01271
8.02821 1.05238
8.19225 1.07228
8.31843 1.06846
8.42569 1.04416
8.49509 1.00826
8.52979 0.972328
8.53926 0.947112
8.49825 0.939528
8.45093 0.950885
8.35629 0.976814
8.2301 1.00882
8.09445 1.03695
7.93988 1.05277
7.76321 1.05183
7.57394 1.03482
7.37519 1.00728
7.13544 0.977834
6.902 0.955568
6.61808 0.947305
6.331 0.955568
6.02185 0.977834
5.70008 1.00728
5.37199 1.03482
5.05337 1.05183
4.70952 1.05277
4.39089 1.03695
4.05335 1.00882
3.71896 0.976814
3.36879 0.950885
3.01231 0.939528
2.64953 0.947112
2.2899 0.972328
1.90819 1.00826
1.5454 1.04416
1.17946 1.06846
0.826139 1.07228
0.472819 1.05238
0.132115 1.01271
-0.202278 0.963924
-0.552445 0.920937
-0.889993 0.898892
-1.24332 0.908615
-1.59033 0.95267
-1.94049 1.02315
-2.27804 1.1019
-2.59035 1.1634
-2.88374 1.17964
-3.13611 1.12623
-3.39163 0.988041
-3.63139 0.763346
-3.88692 0.465196
-4.16453 0.119765
-4.47684 -0.238126
-4.83647 -0.571356
-5.2308 -0.84735
-5.62198 -1.04393
-6.00369 -1.15295
-6.35386 -1.1809
-6.69772 -1.14656
-7.01318 -1.0762
-7.32549 -0.99765
-7.61888 -0.934434
-7.89018 -0.901482
-8.14255 -0.903108
-8.38861 -0.933642
-8.59682 -0.980326
-8.80188 -1.02759
-8.97223 -1.06156
-9.11418 -1.07362
-9.21829 -1.06229
-9.30977 -1.03294
-9.34763 -0.995708
-9.35709 -0.962288
-9.33186 -0.942436
-9.27823 -0.941317
-9.18674 -0.958266
-9.07002 -0.987298
-8.9186 -1.0191
-8.7514 -1.04391
-8.57789 -1.0544
-8.38861 -1.04776
-8.18672 -1.02642
-7.97535 -0.997209
-7.7356 -0.969207
-7.49269 -0.951031
-7.21508 -0.948245
-6.93116 -0.961698
-6.622 -0.987278
-6.32231 -1.01713
-5.99738 -1.04202
-5.69138 -1.05407
-5.38853 -1.04924
-5.06676 -1.02858
-4.76391 -0.998093
-4.44529 -0.967018
-4.12982 -0.945159
-3.78912 -0.939892
-3.44211 -0.953794
-3.10772 -0.983592
-2.77332 -1.02082
-2.42316 -1.05408
-2.08245 -1.07231
-1.7449 -1.06824
-1.41997 -1.04095
-1.09505 -0.996777
-0.770116 -0.948164
-0.429413 -0.910595
-0.0918655 -0.898276
0.251992 -0.919651
0.611623 -0.973929
0.955479 -1.04963
1.28987 -1.12571
1.61165 -1.17518
1.90819 -1.17056
2.17949 -1.08997
2.45079 -0.922412
2.70947 -0.671069
3.00285 -0.353709
3.29623 4.235e-13
3.64324 0.353709
4.00603 0.671069
4.36881 0.922412
4.71898 1.08997
5.04706 1.17056
5.36568 1.17518
5.66222 1.12571
5.95245 1.04963
6.23321 0.973929
6.50451 0.919651
6.76004 0.898276
7.02503 0.910595
7.26478 0.948164
7.49822 0.996777
7.71905 1.04095
7.93357 1.06824
8.11969 1.07231
8.27427 1.05408
8.40045 1.02082
8.48878 0.983592
8.5361 0.953794
8.55188 0.939892
8.52979 0.945159
8.47301 0.967018
8.37522 0.998093
8.28373 1.02858
8.14808 1.04924
8.00297 1.05407
7.84208 1.04202
7.67173 1.01713
7.46668 0.987278
7.2427 0.961698
6.98717 0.948245
6.71587 0.951031
6.43511 0.969207
6.12911 0.997209
5.82311 1.02642
5.50764 1.04776
5.1764 1.0544
4.86094 1.04391
4.5297 1.0191
4.19531 0.987298
3.86722 0.958266
3.51706 0.941317
3.16689 0.942436
2.80726 0.962288
2.44132 0.995708
2.08169 1.03294
1.72837 1.06229
1.38136 1.07362
1.04697 1.06156
0.706262 1.02759
0.381333 0.980326
0.0406298 0.933642
-0.290609 0.903108
-0.634466 0.901482
-0.984632 0.934434
-1.31587 0.99765
-1.6408 1.0762
