data = [-0.129722 0.421173
-0.126567 0.780832
-0.104484 1.03354
0.00592834 1.16106
0.185744 1.17518
0.39395 1.11171
0.63055 1.01794
0.845066 0.937817
1.04066 0.899732
1.20154 0.910595
1.32457 0.95751
1.43499 1.01579
1.52647 1.05992
1.6148 1.07341
1.69367 1.05408
1.76623 1.01331
1.82616 0.970211
1.86718 0.943204
1.88295 0.942615
1.88295 0.967018
1.86087 1.00456
1.84509 1.03846
1.81986 1.05423
1.79462 1.04565
1.76623 1.01713
1.74099 0.981531
1.70313 0.954527
1.6495 0.947907
1.58326 0.964549
1.50755 0.997209
1.4129 1.03159
1.32457 1.05243
1.24255 1.0501
1.16053 1.02491
1.0722 0.987298
0.993336 0.953654
0.886078 0.939426
0.772511 0.952306
0.64317 0.988359
0.513828 1.03294
0.384488 1.06626
0.258301 1.07169
0.147889 1.0434
0.0469392 0.990228
-0.0634734 0.933642
-0.167577 0.900163
-0.296919 0.910513
-0.432569 0.96946
-0.574528 1.0603
-0.713333 1.14656
-0.836364 1.18104
-0.92785 1.11975
-1.00041 0.936305
-1.08243 0.632024
-1.17707 0.238126
-1.31587 -0.191039
-1.52092 -0.591848
-1.81115 -0.908141
-2.17078 -1.10564
-2.59035 -1.17964
-3.03516 -1.15384
-3.46419 -1.07093
-3.87114 -0.978496
-4.26863 -0.914775
-4.6188 -0.898892
-4.89641 -0.92831
-5.16771 -0.983631
-5.38853 -1.03842
-5.58412 -1.07018
-5.75447 -1.06846
-5.90905 -1.03756
-6.03524 -0.993236
-6.13303 -0.955356
-6.19297 -0.939485
-6.2119 -0.950885
-6.21505 -0.983046
-6.18351 -1.02107
-6.13303 -1.04831
-6.06048 -1.0534
-5.98161 -1.03482
-5.88381 -1.00124
-5.77971 -0.967606
-5.64721 -0.948656
-5.49264 -0.952644
-5.31282 -0.977834
-5.12985 -1.01324
-4.92795 -1.04329
-4.7229 -1.05449
-4.51154 -1.04131
-4.29071 -1.00882
-4.06989 -0.97083
-3.84275 -0.944233
-3.58407 -0.941754
-3.32223 -0.966135
-3.05093 -1.00826
-2.76701 -1.05029
-2.49571 -1.07278
-2.22126 -1.0631
-1.94049 -1.0218
-1.64395 -0.963924
-1.36635 -0.914416
-1.06981 -0.898607
-0.748034 -0.93119
-0.438877 -1.00768
-0.129721 -1.1019
0.258303 -1.17114
0.460199 -1.16774
0.706263 -1.05393
0.958634 -0.814788
1.21416 -0.465196
1.48862 -0.0479849
1.81039 0.376374
2.18579 0.745528
2.61483 1.01158
3.04386 1.15295
3.45081 1.17825
3.84199 1.12115
4.2237 1.02839
4.57071 0.944986
5.01236 0.901482
5.23319 0.907233
5.55181 0.951236
5.8515 1.00959
6.13857 1.05634
6.40356 1.07362
6.67171 1.05759
6.89884 1.01833
7.1102 0.974494
7.25532 0.944992
7.37519 0.941317
7.44775 0.963373
7.48561 1.00026
7.4793 1.03538
7.46352 1.05365
7.40043 1.04776
7.37519 1.02094
7.29948 0.985339
7.22692 0.956673
7.09758 0.947456
6.93985 0.961698
6.76319 0.9932
6.55499 1.02818
6.34047 1.05116
6.10703 1.05158
5.87042 1.02858
5.62752 0.9916
5.37199 0.95667
5.08807 0.939715
4.79469 0.949553
4.48554 0.983592
4.15745 1.02817
3.83883 1.0637
3.5139 1.07277
3.19844 1.04806
2.88613 0.996777
2.57382 0.939265
2.24258 0.901991
1.90188 0.906873
1.55171 0.960839
1.2047 1.04963
0.867149 1.13864
0.542219 1.18124
0.236218 1.13232
-0.0382372 0.962945
-0.322156 0.671069
-0.612384 0.284768
-0.940468 -0.143594
-1.33165 -0.550606
-1.808 -0.878479
-2.30328 -1.08997
-2.7891 -1.17699
-3.25914 -1.1604
-3.70079 -1.08145
-4.12982 -0.987907
-4.53993 -0.919651
-4.94373 -0.898199
-5.32229 -0.923306
-5.68507 -0.977023
-6.02893 -1.03314
-6.37279 -1.06824
-6.6851 -1.07029
-6.98479 -1.04201
-7.26871 -0.998197
-7.53055 -0.958688
-7.76084 -0.939892
-7.94381 -0.948382
-8.08892 -0.978868
-8.20249 -1.0171
-8.29082 -1.04625
-8.35076 -1.05407
-8.39492 -1.03786
-8.4107 -1.00527
-8.4107 -0.970852
-8.38546 -0.9497
-8.32237 -0.951031
-8.22142 -0.974267
-8.09838 -1.00928
-7.95958 -1.04069
-7.80185 -1.05443
-7.6315 -1.04391
-7.44852 -1.01301
-7.24347 -0.974788
-7.0258 -0.94616
-6.78605 -0.940649
-6.53052 -0.962288
-6.24975 -1.00322
-5.96899 -1.04626
-5.67561 -1.07174
-5.40115 -1.06588
-5.11408 -1.02759
-4.827 -0.970441
-4.52731 -0.918663
-4.20869 -0.898099
-3.88376 -0.925128
-3.55252 -0.99765
-3.18974 -1.09179
-2.86165 -1.16619
-2.54303 -1.17304
-2.22757 -1.07274
-1.92787 -0.84735
-1.63134 -0.508365
-1.30325 -0.0958796
-0.924695 0.330879
-0.483043 0.708923
0.0311658 0.988041
0.539066 1.14338
1.03119 1.18029
1.49808 1.13015
1.95866 1.03897
2.394 0.95267
2.82303 0.903862
3.21737 0.904356
3.60539 0.945142
3.9871 1.00324
4.34358 1.05238
4.67797 1.07341
5.01552 1.0608
5.31205 1.02329
5.62121 0.978963
5.90197 0.947112
6.17958 0.940347
6.41303 0.959917
6.62123 0.995928
6.79158 1.03208
6.93354 1.05277
7.06288 1.0496
7.16698 1.02463
7.23639 0.989236
7.27424 0.959067
7.29317 0.947305
7.26163 0.959067
7.208 0.989236
7.13859 1.02463
7.05657 1.0496
6.95247 1.05277
6.81682 1.03208
6.66855 0.995928
6.50136 0.959917
6.29946 0.940347
6.08179 0.947112
5.84203 0.978963
5.57389 1.02329
5.31205 1.0608
5.03444 1.07341
4.75368 1.05238
4.48553 1.00324
4.20792 0.945142
3.9177 0.904356
3.59908 0.903862
3.27099 0.95267
2.93345 1.03897
2.59905 1.13015
2.27412 1.18029
1.97128 1.14338
1.66843 0.988041
1.39082 0.708923
1.08167 0.330879
0.734655 -0.0958796
0.324549 -0.508365
-0.167577 -0.84735
-0.697559 -1.07274
-1.22439 -1.17304
-1.74175 -1.16619
-2.23388 -1.09179
-2.71338 -0.99765
-3.17081 -0.925128
-3.61562 -0.898099
-4.0478 -0.918663
-4.47053 -0.970441
-4.87748 -1.02759
-5.2655 -1.06588
-5.66614 -1.07174
-6.12357 -1.04626
-6.34124 -1.00322
-6.66302 -0.962288
-6.95955 -0.940649
-7.19931 -0.94616
-7.41382 -0.974788
-7.59364 -1.01301
-7.74822 -1.04391
-7.87125 -1.05443
-7.98166 -1.04069
-8.06368 -1.00928
-8.12047 -0.974267
-8.1457 -0.951031
-8.14255 -0.9497
-8.10785 -0.970852
-8.02898 -1.00527
-7.9375 -1.03786
-7.82709 -1.05407
-7.7009 -1.04625
-7.56209 -1.0171
-7.40121 -0.978868
-7.21508 -0.948382
-7.01003 -0.939892
-6.78605 -0.958688
-6.53683 -0.998197
-6.27815 -1.04201
-6.01 -1.07029
-5.7387 -1.06824
-5.4674 -1.03314
-5.1961 -0.977023
-4.90903 -0.923306
-4.60618 -0.898199
-4.28756 -0.919651
-3.95316 -0.987907
-3.603 -1.08145
-3.25598 -1.1604
-2.92475 -1.17699
-2.60928 -1.08997
-2.30643 -0.878479
-1.99097 -0.550606
-1.65342 -0.143594
-1.27486 0.284768
-0.830056 0.671069
-0.315847 0.962945
0.198363 1.13232
0.687334 1.18124
1.17315 1.13864
1.64319 1.04963
2.09115 0.960839
2.51388 0.906873
2.93976 0.901991
3.32462 0.939265
3.71265 0.996777
4.0912 1.04806
4.44452 1.07277
4.78523 1.0637
5.107 1.02817
5.41616 0.983592
5.70638 0.949553
5.98084 0.939715
6.2269 0.95667
6.43826 0.9916
6.62123 1.02858
6.77896 1.05158
6.90831 1.05116
7.03134 1.02818
7.11336 0.9932
7.16699 0.961698
7.19222 0.947456
7.18276 0.956673
7.13228 0.985339
7.06604 1.02094
6.99032 1.04776
6.88622 1.05365
6.77266 1.03538
6.63069 1.00026
6.47296 0.963373
6.28053 0.941317
6.05655 0.944992
5.81995 0.974494
5.56127 1.01833
5.29628 1.05759
5.01867 1.07362
4.7663 1.05634
4.50762 1.00959
4.23947 0.951236
3.96186 0.907233
3.65902 0.901482
3.35933 0.944986
3.02493 1.02839
2.7 1.12115
2.38769 1.17825
2.088 1.15295
1.80724 1.01158
1.52332 0.745528
1.2394 0.376374
0.914469 -0.0479849
0.516983 -0.465196
0.0374751 -0.814788
-0.498814 -1.05393
-1.02564 -1.16774
-1.53354 -1.17114
-2.03198 -1.1019
-2.50202 -1.00768
-2.95629 -0.93119
-3.4011 -0.898607
-3.83013 -0.914416
-4.25601 -0.963924
-4.66612 -1.0218
-5.05098 -1.0631
-5.42639 -1.07278
-5.77025 -1.05029
-6.10148 -1.00826
-6.42642 -0.966135
-6.72611 -0.941754
-6.98795 -0.944233
-7.21824 -0.97083
-7.42644 -1.00882
-7.58418 -1.04131
-7.71352 -1.05449
-7.81762 -1.04329
-7.90595 -1.01324
-7.9722 -0.977834
-8.0069 -0.952644
-8.01005 -0.948656
-7.97851 -0.967606
-7.91541 -1.00124
-7.83655 -1.03482
-7.71983 -1.0534
-7.59995 -1.04831
-7.46114 -1.02107
-7.29079 -0.983046
-7.11729 -0.950885
-6.90277 -0.939485
-6.67563 -0.955356
-6.42957 -0.993236
-6.16773 -1.03756
-5.89328 -1.06846
-5.63144 -1.07018
-5.35383 -1.03842
-5.07307 -0.983631
-4.78599 -0.92831
-4.48315 -0.898892
-4.16452 -0.914775
-3.83329 -0.978496
-3.47996 -1.07093
-3.13611 -1.15384
-2.80487 -1.17964
-2.48309 -1.10564
-2.17078 -0.908141
-1.86794 -0.591848
-1.52408 -0.191039
-1.14552 0.238126
-0.700714 0.632024
-0.18335 0.936305
0.330858 1.11975
0.832447 1.18104
1.31826 1.14656
1.79462 1.0603
2.23627 0.96946
2.67161 0.910513
3.08802 0.900163
3.48236 0.933642
3.86722 0.990228
4.23001 1.0434
4.57702 1.07169
