data = [-0.145495 0.398866
-0.139186 0.745528
-0.117103 1
-0.00669038 1.14338
0.157352 1.1809
0.368714 1.13864
0.602158 1.05497
0.822983 0.96946
1.02804 0.912567
1.18577 0.898892
1.31511 0.925765
1.42237 0.977023
1.50439 1.0304
1.59587 1.06588
1.67474 1.07231
1.74099 1.05029
1.80724 1.01079
1.84825 0.970211
1.88295 0.944056
1.89872 0.941317
1.88295 0.96162
1.86402 0.995928
1.83247 1.03036
1.80093 1.05158
1.75992 1.05183
1.73153 1.03159
1.69998 0.999223
1.6495 0.967606
1.58641 0.949142
1.5107 0.951031
1.41921 0.972539
1.32457 1.00527
1.22678 1.03636
1.12268 1.0534
1.03119 1.04924
0.933398 1.02491
0.845067 0.989444
0.744119 0.95667
0.633706 0.939989
0.510674 0.947112
0.384487 0.976707
0.245683 1.01833
0.128961 1.05587
-0.000379854 1.07341
-0.110794 1.06156
-0.214897 1.0218
-0.325309 0.967172
-0.435723 0.918663
-0.549291 0.898074
-0.681786 0.919651
-0.804818 0.983157
-0.956242 1.07093
-1.06981 1.15028
-1.17076 1.18104
-1.25593 1.12623
-1.31903 0.962945
-1.37896 0.690149
-1.45152 0.330879
-1.56824 -0.0719492
-1.7386 -0.465196
-1.99728 -0.797982
-2.32221 -1.03354
-2.71338 -1.15719
-3.13611 -1.17825
-3.55252 -1.12571
-3.95947 -1.03897
-4.33803 -0.956696
-4.6882 -0.906873
-4.9942 -0.901009
-5.24342 -0.933642
-5.44847 -0.986933
-5.62513 -1.03842
-5.77971 -1.06926
-5.90905 -1.07029
-6.02893 -1.04416
-6.11411 -1.00322
-6.17089 -0.964181
-6.19297 -0.941754
-6.18035 -0.943385
-6.1425 -0.967018
-6.08571 -1.00241
-6.00054 -1.03538
-5.90274 -1.05325
-5.79864 -1.0496
-5.67245 -1.02642
-5.5368 -0.9932
-5.37592 -0.963097
-5.20872 -0.947907
-5.01313 -0.953552
-4.81439 -0.977834
-4.58725 -1.01127
-4.36643 -1.04069
-4.13614 -1.05429
-3.89638 -1.04625
-3.6724 -1.0191
-3.42634 -0.983046
-3.17081 -0.952237
-2.91213 -0.939426
-2.6219 -0.950891
-2.33167 -0.983592
-2.03198 -1.02575
-1.72598 -1.0608
-1.41998 -1.07357
-1.12975 -1.05634
-0.848983 -1.01271
-0.533516 -0.95751
-0.148649 -0.91245
0.0374763 -0.898607
0.289848 -0.928087
0.605314 -0.99765
0.90816 -1.08665
1.19523 -1.1604
1.47915 -1.17848
1.72522 -1.10564
1.94604 -0.922412
2.17633 -0.632024
2.40346 -0.261508
2.67476 0.143594
2.98392 0.529606
3.35617 0.84735
3.86722 1.06353
4.11329 1.16774
4.47607 1.17328
4.82309 1.11171
5.14801 1.02315
5.45086 0.944986
5.75055 0.902593
6.03762 0.904356
6.31839 0.942174
6.58022 0.996777
6.8389 1.04578
7.04396 1.07169
7.23008 1.06741
7.39412 1.03756
7.52977 0.995708
7.61179 0.958688
7.68119 0.940227
7.70012 0.94616
7.68435 0.972792
7.64649 1.00882
7.58655 1.03991
7.51084 1.05423
7.4162 1.04674
7.30264 1.02094
7.16068 0.987278
6.99348 0.959067
6.79474 0.947343
6.58022 0.956673
6.34678 0.983423
6.09125 1.01713
5.83888 1.0445
5.56442 1.05449
5.28681 1.04264
5.0029 1.01301
4.71898 0.976814
4.41613 0.948382
4.10067 0.939645
3.75365 0.955356
3.41611 0.990785
3.07856 1.03294
2.74732 1.06502
2.40977 1.07277
2.08169 1.05027
1.76623 1.00324
1.44761 0.948164
1.12268 0.907233
0.778819 0.900528
0.444425 0.937817
0.0911035 1.01278
-0.255908 1.1019
-0.583992 1.16877
-0.880529 1.17304
-1.15183 1.08155
-1.42629 0.878479
-1.68181 0.571356
-1.96258 0.191039
-2.30012 -0.214633
-2.68499 -0.591848
-3.13295 -0.893495
-3.58722 -1.08997
-4.02257 -1.17518
-4.44844 -1.16619
-4.83962 -1.09688
-5.23395 -1.00768
-5.61251 -0.934434
-5.96268 -0.899732
-6.30338 -0.908855
-6.63462 -0.951236
-6.93432 -1.00643
-7.22454 -1.05238
-7.49269 -1.07314
-7.75453 -1.0637
-7.99428 -1.03057
-8.21195 -0.988359
-8.39492 -0.953794
-8.52742 -0.939485
-8.63152 -0.949599
-8.68515 -0.978868
-8.71039 -1.01506
-8.71354 -1.04391
-8.70408 -1.0545
-8.67569 -1.04329
-8.61575 -1.0152
-8.53373 -0.981531
-8.43278 -0.955568
-8.29397 -0.947456
-8.1394 -0.960354
-7.94065 -0.989236
-7.72929 -1.0228
-7.51477 -1.04776
-7.27502 -1.05398
-7.03842 -1.03846
-6.78605 -1.0067
-6.52736 -0.97083
-6.24976 -0.945159
-5.95637 -0.940649
-5.65668 -0.960456
-5.34752 -0.998197
-5.02575 -1.03981
-4.71975 -1.06846
-4.39482 -1.07099
-4.09197 -1.0434
-3.77966 -0.993511
-3.46104 -0.939265
-3.13295 -0.903108
-2.7954 -0.903862
-2.43577 -0.948765
-2.08561 -1.02839
-1.72913 -1.11648
-1.39789 -1.17518
-1.07612 -1.16458
-0.776425 -1.05393
-0.479888 -0.831245
-0.183351 -0.508365
0.14158 -0.119765
0.507519 0.284768
0.94917 0.651692
1.40975 0.936305
1.88295 1.11289
2.32775 1.17964
2.75363 1.15721
3.16689 1.08145
3.55807 0.99274
3.93662 0.925128
4.29941 0.898276
4.65589 0.914416
4.99028 0.960702
5.3089 1.01579
5.61805 1.05818
5.90828 1.07362
6.18904 1.05923
6.45404 1.02329
6.71903 0.981259
6.97771 0.949553
7.18591 0.939528
7.35626 0.953654
7.49822 0.985164
7.59286 1.02107
7.66542 1.04732
7.70327 1.05407
7.73798 1.0393
7.74429 1.00928
7.71589 0.976033
7.66857 0.952644
7.60548 0.948245
7.4793 0.964549
7.33734 0.9952
7.16699 1.02818
6.9714 1.05041
6.78212 1.05277
6.56445 1.03376
6.33731 1.00026
6.09441 0.965173
5.83257 0.942615
5.54234 0.942436
5.23634 0.966135
4.91457 1.00574
4.58648 1.04626
4.25525 1.07106
3.93347 1.06824
3.61485 1.03582
3.29623 0.983631
2.98077 0.930937
2.64322 0.900163
2.29621 0.908615
1.93658 0.960839
1.56433 1.0443
1.21416 1.13015
0.873459 1.1794
0.554839 1.15295
0.255147 1.02276
-0.0445454 0.780832
-0.347392 0.443287
-0.694405 0.0479849
-1.38527 -0.353709
-1.66919 -0.708923
-2.03829 -0.975687
-2.53988 -1.13232
-3.02254 -1.18129
-3.48627 -1.14656
-3.93108 -1.06562
-4.36958 -0.978496
-4.78599 -0.917137
-5.18664 -0.898199
-5.57466 -0.920937
-5.95006 -0.970441
-6.30023 -1.02472
-6.63462 -1.0631
-6.95324 -1.07315
-7.24663 -1.05408
-7.52739 -1.01583
-7.78292 -0.974494
-8.01952 -0.946011
-8.19933 -0.940347
-8.34129 -0.958266
-8.45171 -0.9916
-8.54004 -1.02677
-8.59051 -1.0501
-8.61891 -1.05295
-8.62206 -1.03482
-8.60944 -1.00326
-8.56528 -0.970852
-8.49903 -0.95033
-8.40123 -0.9497
-8.25612 -0.969207
-8.10154 -1.00124
-7.91857 -1.03323
-7.73245 -1.05243
-7.51793 -1.05088
-7.30657 -1.02858
-7.06681 -0.993762
-6.82706 -0.959917
-6.54314 -0.94079
-6.26237 -0.944992
-5.95953 -0.972328
-5.64722 -1.01331
-5.33175 -1.05222
-5.02575 -1.07278
-4.71028 -1.06454
-4.40112 -1.02759
-4.09512 -0.973726
-3.7765 -0.923306
-3.45157 -0.898472
-3.11087 -0.914775
-2.75755 -0.973929
-2.39792 -1.0603
-2.06668 -1.14268
-1.72598 -1.18124
-1.40736 -1.13804
-1.11397 -0.988041
-0.82059 -0.727385
-0.514589 -0.376374
-0.177042 0.0239981
0.195208 0.421173
0.655788 0.763346
1.14476 1.01158
1.63373 1.14835
2.09115 1.18029
2.53596 1.13446
2.96499 1.04963
3.36248 0.965095
3.75366 0.910513
4.13221 0.899457
4.48869 0.92831
4.82624 0.980326
5.17009 1.03314
5.48556 1.06711
5.79156 1.07174
6.07548 1.04831
6.35309 1.00826
6.62123 0.968146
6.86414 0.943204
7.0755 0.941925
7.25216 0.963373
7.3815 0.998093
7.47614 1.03208
7.55816 1.05222
7.60548 1.05116
7.62756 1.02991
7.65595 0.997209
7.63703 0.966053
7.58656 0.948656
7.50138 0.951803
7.39727 0.974267
7.23954 1.00728
7.07866 1.03786
6.89253 1.05377
6.69379 1.04831
6.48874 1.02301
6.27737 0.987298
6.05024 0.955132
5.79787 0.939715
5.53603 0.948293
5.23634 0.978963
4.9398 1.02082
4.6338 1.05759
4.31518 1.07357
4.0218 1.05992
3.71265 1.01882
3.4098 0.963924
3.08803 0.916488
2.75363 0.898099
2.41293 0.922315
2.06592 0.987907
1.70944 1.0762
1.36559 1.15384
1.03119 1.18049
0.725191 1.11975
0.419189 0.949817
0.110033 0.671069
-0.205433 0.307895
-0.561909 -0.0958796
-0.975169 -0.486892
-1.46414 -0.814788
-1.9815 -1.04393
-2.4894 -1.16106
-2.96891 -1.17684
-3.42634 -1.12115
-3.89007 -1.03367
-4.30964 -0.95267
-4.71659 -0.905289
-5.12354 -0.901991
-5.49894 -0.936419
-5.86173 -0.990228
-6.20559 -1.04095
-6.52736 -1.07018
-6.84598 -1.06942
-7.13621 -1.04201
-7.42329 -1.0007
-7.67566 -0.962288
-7.89649 -0.941159
-8.06684 -0.944233
-8.18987 -0.968904
-8.28767 -1.00456
-8.35076 -1.03695
-8.3823 -1.05365
-8.39808 -1.04871
-8.41385 -1.02463
-8.37915 -0.991211
-8.32868 -0.961698
-8.23719 -0.947644
-8.12362 -0.954527
-7.97535 -0.979667
-7.81131 -1.01324
-7.62519 -1.04202
-7.42644 -1.05443
-7.21824 -1.04511
-6.9911 -1.0171
-6.74819 -0.980946
-6.49897 -0.950885
-6.22452 -0.939412
-5.93429 -0.952306
-5.65668 -0.98596
-5.33806 -1.02817
-5.00367 -1.06229
-4.68504 -1.07341
