data = [-0.120258 0.261508
-0.123412 0.508365
-0.104484 0.727385
-0.0382372 0.908141
0.0690208 1.04393
0.226754 1.13232
0.416033 1.17518
0.636859 1.17825
0.857685 1.15028
1.06905 1.1019
1.26463 1.0443
1.43183 0.987907
1.57064 0.941335
1.6842 0.910513
1.76623 0.898276
1.81355 0.904356
1.84194 0.925765
1.86402 0.95751
1.86402 0.993511
1.86087 1.02759
1.85771 1.05441
1.85456 1.07018
1.83878 1.07315
1.82301 1.0637
1.81039 1.04416
1.77884 1.01833
1.75045 0.990785
1.70944 0.966135
1.65897 0.948293
1.58326 0.939892
1.49808 0.941925
1.40029 0.953654
1.28987 0.972792
1.18262 0.995928
1.0722 1.0191
0.968098 1.03846
0.857686 1.05088
0.750428 1.05443
0.652633 1.04871
0.54222 1.03482
0.444426 1.0152
0.337167 0.9932
0.220445 0.972539
0.097414 0.956673
-0.0319267 0.948245
-0.167578 0.948656
-0.296919 0.95784
-0.426259 0.974267
-0.558755 0.9952
-0.688095 1.01713
-0.817437 1.03636
-0.92785 1.0496
-1.03195 1.0545
-1.14237 1.0501
-1.2307 1.03695
-1.31903 1.0171
-1.4042 0.993762
-1.49253 0.97083
-1.57455 0.952237
-1.65973 0.941317
-1.75437 0.940227
-1.84585 0.949553
-1.92156 0.968146
-2.00043 0.993236
-2.07299 1.02082
-2.13608 1.04626
-2.19287 1.06502
-2.23072 1.07341
-2.25596 1.06926
-2.27804 1.05238
-2.29066 1.02472
-2.29697 0.990228
-2.30328 0.954353
-2.31274 0.923306
-2.32536 0.903108
-2.33167 0.898607
-2.35375 0.912567
-2.36953 0.944986
-2.37584 0.99274
-2.37584 1.04963
-2.36637 1.10685
-2.33798 1.15384
-2.28751 1.1794
-2.22441 1.17304
-2.15501 1.12623
-2.06352 1.03354
-1.98781 0.893495
-1.9121 0.708923
-1.86794 0.486892
-1.85216 0.238126
-1.86478 -0.0239981
-1.92472 -0.284768
-2.0446 -0.529606
-2.22126 -0.745528
-2.42947 -0.922412
-2.68184 -1.05393
-2.94998 -1.13804
-3.23706 -1.17699
-3.50836 -1.17684
-3.7765 -1.14656
-4.00995 -1.09688
-4.22446 -1.03897
-4.38851 -0.983157
-4.50838 -0.937817
-4.60618 -0.908615
-4.66927 -0.898099
-4.68505 -0.905732
-4.6882 -0.92831
-4.64719 -0.960702
-4.59041 -0.996777
-4.52416 -1.0304
-4.44214 -1.05634
-4.36642 -1.07099
-4.27178 -1.07278
-4.17714 -1.06229
-4.06358 -1.04201
-3.94685 -1.01583
-3.80805 -0.988359
-3.66294 -0.964181
-3.42634 -0.947112
-3.29699 -0.939645
-3.12033 -0.942615
-2.90582 -0.955132
-2.67868 -0.974788
-2.47363 -0.998093
-2.24965 -1.02107
-2.01621 -1.03991
-1.7733 -1.05158
-1.53985 -1.05429
-1.31587 -1.04776
-1.06665 -1.03323
-0.833208 -1.01324
-0.580836 -0.991211
-0.334774 -0.970852
-0.0981749 -0.955568
0.157352 -0.947907
0.548528 -0.949142
0.696797 -0.959067
0.933397 -0.976033
1.19523 -0.997209
1.43814 -1.01905
1.6779 -1.03786
1.90503 -1.05041
2.12586 -1.05449
2.33406 -1.04924
2.53912 -1.03538
2.72208 -1.01506
2.91136 -0.9916
3.07541 -0.968904
3.23945 -0.950885
3.41295 -0.94079
3.57384 -0.940649
3.71896 -0.950891
3.86722 -0.970211
3.99341 -0.995708
4.09751 -1.02329
4.19846 -1.04831
4.27102 -1.06626
4.34989 -1.07357
4.40036 -1.06824
4.43822 -1.05027
4.46345 -1.0218
4.47923 -0.986933
4.49815 -0.951236
4.50446 -0.920937
4.50446 -0.901991
4.52023 -0.899091
4.51393 -0.914775
4.51393 -0.948765
4.51077 -0.99765
4.47607 -1.05497
4.4256 -1.11171
4.37828 -1.15721
4.29941 -1.18029
4.21108 -1.17056
4.0912 -1.11975
3.97133 -1.02276
3.84199 -0.878479
3.73157 -0.690149
3.63062 -0.465196
3.56122 -0.214633
3.5139 0.0479849
3.51075 0.307895
3.55176 0.550606
3.63693 0.763346
3.75681 0.936305
3.90508 1.06353
4.0912 1.14338
4.26786 1.17848
4.4603 1.17518
4.6338 1.14268
4.79469 1.09179
4.92088 1.03367
5.00605 0.978496
5.06284 0.934434
5.06599 0.906873
5.05022 0.898074
4.99974 0.907233
4.92718 0.930937
4.82624 0.963924
4.6969 1.00002
4.55809 1.03314
4.41929 1.05818
4.25209 1.07169
4.0912 1.07231
3.91454 1.0608
3.73473 1.03981
3.54229 1.01331
3.34355 0.98596
3.1385 0.962288
2.90505 0.946011
2.6653 0.939485
2.40662 0.943385
2.15425 0.95667
1.88295 0.976814
1.62111 1.00026
1.34035 1.02301
1.08798 1.04131
0.816675 1.05222
0.564303 1.05407
0.305621 1.04674
0.0564032 1.03159
-0.205433 1.01127
-0.464115 0.989236
-0.725951 0.969207
-0.990943 0.954527
-1.27171 0.947644
-1.5367 0.9497
-1.81115 0.960354
-2.07299 0.977834
-2.33798 0.999223
-2.59035 1.02094
-2.83011 1.0393
-3.07617 1.05116
-3.297 1.0544
-3.51151 1.04831
-3.72603 1.03376
-3.91846 1.01301
-4.11721 0.989444
-4.30964 0.967018
-4.4863 0.949599
-4.66927 0.940347
-4.84278 0.941159
-5.00682 0.952306
-5.1614 0.972328
-5.30967 0.998197
-5.43585 1.02575
-5.55257 1.05029
-5.6409 1.06741
-5.71031 1.07362
-5.76394 1.06711
-5.79864 1.04806
-5.8081 1.01882
-5.8428 0.983631
-5.83965 0.948164
-5.84911 0.918663
-5.8428 0.901009
-5.82703 0.899732
-5.8081 0.917137
-5.78602 0.95267
-5.74816 1.00263
-5.69138 1.0603
-5.62513 1.11648
-5.52734 1.1604
-5.41692 1.1809
-5.28443 1.16774
-5.14878 1.11289
-4.98474 1.01158
-4.81754 0.863096
-4.67874 0.671069
-4.54939 0.443287
-4.4516 0.191039
-4.3822 -0.0719492
-4.35381 -0.330879
-4.38851 -0.571356
-4.4516 -0.780832
-4.56832 -0.949817
-4.72605 -1.07274
-4.91849 -1.14835
-5.11092 -1.17964
-5.3002 -1.17328
-5.47686 -1.13864
-5.6346 -1.08665
-5.74816 -1.02839
-5.83649 -0.973929
-5.90274 -0.93119
-5.89959 -0.905289
-5.88381 -0.898199
-5.83334 -0.908855
-5.74501 -0.933642
-5.65037 -0.967172
-5.54311 -1.00324
-5.41377 -1.03582
-5.28758 -1.05992
-5.1614 -1.07228
-4.96581 -1.07174
-4.86486 -1.05923
-4.70082 -1.03756
-4.53047 -1.01079
-4.35696 -0.983592
-4.16768 -0.960456
-3.96578 -0.944992
-3.75127 -0.939412
-3.52413 -0.944233
-3.28753 -0.958266
-3.032 -0.978868
-2.78279 -1.00241
-2.52095 -1.02491
-2.26542 -1.04264
-2.00359 -1.05277
-1.7449 -1.05377
-1.47991 -1.04565
-1.22123 -1.02991
-0.949931 -1.00928
-0.684939 -0.987278
-0.401021 -0.967606
-0.126566 -0.953552
0.166817 -0.947456
0.447581 -0.95033
0.7315 -0.961698
1.02173 -0.979667
1.29618 -1.00124
1.5801 -1.0228
1.84194 -1.04069
2.10693 -1.05183
2.3593 -1.05423
2.58959 -1.04732
2.82934 -1.03208
3.05017 -1.01092
3.26153 -0.987298
3.48551 -0.965173
3.69687 -0.948382
3.90508 -0.939989
4.10698 -0.941754
4.30256 -0.953794
4.48869 -0.974494
4.65904 -1.0007
4.81677 -1.02817
4.9682 -1.05222
5.09754 -1.06846
5.21111 -1.07357
5.31836 -1.06588
5.40354 -1.04578
5.4824 -1.01579
5.55496 -0.980326
5.61174 -0.945142
5.66853 -0.916488
5.70954 -0.900163
5.75686 -0.900528
5.79787 -0.919651
5.82311 -0.956696
5.83888 -1.00768
5.83257 -1.06562
5.80733 -1.12115
5.77263 -1.1634
5.71585 -1.18124
5.63067 -1.16458
5.54234 -1.10564
5.43193 -1
5.31521 -0.84735
5.22057 -0.651692
5.13224 -0.421173
5.05653 -0.167356
5.01236 0.0958796
5.00605 0.353709
5.0376 0.591848
5.11962 0.797982
5.23003 0.962945
5.36884 1.08155
5.52657 1.15295
5.69061 1.18049
5.8515 1.17114
5.99661 1.13446
6.12911 1.08145
6.22375 1.02315
6.27422 0.96946
6.30577 0.928087
6.27737 0.903862
6.21428 0.898472
6.13226 0.910595
6.01238 0.936419
5.86096 0.970441
5.70323 1.00643
5.52657 1.03842
5.33098 1.06156
5.12593 1.07277
4.92718 1.07106
4.71267 1.05759
4.49184 1.03527
4.2584 1.00826
4.00918 0.981259
3.74419 0.958688
3.47605 0.944056
3.18266 0.939426
2.88297 0.945159
2.57382 0.959917
2.25204 0.980946
1.93973 1.00456
1.63688 1.02677
1.33088 1.04391
1.01542 1.05325
0.722035 1.0534
0.434961 1.0445
0.132114 1.02818
-0.151804 1.00728
-0.442033 0.985339
-0.735415 0.966053
-1.03826 0.952644
-1.33164 0.947343
-1.63449 0.951031
-1.91841 0.963097
-2.20548 0.981531
-2.49256 1.00326
-2.76386 1.02463
-3.02885 1.04202
-3.27807 1.05243
-3.52098 1.05398
-3.7418 1.04625
-3.96263 1.03036
-4.17714 1.00882
-4.36958 0.985164
-4.56832 0.963373
-4.75129 0.947235
-4.94373 0.939715
-5.11723 0.942436
-5.27497 0.955356
-5.43585 0.976707
-5.56835 1.00322
-5.69138 1.03057
-5.79233 1.05408
-5.88066 1.06942
-5.9406 1.07341
-5.97845 1.06454
-6.01 1.0434
-6.01946 1.01271
-6.02262 0.977023
-6.01316 0.942174
-6.00054 0.914416
-5.99423 0.899457
-5.97214 0.901482
-5.94375 0.922315
-5.90274 0.960839
-5.84596 1.01278
-5.77025 1.07093
-5.68507 1.12571
-5.58097 1.16619
-5.43585 1.18129
-5.29074 1.16106
-5.12354 1.098
-4.9595 0.988041
-4.79546 0.831245
-4.63773 0.632024
-4.50523 0.398866
-4.41059 0.143594
-4.33803 -0.119765
-4.30649 -0.376374
-4.3475 -0.612074
-4.41374 -0.814788
-4.53047 -0.975687
-4.68504 -1.08997
