data = [-0.145495 0.284768
-0.154959 0.550606
-0.123412 0.780832
-0.0508559 0.962945
0.0690208 1.08997
0.245682 1.16106
0.44758 1.18124
0.658942 1.1604
0.879769 1.11171
1.09113 1.04963
1.27725 0.987907
1.43183 0.937817
1.56117 0.906873
1.65581 0.898199
1.7126 0.910595
1.75992 0.939265
1.78515 0.977023
1.80408 1.01579
1.81355 1.04806
1.82616 1.06824
1.83878 1.07341
1.84194 1.0637
1.83878 1.04201
1.83247 1.01331
1.82301 0.983592
1.79462 0.958688
1.75992 0.943204
1.69051 0.939715
1.62742 0.948382
1.52963 0.967018
1.44445 0.9916
1.35928 1.0171
1.26779 1.03846
1.16684 1.05158
1.07536 1.05407
0.987027 1.04565
0.895542 1.02818
0.794592 1.00527
0.693644 0.981531
0.583231 0.961698
0.463354 0.9497
0.327703 0.947907
0.198363 0.956673
0.0627126 0.974267
-0.0634734 0.997209
-0.195969 1.02094
-0.319001 1.04069
-0.445187 1.05243
-0.561909 1.05365
-0.666014 1.04391
-0.770117 1.02491
-0.871065 1.00026
-0.965706 0.974788
-1.07927 0.953654
-1.18022 0.941317
-1.30641 0.940649
-1.42628 0.952306
-1.53985 0.974494
-1.64395 1.00322
-1.73544 1.03294
-1.82062 1.05759
-1.89633 1.07174
-1.95942 1.07169
-2.0099 1.05634
-2.05406 1.02759
-2.08245 0.990228
-2.11715 0.951236
-2.16132 0.918663
-2.19918 0.900163
-2.24965 0.901482
-2.29697 0.925128
-2.34114 0.96946
-2.38846 1.02839
-2.40107 1.09179
-2.42316 1.14656
-2.41685 1.17825
-2.39792 1.17304
-2.3506 1.11975
-2.29382 1.01158
-2.23703 0.84735
-2.19602 0.632024
-2.17078 0.376374
-2.19287 0.0958796
-2.26227 -0.191039
-2.38215 -0.465196
-2.54303 -0.708923
-2.7607 -0.908141
-3.01308 -1.05393
-3.3033 -1.14338
-3.58407 -1.17964
-3.88376 -1.17114
-4.15822 -1.13015
-4.4169 -1.07093
-4.63772 -1.00768
-4.81438 -0.95267
-4.95004 -0.914775
-5.05729 -0.898607
-5.11408 -0.904356
-5.13932 -0.92831
-5.1267 -0.963924
-5.10146 -1.00324
-5.06045 -1.03842
-4.9942 -1.0631
-4.92164 -1.07341
-4.85224 -1.06846
-4.69766 -1.05029
-4.62511 -1.02329
-4.55886 -0.993236
-4.42005 -0.966135
-4.26232 -0.947112
-4.09828 -0.939485
-3.90584 -0.944233
-3.71656 -0.959917
-3.51467 -0.983046
-3.28438 -1.00882
-3.06355 -1.03208
-2.84272 -1.04831
-2.61243 -1.05449
-2.3853 -1.0496
-2.15501 -1.03482
-1.83954 -1.01324
-1.65973 -0.989236
-1.42628 -0.967606
-1.14867 -0.952644
-0.886839 -0.947305
-0.612383 -0.952644
-0.331619 -0.967606
-0.0634734 -0.989236
0.226755 -1.01324
0.488591 -1.03482
0.734654 -1.0496
0.993336 -1.05449
1.23309 -1.04831
1.46338 -1.03208
1.7126 -1.00882
2.00598 -0.983046
2.17633 -0.959917
2.394 -0.944233
2.60852 -0.939485
2.81042 -0.947112
3.02178 -0.966135
3.22052 -0.993236
3.39718 -1.02329
3.56438 -1.05029
3.7158 -1.06846
3.85461 -1.07341
3.97448 -1.0631
4.07859 -1.03842
4.17322 -1.00324
4.2584 -0.963924
4.34988 -0.92831
4.43191 -0.904356
4.51077 -0.898607
4.57702 -0.914775
4.64642 -0.95267
4.6969 -1.00768
4.72213 -1.07093
4.73791 -1.13015
4.72844 -1.17114
4.6969 -1.17964
4.64958 -1.14338
4.61172 -1.05393
4.54232 -0.908141
4.48238 -0.708923
4.42875 -0.465196
4.38774 -0.191039
4.37828 0.0958796
4.4256 0.376374
4.50131 0.632024
4.6275 0.84735
4.77892 1.01158
4.95558 1.11975
5.17009 1.17304
5.38461 1.17825
5.58966 1.14656
5.77894 1.09179
5.93352 1.02839
6.0597 0.96946
6.14173 0.925128
6.18274 0.901482
6.18274 0.900163
6.15119 0.918663
6.09756 0.951236
6.0187 0.990228
5.92405 1.02759
5.81049 1.05634
5.68746 1.07169
5.54865 1.07174
5.39723 1.05759
5.22688 1.03294
5.0376 1.00322
4.84516 0.974494
4.60857 0.952306
4.37512 0.940649
4.10067 0.941317
3.83568 0.953654
3.5486 0.974788
3.25522 1.00026
2.98392 1.02491
2.69369 1.04391
2.40977 1.05365
2.11639 1.05243
1.84194 1.04069
1.56117 1.02094
1.27725 0.997209
0.983871 0.974267
0.684179 0.956673
0.384486 0.947907
0.0753301 0.9497
-0.240135 0.961698
-0.546137 0.981531
-0.852138 1.00527
-1.14552 1.02818
-1.44206 1.04565
-1.72282 1.05407
-2.00043 1.05158
-2.26227 1.03846
-2.50833 1.0171
-2.77017 0.9916
-3.01308 0.967018
-3.27176 0.948382
-3.51467 0.939715
-3.76704 0.943204
-3.99417 0.958688
-4.23708 0.983592
-4.45791 1.01331
-4.66927 1.04201
-4.84593 1.0637
-5.0289 1.07341
-5.18664 1.06824
-5.3349 1.04806
-5.46109 1.01579
-5.59043 0.977023
-5.69769 0.939265
-5.8081 0.910595
-5.90274 0.898199
-6.00054 0.906873
-6.08256 0.937817
-6.15196 0.987907
-6.21821 1.04963
-6.24344 1.11171
-6.24975 1.1604
-6.23713 1.18124
-6.18351 1.16106
-6.12988 1.08997
-6.04155 0.962945
-5.95953 0.780832
-5.87435 0.550606
-5.81441 0.284768
-5.78602 2.81591e-13
-5.78602 -0.284768
-5.83649 -0.550606
-5.93113 -0.780832
-6.05416 -0.962945
-6.21505 -1.08997
-6.41064 -1.16106
-6.60623 -1.18124
-6.79551 -1.1604
-6.96271 -1.11171
-7.11098 -1.04963
-7.2277 -0.987907
-7.28764 -0.937817
-7.32234 -0.906873
-7.31288 -0.898199
-7.2971 -0.910595
-7.20246 -0.939265
-7.12044 -0.977023
-7.00056 -1.01579
-6.89331 -1.04806
-6.76081 -1.06824
-6.62831 -1.07341
-6.47689 -1.0637
-6.32231 -1.04201
-6.15196 -1.01331
-5.96899 -0.983592
-5.76078 -0.958688
-5.54311 -0.943204
-5.30651 -0.939715
-5.07622 -0.948382
-4.82069 -0.967018
-4.56832 -0.9916
-4.30649 -1.0171
-4.04149 -1.03846
-3.77966 -1.05158
-3.51782 -1.05407
-3.24652 -1.04565
-2.95945 -1.02818
-2.66922 -1.00527
-2.37584 -0.981531
-2.08561 -0.961698
-1.78276 -0.9497
-1.47991 -0.947907
-1.16129 -0.956673
-0.725951 -0.974267
-0.517744 -0.997209
-0.208588 -1.02094
0.103723 -1.04069
0.416034 -1.05243
0.715727 -1.05365
1.00911 -1.04391
1.29303 -1.02491
1.57695 -1.00026
1.84194 -0.974788
2.11639 -0.953654
2.39085 -0.941317
2.64953 -0.940649
2.91452 -0.952306
3.16689 -0.974494
3.42242 -1.00322
3.64955 -1.03294
3.86407 -1.05759
4.06281 -1.07174
4.25524 -1.07169
4.43191 -1.05634
4.59279 -1.02759
4.75052 -0.990228
4.89879 -0.951236
5.04391 -0.918663
5.18271 -0.900163
5.32467 -0.901482
5.45401 -0.925128
5.56442 -0.96946
5.67799 -1.02839
5.76948 -1.09179
5.84203 -1.14656
5.87674 -1.17825
5.90197 -1.17304
5.90197 -1.11975
5.87674 -1.01158
5.85465 -0.84735
5.83257 -0.632024
5.8168 -0.376374
5.81995 -0.0958796
5.86096 0.191039
5.93668 0.465196
6.06917 0.708923
6.21113 0.908141
6.39094 1.05393
6.58969 1.14338
6.8042 1.17964
7.01872 1.17114
7.21431 1.13015
7.39097 1.07093
7.53293 1.00768
7.64334 0.95267
7.70959 0.914775
7.74113 0.898607
7.71905 0.904356
7.67488 0.92831
7.60864 0.963924
7.52031 1.00324
7.39727 1.03842
7.26163 1.0631
7.12282 1.07341
6.96193 1.06846
6.77896 1.05029
6.58338 1.02329
6.36886 0.993236
6.12595 0.966135
5.87674 0.947112
5.59282 0.939485
5.28997 0.944233
4.98397 0.959917
4.64642 0.983046
4.33096 1.00882
3.99656 1.03208
3.66532 1.04831
3.32778 1.05449
2.99023 1.0496
2.65584 1.03482
2.31513 1.01324
1.97443 0.989236
1.62111 0.967606
1.26148 0.952644
0.898696 0.947305
0.529602 0.952644
0.169971 0.967606
-0.189661 0.989236
-0.5556 1.01324
-0.912076 1.03482
-1.25909 1.0496
-1.59033 1.05449
-1.92472 1.04831
-2.23388 1.03208
-2.53988 1.00882
-2.83957 0.983046
-3.13295 0.959917
-3.43265 0.944233
-3.71972 0.939485
-4.00048 0.947112
-4.28756 0.966135
-4.54624 0.993236
-4.7923 1.02329
-5.03206 1.05029
-5.25288 1.06846
-5.45163 1.07341
-5.63775 1.0631
-5.79864 1.03842
-5.9406 1.00324
-6.08887 0.963924
-6.20874 0.92831
-6.33493 0.904356
-6.43588 0.898607
-6.54314 0.914775
-6.63147 0.95267
-6.70718 1.00768
-6.7545 1.07093
-6.77027 1.13015
-6.76081 1.17114
-6.74504 1.17964
-6.68825 1.14338
-6.60938 1.05393
-6.52105 0.908141
-6.42326 0.708923
-6.34124 0.465196
-6.27184 0.191039
-6.24029 -0.0958796
-6.22767 -0.376374
-6.29077 -0.632024
-6.3791 -0.84735
-6.50844 -1.01158
-6.65986 -1.11975
-6.8239 -1.17304
-7.00056 -1.17825
-7.1583 -1.14656
-7.30026 -1.09179
-7.41382 -1.02839
-7.49585 -0.96946
-7.52108 -0.925128
-7.52424 -0.901482
-7.48954 -0.900163
-7.42644 -0.918663
-7.32865 -0.951236
-7.22139 -0.990228
-7.0889 -1.02759
-6.96271 -1.05634
-6.81759 -1.07169
-6.66617 -1.07174
-6.50213 -1.05759
-6.32862 -1.03294
-6.14881 -1.00322
-5.94691 -0.974494
-5.74186 -0.952306
-5.51472 -0.940649
-5.2655 -0.941317
-5.01944 -0.953654
-4.76076 -0.974788
-4.49892 -1.00026
-4.24339 -1.02491
-3.98787 -1.04391
-3.73234 -1.05365
-3.4705 -1.05243
-3.20236 -1.04069
-2.93736 -1.02094
-2.6566 -0.997209
-2.3853 -0.974267
-2.09507 -0.956673
