data = [-0.145495 0.443287
-0.132876 0.814788
-0.107639 1.06353
0.00277366 1.17304
0.163661 1.1634
0.39395 1.08145
0.624241 0.983157
0.851375 0.914775
1.03119 0.899457
1.18262 0.933642
1.32142 0.993511
1.41921 1.04806
1.51701 1.07314
1.60534 1.0608
1.68736 1.02082
1.76623 0.974494
1.82301 0.944056
1.8514 0.942615
1.86402 0.968904
1.84825 1.00882
1.83563 1.04264
1.8167 1.05443
1.80093 1.0393
1.78831 1.00527
1.75676 0.969207
1.73152 0.948656
1.67474 0.953552
1.62427 0.981531
1.53909 1.01905
1.46969 1.04776
1.38451 1.05325
1.30249 1.03208
1.22047 0.993762
1.1353 0.95667
1.02804 0.939528
0.933397 0.952306
0.816675 0.990785
0.68418 1.03756
0.570612 1.06942
0.4602 1.06824
0.346631 1.0304
0.236219 0.970441
0.125806 0.916488
0.00908302 0.898607
-0.129722 0.934434
-0.265372 1.01794
-0.41364 1.11648
-0.536672 1.17825
-0.643931 1.14835
-0.729106 0.988041
-0.820592 0.690149
-0.899458 0.284768
-1.0288 -0.167356
-1.22439 -0.591848
-1.5367 -0.922412
-1.90579 -1.11975
-2.34429 -1.18129
-2.79541 -1.13864
-3.23075 -1.0443
-3.65032 -0.95267
-4.05411 -0.902593
-4.41374 -0.907233
-4.71975 -0.954353
-4.97843 -1.01579
-5.21503 -1.06156
-5.4327 -1.07278
-5.62829 -1.04831
-5.81126 -1.00322
-5.94691 -0.960456
-6.05101 -0.939892
-6.12672 -0.949599
-6.15512 -0.983046
-6.16773 -1.02301
-6.15827 -1.0501
-6.12357 -1.05183
-6.08571 -1.02818
-6.01631 -0.991211
-5.93744 -0.959067
-5.83019 -0.947343
-5.68823 -0.961698
-5.53996 -0.9952
-5.37276 -1.03159
-5.1961 -1.05295
-5.01313 -1.04831
-4.83647 -1.0191
-4.63457 -0.978868
-4.43267 -0.947235
-4.215 -0.940649
-3.97209 -0.964181
-3.71656 -1.00826
-3.44211 -1.05222
-3.18658 -1.07341
-2.92475 -1.05818
-2.66922 -1.00959
-2.39792 -0.948164
-2.12662 -0.904356
-1.84585 -0.905289
-1.54932 -0.960839
-1.22439 -1.05497
-0.915231 -1.14656
-0.618694 -1.18049
-0.347392 -1.10564
-0.0729375 -0.893495
0.192054 -0.550606
0.463354 -0.119765
1.04697 0.330879
1.33719 0.727385
1.60849 1.01158
2.06276 1.15719
2.51703 1.17518
2.94922 1.10685
3.37194 1.00768
3.76312 0.928087
4.14799 0.898099
4.50762 0.920937
4.85463 0.977023
5.18587 1.03582
5.51395 1.07018
5.81364 1.06741
6.10387 1.03294
6.4635 0.98596
6.61493 0.949553
6.82628 0.939989
6.99348 0.959917
7.12913 0.998093
7.21431 1.03538
7.27109 1.05398
7.30579 1.04565
7.32472 1.0152
7.33418 0.977834
7.29948 0.951803
7.23323 0.9497
7.15752 0.972539
7.02818 1.00928
6.88307 1.04202
6.7001 1.05449
6.55183 1.03991
6.27107 1.00456
6.15435 0.965173
5.93352 0.941317
5.68746 0.946011
5.41615 0.978963
5.12908 1.02575
4.82623 1.0637
4.53601 1.07228
4.23001 1.0434
3.93347 0.986933
3.62432 0.92831
3.30885 0.898472
2.99023 0.919651
2.64637 0.99274
2.29621 1.09179
1.96812 1.16877
1.64319 1.16774
1.33404 1.04393
1.05012 0.780832
0.759891 0.398866
0.438116 -0.0479849
0.037474 -0.486892
-0.432569 -0.84735
-0.96255 -1.08155
-1.49253 -1.17699
-2.00043 -1.15721
-2.49571 -1.07093
-2.9626 -0.973929
-3.42949 -0.910513
-3.85852 -0.901009
-4.28756 -0.939265
-4.6882 -1.00002
-5.08253 -1.05238
-5.48002 -1.07357
-5.81441 -1.05759
-6.15511 -1.01583
-6.48635 -0.970211
-6.78289 -0.942436
-7.04473 -0.944233
-7.27502 -0.972792
-7.46745 -1.01301
-7.63465 -1.04511
-7.7703 -1.05407
-7.89649 -1.03636
-7.98797 -1.00124
-8.04475 -0.966053
-8.08892 -0.947907
-8.09523 -0.955568
-8.07315 -0.985339
-8.00375 -1.0228
-7.93434 -1.0496
-7.84601 -1.05222
-7.7356 -1.02858
-7.60941 -0.989444
-7.46114 -0.953654
-7.28764 -0.939412
-7.0952 -0.955356
-6.87753 -0.995708
-6.64093 -1.04201
-6.39802 -1.07106
-6.15827 -1.06588
-5.91221 -1.02472
-5.6693 -0.963924
-5.40115 -0.91245
-5.12039 -0.899732
-4.81754 -0.941335
-4.50838 -1.02839
-4.18345 -1.12571
-3.85852 -1.18029
-3.55883 -1.13804
-3.26229 -0.962945
-2.97207 -0.651692
-2.66291 -0.238126
-2.29066 0.214633
-1.88686 0.632024
-1.37581 0.949817
-0.833209 1.13232
-0.303228 1.1809
0.207827 1.13015
0.715726 1.03367
1.20785 0.944986
1.66843 0.900528
2.11639 0.910595
2.55489 0.960702
2.96184 1.0218
3.35932 1.06454
3.74419 1.07174
4.10698 1.04416
4.45714 0.998197
4.78523 0.956988
5.11016 0.939485
5.40354 0.952237
5.67799 0.987298
5.89882 1.02677
6.11333 1.05158
6.2963 1.05041
6.45404 1.02463
6.58653 0.987278
6.69379 0.956673
6.77581 0.947644
6.82313 0.964549
6.82944 0.999223
6.81367 1.03482
6.77581 1.05377
6.72218 1.04625
6.65909 1.01506
6.58022 0.974788
6.47296 0.945159
6.33731 0.941754
6.17012 0.968146
5.97768 1.01331
5.77263 1.05587
5.55811 1.07362
5.32783 1.05441
5.11015 1.00324
4.87987 0.942174
4.63696 0.901991
4.37827 0.908615
4.07859 0.96946
3.77574 1.06562
3.46027 1.15384
3.17635 1.17848
2.89875 1.08997
2.64322 0.863096
2.37192 0.508365
2.07223 0.0719492
1.72206 -0.376374
1.28356 -0.763346
0.769356 -1.03354
0.229911 -1.16458
-0.315845 -1.17114
-0.830053 -1.09688
-1.3348 -0.99765
-1.81746 -0.922315
-2.29697 -0.898199
-2.7607 -0.925765
-3.1992 -0.983631
-3.64085 -1.04095
-4.06042 -1.07169
-4.47053 -1.06502
-4.86486 -1.02817
-5.2308 -0.981259
-5.58728 -0.947112
-5.9059 -0.94079
-6.19613 -0.963373
-6.44535 -1.00241
-6.66617 -1.03846
-6.86807 -1.0544
-7.04788 -1.04329
-7.20246 -1.01127
-7.3318 -0.974267
-7.43275 -0.95033
-7.499 -0.951031
-7.54632 -0.976033
-7.54947 -1.01324
-7.53055 -1.0445
-7.50215 -1.05423
-7.44222 -1.03695
-7.37597 -1.00026
-7.28448 -0.96162
-7.17091 -0.940347
-7.02895 -0.948293
-6.77974 -0.983592
-6.68825 -1.03057
-6.48635 -1.06626
-6.2813 -1.07099
-6.06047 -1.03842
-5.84596 -0.980326
-5.62198 -0.923306
-5.3696 -0.898074
-5.09515 -0.925128
-4.80808 -1.00263
-4.50207 -1.1019
-4.20869 -1.17328
-3.91215 -1.16106
-3.63454 -1.02276
-3.35378 -0.745528
-3.0604 -0.353709
-2.71654 0.0958796
-2.31274 0.529606
-1.83324 0.878479
-1.26855 1.098
-0.741724 1.17964
-0.211742 1.15028
0.308776 1.0603
0.81352 0.965095
1.28356 0.906873
1.74099 0.903108
2.18579 0.945142
2.61483 1.00643
3.02493 1.05634
3.40664 1.07357
3.78205 1.05408
4.16376 1.01079
4.48238 0.966135
4.81047 0.941159
5.12277 0.94616
5.39407 0.976814
5.64014 1.0171
5.85781 1.04732
6.05655 1.0534
6.23321 1.03323
6.37517 0.997209
6.4982 0.963097
6.57707 0.947456
6.6307 0.95784
6.65278 0.989236
6.65593 1.02642
6.61807 1.05116
6.58022 1.05088
6.51398 1.02491
6.45088 0.985164
6.36255 0.950885
6.23321 0.939645
6.08179 0.958688
5.89882 1.0007
5.70323 1.04626
5.49187 1.07231
5.28051 1.0631
5.0723 1.01882
4.82939 0.95751
4.59279 0.908855
4.33096 0.901482
4.05335 0.948765
3.76627 1.03897
3.47289 1.13446
3.19213 1.18124
2.92398 1.12623
2.68108 0.936305
2.41293 0.612074
2.12901 0.191039
1.80408 -0.261508
1.38767 -0.671069
0.873458 -0.975687
0.346631 -1.14338
-0.192814 -1.1794
-0.719642 -1.12115
-1.23701 -1.02315
-1.72913 -0.937817
-2.21179 -0.899091
-2.67237 -0.914416
-3.12033 -0.967172
-3.55568 -1.02759
-3.96894 -1.06711
-4.36327 -1.07029
-4.76707 -1.03981
-5.12354 -0.993236
-5.45794 -0.953794
-5.77656 -0.939426
-6.07309 -0.955132
-6.33178 -0.9916
-6.55891 -1.03036
-6.76712 -1.05277
-6.95325 -1.04871
-7.1236 -1.02094
-7.2624 -0.983423
-7.37281 -0.954527
-7.45168 -0.948245
-7.499 -0.967606
-7.51162 -1.00326
-7.50846 -1.03786
-7.47376 -1.05429
-7.44222 -1.04391
-7.38859 -1.01092
-7.30341 -0.97083
-7.20246 -0.943385
-7.07628 -0.943204
-6.91539 -0.972328
-6.74188 -1.01833
-6.54314 -1.05923
-6.33809 -1.07341
-6.13934 -1.05027
-5.91536 -0.996777
-5.68507 -0.936419
-5.45163 -0.900163
-5.17402 -0.912567
-4.8901 -0.978496
-4.5841 -1.0762
-4.2844 -1.1604
-3.99417 -1.17518
-3.71656 -1.07274
-3.42949 -0.831245
-3.13926 -0.465196
-2.81749 -0.0239981
-2.42946 0.421173
-1.97519 0.797982
-1.41997 1.05393
-0.87422 1.17056
-0.322156 1.16619
0.195208 1.08665
0.712572 0.987907
1.19523 0.917137
1.67474 0.898892
2.1227 0.930937
2.55489 0.990228
2.9713 1.04578
3.3751 1.07277
3.75681 1.06229
4.11644 1.02329
4.46661 0.976707
4.79785 0.944992
5.12908 0.941925
5.40669 0.967018
5.67168 1.0067
5.89566 1.04131
6.10072 1.0545
6.27738 1.04069
6.43826 1.00728
6.5613 0.970852
6.65593 0.949142
6.72218 0.952644
6.74742 0.979667
6.75373 1.01713
6.72849 1.04674
6.69694 1.05365
6.64016 1.03376
6.57391 0.995928
6.48874 0.958266
6.36571 0.939715
6.23005 0.950891
6.05339 0.988359
5.86727 1.03527
