data = [-0.145495 0.376374
-0.161269 0.708923
-0.123412 0.962945
-0.0287731 1.11975
0.12265 1.17964
0.337166 1.1604
0.551684 1.09179
0.788283 1.00768
0.993336 0.937817
1.17315 0.901482
1.31827 0.904356
1.43499 0.939265
1.51385 0.990228
1.57695 1.03842
1.64319 1.06824
1.70944 1.07174
1.76623 1.05029
1.81355 1.01331
1.86087 0.974494
1.88295 0.947112
1.88926 0.939715
1.86402 0.953654
1.84194 0.983046
1.80093 1.0171
1.76623 1.04391
1.71891 1.05449
1.6779 1.04565
1.64004 1.02094
1.58957 0.989236
1.51385 0.961698
1.44761 0.947907
1.35612 0.952644
1.25833 0.974267
1.14791 1.00527
1.04381 1.03482
0.930242 1.05243
0.829294 1.05158
0.7315 1.03208
0.627396 1.00026
0.526447 0.967018
0.40657 0.944233
0.280383 0.940649
0.157352 0.958688
0.0185471 0.993236
-0.117103 1.03294
-0.246444 1.0637
-0.366321 1.07341
-0.476734 1.05634
-0.580837 1.01579
-0.675478 0.963924
-0.779581 0.918663
-0.896303 0.898199
-1.02249 0.914775
-1.15183 0.96946
-1.27171 1.04963
-1.38527 1.13015
-1.48622 1.17825
-1.55878 1.16106
-1.61872 1.05393
-1.66288 0.84735
-1.71967 0.550606
-1.79222 0.191039
-1.91841 -0.191039
-2.09823 -0.550606
-2.36637 -0.84735
-2.70392 -1.05393
-3.07932 -1.16106
-3.48312 -1.17825
-3.88376 -1.13015
-4.27809 -1.04963
-4.64088 -0.96946
-4.96581 -0.914775
-5.24657 -0.898199
-5.46424 -0.918663
-5.64091 -0.963924
-5.78917 -1.01579
-5.90274 -1.05634
-6.01 -1.07341
-6.08887 -1.0637
-6.14565 -1.03294
-6.18035 -0.993236
-6.19297 -0.958688
-6.17404 -0.940649
-6.11411 -0.944233
-6.03208 -0.967018
-5.93113 -1.00026
-5.80495 -1.03208
-5.67561 -1.05158
-5.53365 -1.05243
-5.38538 -1.03482
-5.22449 -1.00527
-5.03837 -0.974267
-4.84909 -0.952644
-4.63457 -0.947907
-4.41374 -0.961698
-4.17714 -0.989236
-3.9437 -1.02094
-3.69133 -1.04565
-3.44211 -1.05449
-3.18343 -1.04391
-2.92159 -1.0171
-2.66922 -0.983046
-2.37268 -0.953654
-2.10769 -0.939715
-1.81431 -0.947112
-1.35373 -0.974494
-1.15183 -1.01331
-0.931004 -1.05029
-0.628156 -1.07174
-0.334774 -1.06824
-0.0571641 -1.03842
0.217291 -0.990228
0.475972 -0.939265
0.766201 -0.904356
1.05327 -0.901482
1.34981 -0.937817
1.64004 -1.00768
1.91134 -1.09179
2.19526 -1.1604
2.46656 -1.17964
2.60536 -1.11975
2.80726 -0.962945
2.97761 -0.708923
3.17005 -0.376374
3.37194 -8.05202e-14
3.62432 0.376374
3.92716 0.708923
4.27102 0.962945
4.61172 1.11975
4.94296 1.17964
5.25211 1.1604
5.54865 1.09179
5.83573 1.00768
6.1228 0.937817
6.45719 0.901482
6.6307 0.904356
6.87676 0.939265
7.07235 0.990228
7.2427 1.03842
7.37835 1.06824
7.48561 1.07174
7.57394 1.05029
7.64018 1.01331
7.67173 0.974494
7.67173 0.947112
7.64649 0.939715
7.57394 0.953654
7.49507 0.983046
7.37204 1.0171
7.23639 1.04391
7.09128 1.05449
6.93039 1.04565
6.75057 1.02094
6.55183 0.989236
6.331 0.961698
6.10071 0.947907
5.82941 0.952644
5.55812 0.974267
5.25842 1.00527
4.96504 1.03482
4.66535 1.05243
4.34673 1.05158
4.05019 1.03208
3.73788 1.00026
3.41611 0.967018
3.10064 0.944233
2.77887 0.940649
2.43186 0.958688
2.08484 0.993236
1.74099 1.03294
1.4129 1.0637
1.0722 1.07341
0.759891 1.05634
0.453889 1.01579
0.141578 0.963924
-0.161268 0.918663
-0.476734 0.898199
-0.795354 0.914775
-1.12659 0.96946
-1.44206 1.04963
-1.74806 1.13015
-2.03829 1.17825
-2.30643 1.16106
-2.54619 1.05393
-2.78279 0.84735
-3.00677 0.550606
-3.26229 0.191039
-3.55568 -0.191039
-3.90269 -0.550606
-4.30964 -0.84735
-4.71344 -1.05393
-5.12039 -1.16106
-5.50841 -1.17825
-5.85542 -1.13015
-6.2119 -1.04963
-6.53367 -0.96946
-6.8523 -0.914775
-7.14883 -0.898199
-7.4296 -0.918663
-7.7009 -0.963924
-7.94696 -1.01579
-8.18356 -1.05634
-8.38861 -1.07341
-8.57158 -1.0637
-8.71039 -1.03294
-8.83027 -0.993236
-8.92175 -0.958688
-8.95645 -0.940649
-8.95645 -0.944233
-8.93122 -0.967018
-8.87443 -1.00026
-8.77033 -1.03208
-8.682 -1.05158
-8.56528 -1.05243
-8.42647 -1.03482
-8.27189 -1.00527
-8.08892 -0.974267
-7.89964 -0.952644
-7.67881 -0.947907
-7.43906 -0.961698
-7.18038 -0.989236
-6.91223 -1.02094
-6.62201 -1.04565
-6.33493 -1.05449
-6.05101 -1.04391
-5.76394 -1.0171
-5.47371 -0.983046
-5.1614 -0.953654
-4.84909 -0.939715
-4.52731 -0.947112
-4.20238 -0.974494
-3.85537 -1.01331
-3.52729 -1.05029
-3.1992 -1.07174
-2.87743 -1.06824
-2.54619 -1.03842
-2.22126 -0.990228
-1.89633 -0.939265
-1.56824 -0.904356
-1.22439 -0.901482
-0.86791 -0.937817
-0.50828 -1.00768
-0.164422 -1.09179
0.195208 -1.1604
0.501209 -1.17964
0.804056 -1.11975
1.07851 -0.962945
1.35928 -0.708923
1.6495 -0.376374
1.96812 -3.74346e-13
2.34668 0.376374
2.75679 0.708923
3.41296 0.962945
3.65902 1.11975
3.96502 1.17964
4.32465 1.1604
4.6685 1.09179
5.00921 1.00768
5.32467 0.937817
5.62752 0.901482
5.92406 0.904356
6.20797 0.939265
6.47928 0.990228
6.74742 1.03842
6.99979 1.06824
7.23008 1.07174
7.47299 1.05029
7.69697 1.01331
7.87994 0.974494
7.99666 0.947112
8.10076 0.939715
8.15124 0.953654
8.18594 0.983046
8.17017 1.0171
8.14493 1.04391
8.09761 1.05449
8.03136 1.04565
7.94303 1.02094
7.82315 0.989236
7.68435 0.961698
7.50453 0.947907
7.30263 0.952644
7.08181 0.974267
6.82944 1.00527
6.57707 1.03482
6.28684 1.05243
6.01239 1.05158
5.72847 1.03208
5.42878 1.00026
5.12277 0.967018
4.79785 0.944233
4.45399 0.940649
4.10698 0.958688
3.55807 0.993236
3.36879 1.03294
3.02809 1.0637
2.67161 1.07341
2.33722 1.05634
1.99651 1.01579
1.66212 0.963924
1.33088 0.918663
0.974408 0.898199
0.617931 0.914775
0.239373 0.96946
-0.126567 1.04963
-0.479888 1.13015
-0.817436 1.17825
-1.12344 1.16106
-1.41682 1.05393
-1.69758 0.84735
-1.97835 0.550606
-2.2812 0.191039
-2.62505 -0.191039
-3.02254 -0.550606
-3.48312 -0.84735
-3.95947 -1.05393
-4.39797 -1.16106
-4.82385 -1.17825
-5.24657 -1.13015
-5.62513 -1.04963
-6.00369 -0.96946
-6.3507 -0.914775
-6.68825 -0.898199
-7.00056 -0.918663
-7.2971 -0.963924
-7.58417 -1.01579
-7.85548 -1.05634
-8.09523 -1.07341
-8.33498 -1.0637
-8.5495 -1.03294
-8.73563 -0.993236
-8.87443 -0.958688
-8.97854 -0.940649
-9.02586 -0.944233
-9.04478 -0.967018
-9.02901 -1.00026
-8.99746 -1.03208
-8.93437 -1.05158
-8.86181 -1.05243
-8.75456 -1.03482
-8.63468 -1.00527
-8.49272 -0.974267
-8.32552 -0.952644
-8.12993 -0.947907
-7.92172 -0.961698
-7.68512 -0.989236
-7.4296 -1.02094
-7.17091 -1.04565
-6.89646 -1.05449
-6.62831 -1.04391
-6.33809 -1.0171
-6.0447 -0.983046
-5.75132 -0.953654
-5.4327 -0.939715
-5.11723 -0.947112
-4.79546 -0.974494
-4.46422 -1.01331
-4.13298 -1.05029
-3.79543 -1.07174
-3.47681 -1.06824
-3.16135 -1.03842
-2.83326 -0.990228
-2.52095 -0.939265
-2.20233 -0.904356
-1.8427 -0.901482
-1.49253 -0.937817
-1.14867 -1.00768
-0.795353 -1.09179
-0.457805 -1.1604
-0.132876 -1.17964
0.173125 -1.11975
0.450736 -0.962945
0.747273 -0.708923
1.05012 -0.376374
1.39398 1.69394e-13
1.76938 0.376374
2.19841 0.708923
2.64953 0.962945
3.07225 1.11975
3.48866 1.17964
3.87038 1.1604
4.24578 1.09179
4.60226 1.00768
4.94927 0.937817
5.2742 0.901482
5.59913 0.904356
5.89882 0.939265
6.18589 0.990228
6.4635 1.03842
6.72534 1.06824
6.97771 1.07174
7.21746 1.05029
7.4509 1.01331
7.66542 0.974494
7.83262 0.947112
7.95565 0.939715
8.02821 0.953654
8.07868 0.983046
8.0913 1.0171
8.08183 1.04391
8.05344 1.05449
8.00928 1.04565
7.94934 1.02094
7.86101 0.989236
7.7569 0.961698
7.60548 0.947907
7.43513 0.952644
7.23954 0.974267
7.01872 1.00527
6.77581 1.03482
6.52344 1.05243
6.24898 1.05158
5.97768 1.03208
5.70007 1.00026
5.39723 0.967018
5.08176 0.944233
4.75683 0.940649
4.41929 0.958688
4.06597 0.993236
3.71264 1.03294
3.37194 1.0637
3.02493 1.07341
2.68738 1.05634
2.36246 1.01579
2.02806 0.963924
1.6842 0.918663
1.33719 0.898199
0.977561 0.914775
0.61793 0.96946
0.248837 1.04963
-0.107638 1.13015
-0.445186 1.17825
-0.754342 1.16106
-1.04773 1.05393
-1.32218 0.84735
-1.60295 0.550606
-1.91525 0.191039
-2.25911 -0.191039
-2.6566 -0.550606
-3.11087 -0.84735
-3.58091 -1.05393
-4.02572 -1.16106
-4.46422 -1.17825
-4.87432 -1.13015
-5.26866 -1.04963
-5.64406 -0.96946
-5.99738 -0.914775
-6.33493 -0.898199
-6.6504 -0.918663
-6.94062 -0.963924
-7.21824 -1.01579
-7.49269 -1.05634
-7.7356 -1.07341
-7.95958 -1.0637
-8.1741 -1.03294
-8.35391 -0.993236
-8.51165 -0.958688
-8.60629 -0.940649
