data = [-0.14234 0.780832
-0.151804 1.16106
-0.0981749 1.11171
0.0847942 0.937817
0.302466 0.910595
0.513827 1.01579
0.696797 1.07341
0.863994 1.01331
1.03435 0.943204
1.18892 0.967018
1.32457 1.03846
1.42868 1.04565
1.52647 0.981531
1.62742 0.947907
1.69998 0.997209
1.75045 1.05243
1.77885 1.02491
1.80408 0.953654
1.82616 0.952306
1.82301 1.03294
1.8167 1.07169
1.80093 0.990228
1.77884 0.900163
1.75361 0.96946
1.7126 1.14656
1.65266 1.11975
1.60534 0.632024
1.57064 -0.191039
1.49177 -0.908141
1.26464 -1.17964
0.889233 -1.07093
0.384488 -0.914775
-0.129721 -0.92831
-0.609228 -1.03842
-1.05719 -1.06846
-1.47991 -0.993236
-1.88686 -0.939485
-2.25596 -0.983046
-2.59982 -1.04831
-2.91528 -1.03482
-3.1992 -0.967606
-3.47997 -0.952644
-3.72287 -1.01324
-3.909 -1.05449
-4.10459 -1.00882
-4.25601 -0.944233
-4.41059 -0.966135
-4.53047 -1.05029
-4.60618 -1.0631
-4.67874 -0.963924
-4.74814 -0.898607
-4.7923 -1.00768
-4.80177 -1.17114
-4.80177 -1.05393
-4.7923 -0.465196
-4.78915 0.376374
-4.71028 1.01158
-4.47053 1.17825
-4.0825 1.02839
-3.59353 0.901482
-3.06986 0.951236
-2.58089 1.05634
-2.11084 1.05759
-1.65342 0.974494
-1.18968 0.941317
-0.754342 1.00026
-0.350547 1.05365
0.0374763 1.02094
0.40657 0.956673
0.763045 0.961698
1.09744 1.02818
1.38767 1.05158
1.67789 0.9916
1.94604 0.939715
2.19526 0.983592
2.41924 1.0637
2.62429 1.04806
2.82303 0.939265
3.00285 0.906873
3.15427 1.04963
3.28992 1.18124
3.4098 0.962945
3.53914 0.284768
3.64324 -0.550606
3.67479 -1.08997
3.52021 -1.1604
3.22368 -0.987907
2.85143 -0.898199
2.45394 -0.977023
2.09746 -1.06824
1.75676 -1.04201
1.40975 -0.958688
1.07536 -0.948382
0.756736 -1.0171
0.472819 -1.05407
0.204673 -1.00527
-0.0666281 -0.9497
-0.328465 -0.974267
-0.536672 -1.04069
-0.732261 -1.04391
-0.92785 -0.974788
-1.10451 -0.940649
-1.26855 -1.00322
-1.41051 -1.07174
-1.54616 -1.02759
-1.7386 -0.918663
-1.81431 -0.925128
-1.90264 -1.09179
-1.98466 -1.17304
-2.05091 -0.84735
-2.15501 -0.0958796
-2.22126 0.708923
-2.19917 1.14338
-1.98781 1.13015
-1.64711 0.95267
-1.24647 0.904356
-0.855291 1.00324
-0.505124 1.07341
-0.164422 1.02329
0.289848 0.947112
0.479127 0.959917
0.759891 1.03208
1.01542 1.0496
1.25833 0.989236
1.46653 0.947305
1.66843 0.989236
1.83878 1.0496
1.9902 1.03208
2.11954 0.959917
2.22996 0.947112
2.32144 1.02329
2.39085 1.07341
2.44763 1.00324
2.50757 0.904356
2.53281 0.95267
2.55489 1.13015
2.54858 1.14338
2.54227 0.708923
2.55489 -0.0958796
2.54227 -0.84735
2.39085 -1.17304
2.07223 -1.09179
1.62111 -0.925128
1.1416 -0.918663
0.67787 -1.02759
0.248837 -1.07174
-0.158113 -1.00322
-0.552445 -0.940649
-0.934159 -0.974788
-1.27486 -1.04391
-1.58086 -1.04069
-1.87109 -0.974267
-2.13924 -0.9497
-2.38214 -1.00527
-2.59035 -1.05407
-2.78279 -1.0171
-2.95945 -0.948382
-3.11087 -0.958688
-3.24337 -1.04201
-3.35693 -1.06824
-3.44527 -0.977023
-3.54937 -0.898199
-3.61877 -0.987907
-3.65978 -1.1604
-3.69133 -1.08997
-3.72603 -0.550606
-3.75758 0.284768
-3.72918 0.962945
-3.56199 1.18124
-3.24021 1.04963
-2.81118 0.906873
-2.3506 0.939265
-1.91841 1.04806
-1.51146 1.0637
-1.12344 0.983592
-0.72595 0.939715
-0.350547 0.9916
-0.0161532 1.05158
0.283539 1.02818
0.576922 0.961698
0.860841 0.956673
1.11006 1.02094
1.33088 1.05365
1.53278 1.00026
1.7126 0.941317
1.88295 0.974494
2.02491 1.05759
2.13847 1.05634
2.24258 0.951236
2.34668 0.901482
2.43501 1.02839
2.49179 1.17825
2.5265 1.01158
2.59274 0.376374
2.63375 -0.465196
2.62429 -1.05393
2.43501 -1.17114
2.08169 -1.00768
1.64319 -0.898607
1.19839 -0.963924
0.788283 -1.0631
0.40657 -1.05029
0.0311658 -0.966135
-0.337928 -0.944233
-0.669167 -1.00882
-0.97517 -1.05449
-1.2654 -1.01324
-1.53985 -0.952644
-1.78276 -0.967606
-2.00674 -1.03482
-2.20233 -1.04831
-2.37899 -0.983046
-2.54303 -0.939485
-2.68499 -0.993236
-2.7954 -1.06846
-2.8932 -1.03842
-2.98153 -0.92831
-3.06355 -0.914775
-3.12664 -1.07093
-3.15819 -1.17964
-3.19289 -0.908141
-3.2339 -0.191039
-3.25914 0.632024
-3.18343 1.11975
-2.94052 1.14656
-2.55881 0.96946
-2.09507 0.900163
-1.6408 0.990228
-1.23385 1.07169
-0.839519 1.03294
-0.438877 0.952306
-0.0603176 0.953654
0.280383 1.02491
0.602158 1.05243
0.898696 0.997209
1.17 0.947907
1.42868 0.981531
1.65266 1.04565
1.8514 1.03846
2.03122 0.967018
2.19841 0.943204
2.34353 1.01331
2.45709 1.07341
2.55804 1.01579
2.65584 0.910595
2.73155 0.937817
2.78833 1.11171
2.81357 1.16106
2.82934 0.780832
2.87035 8.42711e-13
2.87351 -0.780832
2.77256 -1.16106
2.26151 -1.11171
1.95866 -0.937817
1.57379 -0.910595
1.10375 -1.01579
0.687333 -1.07341
0.27092 -1.01331
-0.129721 -0.943204
-0.511434 -0.967018
-0.864755 -1.03846
-1.17391 -1.04565
-1.47676 -0.981531
-1.75437 -0.947907
-2.01305 -0.997209
-2.24334 -1.05243
-2.43262 -1.02491
-2.61874 -0.953654
-2.78594 -0.952306
-2.9279 -1.03294
-3.05093 -1.07169
-3.15188 -0.990228
-3.25598 -0.900163
-3.3317 -0.96946
-3.39479 -1.14656
-3.42318 -1.11975
-3.46419 -0.632024
-3.5052 0.191039
-3.49574 0.908141
-3.34747 1.17964
-3.04462 1.07093
-2.61559 0.914775
-2.15186 0.92831
-1.71336 1.03842
-1.29379 1.06846
-0.899457 0.993236
-0.495661 0.939485
-0.120256 0.983046
0.217291 1.04831
0.532756 1.03482
0.832448 0.967606
1.11637 0.952644
1.43814 1.01324
1.58325 1.05449
1.77884 1.00882
1.97443 0.944233
2.15109 0.966135
2.28674 1.05029
2.40977 1.0631
2.53281 0.963924
2.63691 0.898607
2.72524 1.00768
2.77887 1.17114
2.81988 1.05393
2.88297 0.465196
2.93029 -0.376374
2.92714 -1.01158
2.75048 -1.17825
2.40977 -1.02839
1.96812 -0.901482
1.5107 -0.951236
1.09428 -1.05634
0.703108 -1.05759
0.31824 -0.974494
-0.0540094 -0.941317
-0.416794 -1.00026
-0.73226 -1.05365
-1.03195 -1.02094
-1.31272 -0.956673
-1.56509 -0.961698
-1.79222 -1.02818
-2.00043 -1.05158
-2.18025 -0.9916
-2.35375 -0.939715
-2.50518 -0.983592
-2.63136 -1.0637
-2.74809 -1.04806
-2.85534 -0.939265
-2.96576 -0.906873
-3.03831 -1.04963
-3.07617 -1.18124
-3.09194 -0.962945
-3.13295 -0.284768
-3.16765 0.550606
-3.12664 1.08997
-2.91528 1.1604
-2.56827 0.987907
-2.12031 0.898199
-1.68497 0.977023
-1.27486 1.06824
-0.883684 1.04201
-0.486197 0.958688
-0.113947 0.948382
0.242529 1.0171
0.554839 1.05407
0.854531 1.00527
1.12583 0.9497
1.37189 0.974267
1.58957 1.04069
1.79146 1.04391
1.96181 0.974788
2.13847 0.940649
2.27728 1.00322
2.38454 1.07174
2.48233 1.02759
2.58328 0.918663
2.6653 0.925128
2.72524 1.09179
2.7631 1.17304
2.79149 0.84735
2.8325 0.0958796
2.84196 -0.708923
2.74417 -1.14338
2.48233 -1.13015
2.06592 -0.95267
1.59587 -0.904356
1.15107 -1.00324
0.734653 -1.07341
0.327703 -1.02329
-0.0634734 -0.947112
-0.435722 -0.959917
-0.77958 -1.03208
-1.10135 -1.0496
-1.38527 -0.989236
-1.66919 -0.947305
-1.92787 -0.989236
-2.13608 -1.0496
-2.33483 -1.03208
-2.51464 -0.959917
-2.67868 -0.947112
-2.83011 -1.02329
-2.94367 -1.07341
-3.04147 -1.00324
-3.13611 -0.904356
-3.22128 -0.95267
-3.28122 -1.13015
-3.31277 -1.14338
-3.34431 -0.708923
-3.39163 0.0958796
-3.38848 0.84735
-3.2686 1.17304
-2.96576 1.09179
-2.54619 0.925128
-2.09192 0.918663
-1.64711 1.02759
-1.24647 1.07174
-0.83952 1.00322
-0.451497 0.940649
-0.0729375 0.974788
0.258301 1.04391
0.573766 1.04069
0.873458 0.974267
1.16053 0.9497
1.40659 1.00527
1.62427 1.05407
1.8167 1.0171
1.99336 0.948382
2.16371 0.958688
2.29936 1.04201
2.42555 1.06824
2.53911 0.977023
2.63691 0.898199
2.72208 0.987907
2.78202 1.1604
2.81672 1.08997
2.85458 0.550606
2.89559 -0.284768
2.88613 -0.962945
2.72524 -1.18124
2.39716 -1.04963
1.9555 -0.906873
1.49808 -0.939265
1.06589 -1.04806
0.665252 -1.0637
0.280384 -0.983592
-0.110792 -0.939715
-0.473578 -0.9916
-0.798508 -1.05158
-1.10451 -1.02818
-1.38843 -0.961698
-1.65973 -0.956673
-1.89002 -1.02094
-2.09507 -1.05365
-2.27489 -1.00026
-2.45786 -0.941317
-2.61243 -0.974494
-2.74178 -1.05759
-2.84272 -1.05634
-2.94683 -0.951236
-3.03831 -0.901482
-3.10772 -1.02839
-3.15188 -1.17825
-3.18027 -1.01158
-3.22759 -0.376374
-3.25598 0.465196
-3.21497 1.05393
-3.00992 1.17114
-2.65029 1.00768
-2.20233 0.898607
-1.74175 0.963924
-1.31272 1.0631
-0.912075 1.05029
-0.517744 0.966135
-0.129721 0.944233
0.2236 1.00882
