data = [-0.145495 0.708923
-0.14234 1.11975
-0.104485 1.1604
0.0721754 1.00768
0.280383 0.901482
0.516982 0.939265
0.709416 1.03842
0.867149 1.07174
1.03435 1.01331
1.19523 0.947112
1.34035 0.953654
1.45076 1.0171
1.5454 1.05449
1.63373 1.02094
1.70944 0.961698
1.75992 0.952644
1.80093 1.00527
1.81355 1.05243
1.82616 1.03208
1.8167 0.967018
1.82932 0.940649
1.80724 0.993236
1.77884 1.0637
1.73783 1.05634
1.70629 0.963924
1.67474 0.898199
1.63058 0.96946
1.55802 1.13015
1.47284 1.16106
1.39082 0.84735
1.33404 0.191039
1.26148 -0.550606
1.08798 -1.05393
0.747273 -1.17825
0.286694 -1.04963
-0.246444 -0.914775
-0.757497 -0.918663
-1.24016 -1.01579
-1.67235 -1.07341
-2.08876 -1.03294
-2.4894 -0.958688
-2.87112 -0.944233
-3.20866 -1.00026
-3.49574 -1.05158
-3.76704 -1.03482
-4.02257 -0.974267
-4.24339 -0.947907
-4.45475 -0.989236
-4.61564 -1.04565
-4.75129 -1.04391
-4.88063 -0.983046
-4.98158 -0.939715
-5.0636 -0.974494
-5.11723 -1.05029
-5.14247 -1.06824
-5.16771 -0.990228
-5.18663 -0.904356
-5.17717 -0.937817
-5.12039 -1.09179
-5.05414 -1.17964
-4.96896 -0.962945
-4.9248 -0.376374
-4.83647 0.376374
-4.66612 0.962945
-4.36011 1.17964
-3.90269 1.09179
-3.35693 0.937817
-2.7954 0.904356
-2.24965 0.990228
-1.72598 1.06824
-1.22754 1.05029
-0.73857 0.974494
-0.249598 0.939715
0.207827 0.983046
0.63055 1.04391
1.03119 1.04565
1.41921 0.989236
1.782 0.947907
2.12901 0.974267
2.43501 1.03482
2.70947 1.05158
2.97761 1.00026
3.21737 0.944233
3.45396 0.958688
3.65271 1.03294
3.8199 1.07341
3.98079 1.01579
4.12906 0.918663
4.26786 0.914775
4.36881 1.04963
4.44768 1.17825
4.50446 1.05393
4.58333 0.550606
4.63696 -0.191039
4.61803 -0.84735
4.47607 -1.16106
4.18584 -1.13015
3.75366 -0.96946
3.25522 -0.898199
2.81988 -0.963924
2.40347 -1.05634
1.99021 -1.0637
1.58326 -0.993236
1.18892 -0.940649
0.807211 -0.967018
0.327704 -1.03208
0.128961 -1.05243
-0.195969 -1.00527
-0.498816 -0.952644
-0.795353 -0.961698
-1.06034 -1.02094
-1.30325 -1.05449
-1.53354 -1.0171
-1.75752 -0.953654
-1.96258 -0.947112
-2.15501 -1.01331
-2.30959 -1.07174
-2.46732 -1.03842
-2.62821 -0.939265
-2.83011 -0.901482
-2.90266 -1.00768
-3.00361 -1.1604
-3.07301 -1.11975
-3.17081 -0.708923
-3.26229 -1.6104e-13
-3.31277 0.708923
-3.24968 1.11975
-3.01308 1.1604
-2.66922 1.00768
-2.2528 0.901482
-1.83323 0.939265
-1.45468 1.03842
-1.0982 1.07174
-0.757498 1.01331
-0.416795 0.947112
-0.0950214 0.953654
0.207825 1.0171
0.466507 1.05449
0.715726 1.02094
0.952325 0.961698
1.16684 0.952644
1.35927 1.00527
1.5107 1.05243
1.65266 1.03208
1.80724 0.967018
1.93658 0.940649
2.04068 0.993236
2.13847 1.0637
2.21418 1.05634
2.29936 0.963924
2.37192 0.898199
2.42555 0.96946
2.44763 1.13015
2.4634 1.16106
2.47287 0.84735
2.49811 0.191039
2.50757 -0.550606
2.41608 -1.05393
2.16371 -1.17825
1.77253 -1.04963
1.29934 -0.914775
0.829293 -0.918663
0.409724 -1.01579
-0.000381023 -1.07341
-0.375784 -1.03294
-0.754342 -0.958688
-1.10451 -0.944233
-1.42628 -1.00026
-1.71651 -1.05158
-1.9815 -1.03482
-2.23388 -0.974267
-2.46732 -0.947907
-2.67237 -0.989236
-2.86165 -1.04565
-3.01623 -1.04391
-3.17081 -0.983046
-3.31908 -0.939715
-3.44842 -0.974494
-3.54621 -1.05029
-3.63454 -1.06824
-3.7071 -0.990228
-3.79228 -0.904356
-3.86483 -0.937817
-3.89323 -1.09179
-3.909 -1.17964
-3.91846 -0.962945
-3.94054 -0.376374
-3.95316 0.376374
-3.88061 0.962945
-3.66293 1.17964
-3.30015 1.09179
-2.8585 0.937817
-2.37584 0.904356
-1.91841 0.990228
-1.49569 1.06824
-1.10136 1.05029
-0.700714 0.974494
-0.306383 0.939715
0.0532474 0.983046
0.368713 1.04391
0.67156 1.04565
0.968099 0.989236
1.23624 0.947907
1.49493 0.974267
1.70944 1.03482
1.92396 1.05158
2.10693 1.00026
2.27412 0.944233
2.44447 0.958688
2.58328 1.03294
2.69054 1.07341
2.79149 1.01579
2.89559 0.918663
2.98708 0.914775
3.05648 1.04963
3.09433 1.17825
3.11957 1.05393
3.1732 0.550606
3.21105 -0.191039
3.19528 -0.84735
3.03124 -1.16106
2.71262 -1.13015
2.27728 -0.96946
1.80093 -0.898199
1.35612 -0.963924
0.94917 -1.05634
0.564303 -1.0637
0.185744 -0.993236
-0.189659 -0.940649
-0.533517 -0.967018
-0.855292 -1.03208
-1.12975 -1.05243
-1.38527 -1.00527
-1.64711 -0.952644
-1.87109 -0.961698
-2.08876 -1.02094
-2.26858 -1.05449
-2.43262 -1.0171
-2.60612 -0.953654
-2.7544 -0.947112
-2.88058 -1.01331
-2.97837 -1.07174
-3.08248 -1.03842
-3.1645 -0.939265
-3.26545 -0.901482
-3.32854 -1.00768
-3.3664 -1.1604
-3.39794 -1.11975
-3.4358 -0.708923
-3.49258 -7.48693e-13
-3.49574 0.708923
-3.38533 1.11975
-3.11402 1.1604
-2.71338 1.00768
-2.26858 0.901482
-1.82377 0.939265
-1.41997 1.03842
-1.03511 1.07174
-0.662858 1.01331
-0.306383 0.947112
0.0469392 0.953654
0.365559 1.0171
0.643168 1.05449
0.895541 1.02094
1.17 0.961698
1.40028 0.952644
1.60849 1.00527
1.782 1.05243
1.93658 1.03208
2.08484 0.967018
2.2268 0.940649
2.34984 0.993236
2.45078 1.0637
2.52965 1.05634
2.60852 0.963924
2.68107 0.898199
2.74417 0.96946
2.77887 1.13015
2.78518 1.16106
2.81042 0.84735
2.84512 0.191039
2.82934 -0.550606
2.75363 -1.05393
2.51703 -1.17825
2.14163 -1.04963
1.67474 -0.914775
1.21731 -0.918663
0.788284 -1.01579
0.397105 -1.07341
0.0185471 -1.03294
-0.356856 -0.958688
-0.713333 -0.944233
-1.03511 -1.00026
-1.32534 -1.05158
-1.58402 -1.03482
-1.83324 -0.974267
-2.06352 -0.947907
-2.27804 -0.989236
-2.44208 -1.04565
-2.60297 -1.04391
-2.75124 -0.983046
-2.89004 -0.939715
-3.01308 -0.974494
-3.09825 -1.05029
-3.18027 -1.06824
-3.25914 -0.990228
-3.33485 -0.904356
-3.39479 -0.937817
-3.4358 -1.09179
-3.43895 -1.17964
-3.46104 -0.962945
-3.48627 -0.376374
-3.48943 0.376374
-3.42634 0.962945
-3.20866 1.17964
-2.86165 1.09179
-2.41369 0.937817
-1.93734 0.904356
-1.48622 0.990228
-1.07612 1.06824
-0.688095 1.05029
-0.303228 0.974494
0.0690219 0.939715
0.409724 0.983046
0.715725 1.04391
0.99018 1.04565
1.26779 0.989236
1.52647 0.947907
1.75676 0.974267
1.9555 1.03482
2.13216 1.05158
2.29305 1.00026
2.45078 0.944233
2.58643 0.958688
2.69685 1.03294
2.78518 1.07341
2.87351 1.01579
2.95553 0.918663
3.02493 0.914775
3.0691 1.04963
3.08802 1.17825
3.1038 1.05393
3.11957 0.550606
3.14796 -0.191039
3.11011 -0.84735
2.93345 -1.16106
2.60536 -1.13015
2.13532 -0.96946
1.66212 -0.898199
1.19208 -0.963924
0.769355 -1.05634
0.378178 -1.0637
-0.00668923 -0.993236
-0.388403 -0.940649
-0.73857 -0.967018
-1.04142 -1.03208
-1.33165 -1.05243
-1.60925 -1.00527
-1.86478 -0.952644
-2.09823 -0.961698
-2.30643 -1.02094
-2.47994 -1.05449
-2.65029 -1.0171
-2.81118 -0.953654
-2.95314 -0.947112
-3.07932 -1.01331
-3.17712 -1.07174
-3.26545 -1.03842
-3.36009 -0.939265
-3.44211 -0.901482
-3.5052 -1.00768
-3.53675 -1.1604
-3.55568 -1.11975
-3.59038 -0.708923
-3.63139 3.38788e-13
-3.62508 0.708923
-3.49889 1.11975
-3.21813 1.1604
-2.81433 1.00768
-2.35691 0.901482
-1.89948 0.939265
-1.46414 1.03842
-1.06665 1.07174
-0.681786 1.01331
-0.296917 0.947112
0.0721766 0.953654
0.397106 1.0171
0.696798 1.05449
0.980717 1.02094
1.24886 0.961698
1.50754 0.952644
1.72206 1.00527
1.91134 1.05243
2.09431 1.03208
2.25835 0.967018
2.40977 0.940649
2.54227 0.993236
2.64953 1.0637
2.74417 1.05634
2.83565 0.963924
2.91136 0.898199
2.98077 0.96946
3.02178 1.13015
3.0407 1.16106
3.07541 0.84735
3.1038 0.191039
3.11011 -0.550606
3.0344 -1.05393
2.78202 -1.17825
2.39716 -1.04963
1.93342 -0.914775
1.46969 -0.918663
1.0375 -1.01579
0.646324 -1.07341
0.267766 -1.03294
-0.113947 -0.958688
-0.464115 -0.944233
-0.792199 -1.00026
-1.08243 -1.05158
-1.34426 -1.03482
-1.59664 -0.974267
-1.83639 -0.947907
-2.04775 -0.989236
-2.23388 -1.04565
-2.40107 -1.04391
-2.55565 -0.983046
-2.69761 -0.939715
-2.81749 -0.974494
-2.93105 -1.05029
-3.01939 -1.06824
-3.10141 -0.990228
-3.18343 -0.904356
-3.25283 -0.937817
-3.30331 -1.09179
-3.30331 -1.17964
-3.32223 -0.962945
-3.36009 -0.376374
-3.36324 0.376374
-3.29384 0.962945
-3.09194 1.17964
-2.74493 1.09179
-2.30328 0.937817
-1.82693 0.904356
-1.38527 0.990228
-0.978323 1.06824
-0.587147 1.05029
-0.199123 0.974494
0.176281 0.939715
0.526448 0.983046
0.822984 1.04391
1.11321 1.04565
1.38767 0.989236
1.6495 0.947907
1.87979 0.974267
2.09431 1.03482
