data = [-0.180197 0.508365
-0.161268 0.908141
-0.136031 1.13232
-0.0129997 1.17825
0.182589 1.1019
0.412879 0.987907
0.643168 0.910513
0.848222 0.904356
1.02173 0.95751
1.15422 1.02759
1.28041 1.07018
1.4066 1.0637
1.5107 1.01833
1.61796 0.966135
1.70313 0.939892
1.75361 0.953654
1.79462 0.995928
1.81355 1.03846
1.82616 1.05443
1.82616 1.03482
1.83878 0.9932
1.83247 0.956673
1.81355 0.948656
1.78515 0.974267
1.7473 1.01713
1.69367 1.0496
1.64004 1.0501
1.58641 1.0171
1.52963 0.97083
1.46022 0.941317
1.38136 0.949553
1.28041 0.993236
1.18577 1.04626
1.08167 1.07341
0.987027 1.05238
0.901851 0.990228
0.81352 0.923306
0.712572 0.898607
0.592695 0.944986
0.460199 1.04963
0.318239 1.15384
0.188899 1.17304
0.0942594 1.03354
-0.000381018 0.708923
-0.0887109 0.238126
-0.227516 -0.284768
-0.451497 -0.745528
-0.776426 -1.05393
-1.20546 -1.17699
-1.6755 -1.14656
-2.16447 -1.03897
-2.61874 -0.937817
-3.07302 -0.898099
-3.47997 -0.92831
-3.84591 -0.996777
-4.18345 -1.05634
-4.47684 -1.07278
-4.76391 -1.04201
-5.01944 -0.988359
-5.25919 -0.947112
-5.44847 -0.942615
-5.5999 -0.974788
-5.71662 -1.02107
-5.81126 -1.05158
-5.89012 -1.04776
-5.93429 -1.01324
-5.97846 -0.970852
-5.98792 -0.947907
-5.98476 -0.959067
-5.93744 -0.997209
-5.86489 -1.03786
-5.77025 -1.05449
-5.67561 -1.03538
-5.57466 -0.9916
-5.45163 -0.950885
-5.30967 -0.940649
-5.15824 -0.970211
-4.98474 -1.02329
-4.80177 -1.06626
-4.60618 -1.06824
-4.41374 -1.0218
-4.20238 -0.951236
-3.99733 -0.901991
-3.75757 -0.914775
-3.50836 -0.99765
-3.22128 -1.11171
-2.95629 -1.18029
-2.6913 -1.11975
-2.4547 -0.878479
-2.19917 -0.465196
-1.92472 0.0479849
-1.59664 0.550606
-1.17391 0.936305
-0.647083 1.14338
-0.0950214 1.17518
0.44758 1.09179
0.958635 0.978496
1.45707 0.906873
1.93973 0.907233
2.41608 0.963924
2.8672 1.03314
3.30254 1.07169
3.72211 1.0608
4.11329 1.01331
4.47607 0.962288
5.11962 0.939485
5.32467 0.95667
5.50133 1.00026
5.72531 1.04131
5.96507 1.05407
6.17327 1.03159
6.3594 0.989236
6.50136 0.954527
6.63701 0.9497
6.71587 0.977834
6.78212 1.02094
6.81997 1.05116
6.82313 1.04831
6.81051 1.01301
6.74426 0.967018
6.68117 0.940347
6.6307 0.952306
6.53921 0.998197
6.4004 1.05029
6.23952 1.07362
6.07863 1.04806
5.89566 0.983631
5.70954 0.918663
5.4824 0.899732
5.25212 0.95267
4.96189 1.0603
4.68112 1.1604
4.40036 1.16774
4.13537 1.01158
3.87669 0.671069
3.59277 0.191039
3.28046 -0.330879
2.67161 -0.780832
2.34984 -1.07274
1.75676 -1.17964
1.18577 -1.13864
0.608467 -1.02839
0.0564032 -0.93119
-0.498817 -0.898199
-1.04142 -0.933642
-1.54616 -1.00324
-2.06037 -1.05992
-2.53672 -1.07174
-3.00677 -1.03756
-3.46104 -0.983592
-3.89007 -0.944992
-4.30018 -0.944233
-4.66927 -0.978868
-5.00366 -1.02491
-5.30336 -1.05277
-5.59043 -1.04565
-5.85858 -1.00928
-6.09518 -0.967606
-6.30969 -0.947456
-6.4832 -0.961698
-6.63462 -1.00124
-6.74504 -1.04069
-6.84914 -1.05423
-6.92801 -1.03208
-6.99741 -0.987298
-7.03211 -0.948382
-7.0605 -0.941754
-7.04788 -0.974494
-7.00056 -1.02817
-6.94694 -1.06846
-6.86491 -1.06588
-6.77658 -1.01579
-6.6851 -0.945142
-6.56207 -0.900163
-6.41064 -0.919651
-6.23083 -1.00768
-6.02893 -1.12115
-5.82703 -1.18124
-5.63144 -1.10564
-5.43901 -0.84735
-5.23711 -0.421173
-5.00366 0.0958796
-4.69451 0.591848
-4.27494 0.962945
-3.74811 1.15295
-3.14242 1.17114
-2.5525 1.08145
-1.97519 0.96946
-1.4042 0.903862
-0.842672 0.910595
-0.309536 0.970441
0.226754 1.03842
0.734653 1.07277
1.22678 1.05759
1.70313 1.00826
2.14794 0.958688
2.58959 0.939426
2.99654 0.959917
3.37194 1.00456
3.70949 1.04391
4.0218 1.0534
4.30257 1.02818
4.57702 0.985339
4.82308 0.952644
5.03129 0.951031
5.2111 0.981531
5.35306 1.02463
5.47925 1.05243
5.57704 1.04625
5.65906 1.00882
5.719 0.963373
5.76001 0.939715
5.76632 0.955356
5.74109 1.00322
5.69692 1.05408
5.63698 1.07341
5.56758 1.0434
5.47925 0.977023
5.38145 0.914416
5.25211 0.901482
5.0723 0.960839
4.91141 1.07093
4.70005 1.16619
4.50131 1.16106
4.30257 0.988041
4.12906 0.632024
3.93347 0.143594
3.66848 -0.376374
3.31516 -0.814788
2.84827 -1.08997
2.28674 -1.18104
1.69051 -1.13015
1.10375 -1.01794
0.532755 -0.925128
-0.0193079 -0.898892
-0.561909 -0.939265
-1.08243 -1.00959
-1.57455 -1.0631
-2.06037 -1.07029
-2.53041 -1.03294
-2.97207 -0.978963
-3.38217 -0.943204
-3.76073 -0.94616
-4.09512 -0.983046
-4.39166 -1.02858
-4.66612 -1.05365
-4.91218 -1.04329
-5.14878 -1.00527
-5.36645 -0.964549
-5.56519 -0.947305
-5.71346 -0.964549
-5.83965 -1.00527
-5.94691 -1.04329
-6.06047 -1.05365
-6.11726 -1.02858
-6.16773 -0.983046
-6.21505 -0.94616
-6.23714 -0.943204
-6.23398 -0.978963
-6.19297 -1.03294
-6.14881 -1.07029
-6.08571 -1.0631
-6.01315 -1.00959
-5.93113 -0.939265
-5.83018 -0.898892
-5.72608 -0.925128
-5.55573 -1.01794
-5.37907 -1.13015
-5.18979 -1.18104
-5.00682 -1.08997
-4.83962 -0.814788
-4.65981 -0.376374
-4.4516 0.143594
-4.15822 0.632024
-3.75127 0.988041
-3.24652 1.16106
-2.65975 1.16619
-2.06037 1.07093
-1.48622 0.960839
-0.915231 0.901482
-0.356856 0.914416
0.173125 0.977023
0.681024 1.0434
1.19208 1.07341
1.67474 1.05408
2.13216 1.00322
2.58013 0.955356
3.00285 0.939715
3.39403 0.963373
3.73157 1.00882
4.04389 1.04625
4.32465 1.05243
4.70321 1.02463
4.84201 0.981531
5.05968 0.951031
5.25527 0.952644
5.40354 0.985339
5.52973 1.02818
5.64645 1.0534
5.72216 1.04391
5.77894 1.00456
5.82941 0.959917
5.83572 0.939426
5.82311 0.958688
5.77579 1.00826
5.70954 1.05759
5.63383 1.07277
5.53603 1.03842
5.43193 0.970441
5.30574 0.910595
5.15747 0.903862
4.96819 0.96946
4.77261 1.08145
4.55178 1.17114
4.34042 1.15295
4.13537 0.962945
3.94293 0.591848
3.72526 0.0958796
3.44135 -0.421173
3.06279 -0.84735
2.58013 -1.10564
2.01544 -1.18124
1.39713 -1.12115
0.80721 -1.00768
0.239373 -0.919651
-0.319 -0.900163
-0.864756 -0.945142
-1.38212 -1.01579
-1.86794 -1.06588
-2.34113 -1.06846
-2.79225 -1.02817
-3.22128 -0.974494
-3.61246 -0.941754
-3.95632 -0.948382
-4.27494 -0.987298
-4.56201 -1.03208
-4.82385 -1.05423
-5.06045 -1.04069
-5.28127 -1.00124
-5.48317 -0.961698
-5.65668 -0.947456
-5.79548 -0.967606
-5.90274 -1.00928
-5.98792 -1.04565
-6.05732 -1.05277
-6.12357 -1.02491
-6.15511 -0.978868
-6.17089 -0.944233
-6.16773 -0.944992
-6.1425 -0.983592
-6.08256 -1.03756
-6.01316 -1.07174
-5.94375 -1.05992
-5.85858 -1.00324
-5.75132 -0.933642
-5.6409 -0.898199
-5.48948 -0.93119
-5.32229 -1.02839
-5.13301 -1.13864
-4.94373 -1.17964
-4.74814 -1.07274
-4.58094 -0.780832
-4.39166 -0.330879
-4.16137 0.191039
-3.85221 0.671069
-3.4358 1.01158
-2.92475 1.16774
-2.33798 1.1604
-1.74175 1.0603
-1.16445 0.95267
-0.602919 0.899732
-0.0571653 0.918663
0.475972 0.983631
0.999645 1.04806
1.48862 1.07362
1.96497 1.05029
2.43186 0.998197
2.87351 0.952306
3.2773 0.940347
3.64009 0.967018
3.97133 1.01301
4.26471 1.04831
4.53286 1.05116
4.77892 1.02094
5.01236 0.977834
5.21426 0.9497
5.38146 0.954527
5.52972 0.989236
5.64014 1.03159
5.72847 1.05407
5.79787 1.04131
5.83888 1.00026
5.86727 0.95667
5.86727 0.939485
5.84203 0.962288
5.77579 1.01331
5.70008 1.0608
5.61805 1.07169
5.50449 1.03314
5.39092 0.963924
5.25527 0.907233
5.09123 0.906873
4.88933 0.978496
4.67481 1.09179
4.45714 1.17518
4.23947 1.14338
4.03757 0.936305
3.83252 0.550606
3.60854 0.0479849
3.31831 -0.465196
2.92398 -0.878479
2.42239 -1.11975
1.84194 -1.18029
1.2394 -1.11171
0.662096 -0.99765
0.0942582 -0.914775
-0.445187 -0.901991
-0.981478 -0.951236
-1.49884 -1.0218
-1.9815 -1.06824
-2.44839 -1.06626
-2.89004 -1.02329
-3.31592 -0.970211
-3.7071 -0.940649
-4.04465 -0.950885
-4.3538 -0.9916
-4.62511 -1.03538
-4.87748 -1.05449
-5.11092 -1.03786
-5.32544 -0.997209
-5.51156 -0.959067
-5.66299 -0.947907
-5.78602 -0.970852
-5.89328 -1.01324
-5.97215 -1.04776
-6.03208 -1.05158
-6.08571 -1.02107
-6.11095 -0.974788
-6.11726 -0.942615
-6.09518 -0.947112
-6.04786 -0.988359
-5.9753 -1.04201
-5.88697 -1.07278
-5.79548 -1.05634
-5.67876 -0.996777
-5.56204 -0.92831
-5.42323 -0.898099
-5.2655 -0.937817
-5.07307 -1.03897
-4.87748 -1.14656
-4.67558 -1.17699
-4.47684 -1.05393
-4.28125 -0.745528
-4.09828 -0.284768
-3.84906 0.238126
-3.51151 0.708923
-3.07301 1.03354
