data = [-0.139186 0.550606
-0.136031 0.962945
-0.10133 1.16106
0.0406298 1.1604
0.242527 1.04963
0.469663 0.937817
0.693643 0.898199
0.882922 0.939265
1.03119 1.01579
1.17946 1.06824
1.31511 1.0637
1.43183 1.01331
1.54855 0.958688
1.64319 0.939715
1.71575 0.967018
1.76307 1.0171
1.79777 1.05158
1.81985 1.04565
1.85456 1.00527
1.86402 0.961698
1.87348 0.947907
1.84825 0.974267
1.83247 1.02094
1.79777 1.05243
1.75676 1.04391
1.72206 1.00026
1.6779 0.953654
1.63689 0.940649
1.56433 0.974494
1.49493 1.03294
1.39398 1.07174
1.3088 1.05634
1.22994 0.990228
1.14476 0.918663
1.05643 0.901482
0.936552 0.96946
0.81352 1.09179
0.67787 1.17825
0.570612 1.11975
0.472817 0.84735
0.387642 0.376374
0.267766 -0.191039
0.078486 -0.708923
-0.205433 -1.05393
-0.618693 -1.17964
-1.10766 -1.13015
-1.62818 -1.00768
-2.09192 -0.914775
-2.5525 -0.904356
-2.98784 -0.963924
-3.4011 -1.03842
-3.73549 -1.07341
-4.05096 -1.05029
-4.36642 -0.993236
-4.6535 -0.947112
-4.90272 -0.944233
-5.11092 -0.983046
-5.28443 -1.03208
-5.42639 -1.05449
-5.55573 -1.03482
-5.67245 -0.989236
-5.74816 -0.952644
-5.80495 -0.952644
-5.83018 -0.989236
-5.82388 -1.03482
-5.80179 -1.05449
-5.77025 -1.03208
-5.72293 -0.983046
-5.65983 -0.944233
-5.57466 -0.947112
-5.46425 -0.993236
-5.33175 -1.05029
-5.19295 -1.07341
-5.04468 -1.03842
-4.89641 -0.963924
-4.73867 -0.904356
-4.56517 -0.914775
-4.35381 -1.00768
-4.13298 -1.13015
-3.89953 -1.17964
-3.68817 -1.05393
-3.47366 -0.708923
-3.25598 -0.191039
-2.99099 0.376374
-2.63767 0.84735
-2.15501 1.11975
-1.59033 1.17825
-1.03511 1.09179
-0.470424 0.96946
0.0721766 0.901482
0.627395 0.918663
1.11637 0.990228
1.61165 1.05634
2.08169 1.07174
2.54227 1.03294
2.98708 0.974494
3.40349 0.940649
3.80413 0.953654
4.17323 1.00026
4.51708 1.04391
4.82939 1.05243
5.10385 1.02094
5.37199 0.974267
5.61805 0.947907
5.80733 0.961698
6.07233 1.00527
6.1575 1.04565
6.20166 1.05158
6.27738 1.0171
6.36255 0.967018
6.40356 0.939715
6.41303 0.958688
6.3941 1.01331
6.34993 1.0637
6.28684 1.06824
6.23005 1.01579
6.14488 0.939265
6.04393 0.898199
5.90513 0.937817
5.58335 1.04963
5.45717 1.1604
5.33729 1.16106
5.13855 0.962945
4.94927 0.550606
4.7316 1.20789e-13
4.4319 -0.550606
4.03442 -0.962945
3.52967 -1.16106
2.93976 -1.1604
2.32775 -1.04963
1.68105 -0.937817
1.15107 -0.898199
0.58954 -0.939265
0.040631 -1.01579
-0.498816 -1.06824
-1.03511 -1.0637
-1.53354 -1.01331
-2.16447 -0.958688
-2.49571 -0.939715
-2.9279 -0.967018
-3.30646 -1.0171
-3.66609 -1.05158
-4.00364 -1.04565
-4.31595 -1.00527
-4.60618 -0.961698
-4.86801 -0.947907
-5.10461 -0.974267
-5.30336 -1.02094
-5.48633 -1.05243
-5.65352 -1.04391
-5.80495 -1.00026
-5.93114 -0.953654
-6.02577 -0.940649
-6.09833 -0.974494
-6.14565 -1.03294
-6.1772 -1.07174
-6.19928 -1.05634
-6.2119 -0.990228
-6.20243 -0.918663
-6.16773 -0.901482
-6.10779 -0.96946
-6.01316 -1.09179
-5.89959 -1.17825
-5.79864 -1.11975
-5.69138 -0.84735
-5.58728 -0.376374
-5.41692 0.191039
-5.18664 0.708923
-4.84593 1.05393
-4.37589 1.17964
-3.76073 1.13015
-3.20236 1.00768
-2.59982 0.914775
-2.01936 0.904356
-1.45152 0.963924
-0.905766 1.03842
-0.388403 1.07341
0.122651 1.05029
0.624242 0.993236
1.10375 0.947112
1.54855 0.944233
1.9555 0.983046
2.32775 1.03208
2.67792 1.05449
2.99969 1.03482
3.31516 0.989236
3.59592 0.952644
3.84199 0.952644
4.06597 0.989236
4.26155 1.03482
4.43506 1.05449
4.60226 1.03208
4.73791 0.983046
4.86094 0.944233
4.95242 0.947112
5.01236 0.993236
5.05022 1.05029
5.06915 1.07341
5.08176 1.03842
5.0723 0.963924
5.05337 0.904356
5.01552 0.914775
4.94611 1.00768
4.82624 1.13015
4.70636 1.17964
4.60226 1.05393
4.49815 0.708923
4.36566 0.191039
4.17638 -0.376374
3.90192 -0.84735
3.45396 -1.11975
2.97446 -1.17825
2.37507 -1.09179
1.782 -0.96946
1.20785 -0.901482
0.643169 -0.918663
0.103723 -0.990228
-0.419949 -1.05634
-0.924694 -1.07174
-1.40105 -1.03294
-1.86794 -0.974494
-2.30012 -0.940649
-2.72285 -0.953654
-3.04778 -1.00026
-3.36955 -1.04391
-3.65978 -1.05243
-3.92793 -1.02094
-4.19923 -0.974267
-4.42952 -0.947907
-4.63141 -0.961698
-4.81754 -1.00527
-4.97527 -1.04565
-5.1267 -1.05158
-5.25288 -1.0171
-5.36645 -0.967018
-5.45478 -0.939715
-5.52103 -0.958688
-5.55573 -1.01331
-5.56835 -1.0637
-5.5715 -1.06824
-5.56835 -1.01579
-5.55573 -0.939265
-5.51787 -0.898199
-5.45794 -0.937817
-5.3696 -1.04963
-5.25604 -1.1604
-5.13301 -1.16106
-5.02575 -0.962945
-4.9248 -0.550606
-4.7923 -5.63181e-13
-4.56832 0.550606
-4.27178 0.962945
-3.83644 1.16106
-3.28438 1.1604
-2.68499 1.04963
-2.09823 0.937817
-1.51462 0.898199
-0.940467 0.939265
-0.401021 1.01579
0.119498 1.06824
0.608467 1.0637
1.11006 1.01331
1.58641 0.958688
2.02175 0.939715
2.4287 0.967018
2.80095 1.0171
3.13219 1.05158
3.44135 1.04565
3.73157 1.00527
4.02496 0.961698
4.26786 0.947907
4.48869 0.974267
4.65588 1.02094
4.82624 1.05243
4.95873 1.04391
5.09754 1.00026
5.19849 0.953654
5.28366 0.940649
5.32152 0.974494
5.34045 1.03294
5.35622 1.07174
5.3436 1.05634
5.32152 0.990228
5.28051 0.918663
5.22688 0.901482
5.12909 0.96946
5.00921 1.09179
4.88302 1.17825
4.74737 1.11975
4.61488 0.84735
4.46661 0.376374
4.30887 -0.191039
4.07543 -0.708923
3.69056 -1.05393
3.18897 -1.17964
2.59905 -1.13015
1.97759 -1.00768
1.35297 -0.914775
0.617933 -0.904356
0.204672 -0.963924
-0.337928 -1.03842
-0.842673 -1.07341
-1.3348 -1.05029
-1.80169 -0.993236
-2.2528 -0.947112
-2.65976 -0.944233
-3.03831 -0.983046
-3.38217 -1.03208
-3.71341 -1.05449
-4.02572 -1.03482
-4.30649 -0.989236
-4.57463 -0.952644
-4.80808 -0.952644
-5.00366 -0.989236
-5.17402 -1.03482
-5.32229 -1.05449
-5.45794 -1.03208
-5.56835 -0.983046
-5.6693 -0.944233
-5.74185 -0.947112
-5.78917 -0.993236
-5.8081 -1.05029
-5.81441 -1.07341
-5.79548 -1.03842
-5.77971 -0.963924
-5.73239 -0.904356
-5.65983 -0.914775
-5.55573 -1.00768
-5.43585 -1.13015
-5.3002 -1.17964
-5.16455 -1.05393
-5.05414 -0.708923
-4.90272 -0.191039
-4.70397 0.376374
-4.4169 0.84735
-4.00048 1.11975
-3.47681 1.17825
-2.88374 1.09179
-2.27489 0.96946
-1.68181 0.901482
-1.10766 0.918663
-0.536672 0.990228
-0.00353571 1.05634
0.520138 1.07174
1.03119 1.03294
1.52016 0.974494
1.99021 0.940649
2.40978 0.953654
2.7978 1.00026
3.15112 1.04391
3.47605 1.05243
3.79151 1.02094
4.08805 0.974267
4.34673 0.947907
4.57702 0.961698
4.77892 1.00527
4.95242 1.04565
5.09438 1.05158
5.22057 1.0171
5.3436 0.967018
5.43193 0.939715
5.50133 0.958688
5.52972 1.01331
5.53288 1.0637
5.52342 1.06824
5.49818 1.01579
5.46663 0.939265
5.41931 0.898199
5.35306 0.937817
5.23319 1.04963
5.08492 1.1604
4.94612 1.16106
4.801 0.962945
4.65589 0.550606
4.49184 -2.56906e-13
4.2584 -0.550606
3.89877 -0.962945
3.43819 -1.16106
2.86089 -1.1604
2.24573 -1.04963
1.63688 -0.937817
1.04066 -0.898199
0.466509 -0.939265
-0.098175 -1.01579
-0.625002 -1.06824
-1.12975 -1.0637
-1.61556 -1.01331
-2.08876 -0.958688
-2.52726 -0.939715
-2.93105 -0.967018
-3.30331 -1.0171
-3.64716 -1.05158
-3.9784 -1.04565
-4.29071 -1.00527
-4.57148 -0.961698
-4.83647 -0.947907
-5.06676 -0.974267
-5.25288 -1.02094
-5.41692 -1.05243
-5.55888 -1.04391
-5.69769 -1.00026
-5.80179 -0.953654
-5.88381 -0.940649
-5.93429 -0.974494
-5.97845 -1.03294
-5.97846 -1.07174
-5.96268 -1.05634
-5.94691 -0.990228
-5.9059 -0.918663
-5.8428 -0.901482
-5.7387 -0.96946
-5.62513 -1.09179
-5.47686 -1.17825
-5.34121 -1.11975
-5.20241 -0.84735
-5.05414 -0.376374
-4.86486 0.191039
-4.59987 0.708923
-4.21815 1.05393
-3.71025 1.17964
-3.10772 1.13015
-2.49571 1.00768
-1.89633 0.914775
-1.30325 0.904356
-0.725951 0.963924
-0.167578 1.03842
0.384488 1.07341
0.914469 1.05029
1.43183 0.993236
1.92396 0.947112
2.39085 0.944233
2.81042 0.983046
3.18582 1.03208
3.53599 1.05449
3.86407 1.03482
4.16692 0.989236
4.44453 0.952644
4.6969 0.952644
4.91457 0.989236
5.107 1.03482
5.2742 1.05449
5.42878 1.03208
5.55181 0.983046
5.66538 0.944233
5.74109 0.947112
5.78841 0.993236
5.80418 1.05029
5.8168 1.07341
5.80418 1.03842
5.77894 0.963924
5.74424 0.904356
5.69061 0.914775
5.58651 1.00768
5.46032 1.13015
5.32783 1.17964
5.18902 1.05393
5.05337 0.708923
4.89879 0.191039
4.68428 -0.376374
