data = [-0.136031 0.651692
-0.136031 1.07274
-0.0918655 1.1794
0.0658672 1.07093
0.280383 0.934434
0.507518 0.901991
0.709417 0.973726
0.873459 1.05634
1.03119 1.06741
1.17315 1.00826
1.32142 0.948293
1.4413 0.948382
1.55171 1.00241
1.63373 1.0501
1.69367 1.04202
1.7473 0.989236
1.79777 0.949142
1.83247 0.964549
1.84825 1.01905
1.84194 1.05407
1.83878 1.03036
1.82616 0.97083
1.8167 0.939412
1.782 0.974494
1.74414 1.04416
1.68736 1.07277
1.63373 1.01882
1.58641 0.92831
1.53278 0.902593
1.45076 0.99765
1.35612 1.14268
1.24886 1.16106
1.17315 0.893495
1.10059 0.330879
1.0028 -0.353709
0.835603 -0.908141
0.532756 -1.16458
0.097414 -1.13864
-0.423103 -0.99274
-0.946777 -0.901482
-1.44206 -0.930937
-1.90264 -1.0218
-2.3159 -1.07314
-2.70392 -1.04201
-3.07932 -0.972328
-3.42949 -0.939426
-3.74496 -0.972792
-4.01941 -1.03208
-4.26863 -1.05377
-4.49577 -1.01713
-4.71028 -0.963097
-4.89325 -0.9497
-5.03206 -0.991211
-5.14247 -1.04329
-5.21818 -1.04924
-5.28758 -1.00026
-5.35068 -0.947235
-5.39169 -0.949553
-5.38853 -1.01079
-5.37907 -1.06846
-5.34121 -1.05441
-5.3002 -0.970441
-5.24973 -0.901009
-5.18348 -0.937817
-5.06991 -1.0762
-4.94373 -1.18029
-4.81439 -1.06353
-4.70397 -0.632024
-4.57779 0.0239981
-4.40743 0.671069
-4.12667 1.08155
-3.68186 1.17825
-3.12349 1.06562
-2.55565 0.93119
-2.00359 0.903108
-1.45468 0.977023
-0.912076 1.05818
-0.391558 1.06626
0.12265 1.00574
0.627395 0.947112
1.1069 0.949599
1.55802 1.00456
1.97128 1.05088
2.35299 1.04069
2.73155 0.987278
3.08803 0.948656
3.4098 0.966053
3.68741 1.02094
3.94609 1.05429
4.18269 1.02858
4.40982 0.968904
4.60541 0.939485
4.76314 0.976707
4.91457 1.04626
5.02498 1.07228
5.13224 1.01579
5.20164 0.925765
5.2742 0.903862
5.32467 1.00263
5.32467 1.14656
5.32152 1.15719
5.29628 0.878479
5.28051 0.307895
5.25212 -0.376374
5.12277 -0.922412
4.82939 -1.16774
4.18269 -1.13446
3.85461 -0.987907
3.35617 -0.900528
2.80726 -0.933642
2.32144 -1.02472
1.83878 -1.07341
1.37505 -1.03981
0.90185 -0.970211
0.44758 -0.939528
0.0280111 -0.974788
-0.375784 -1.03376
-0.751188 -1.0534
-1.10766 -1.0152
-1.47045 -0.961698
-1.90579 -0.95033
-2.09192 -0.9932
-2.35375 -1.0445
-2.59035 -1.04831
-2.84272 -0.998093
-3.07302 -0.94616
-3.27176 -0.950891
-3.4358 -1.01331
-3.58722 -1.06942
-3.73234 -1.05238
-3.86483 -0.967172
-3.99733 -0.900163
-4.09828 -0.941335
-4.18345 -1.08145
-4.22446 -1.1809
-4.29387 -1.05393
-4.32541 -0.612074
-4.39166 0.0479849
-4.37273 0.690149
-4.23708 1.08997
-3.96578 1.17684
-3.5683 1.0603
-3.11402 0.928087
-2.64398 0.904356
-2.20864 0.980326
-1.79538 1.05992
-1.40736 1.06502
-1.00356 1.00322
-0.625003 0.946011
-0.255908 0.950885
0.078486 1.0067
0.384486 1.05158
0.677869 1.0393
0.949169 0.985339
1.22047 0.948245
1.45391 0.967606
1.66843 1.0228
1.84825 1.05443
2.04383 1.02677
2.21734 0.967018
2.38769 0.939645
2.51703 0.978963
2.63691 1.04831
2.72839 1.07169
2.82934 1.01271
2.90821 0.923306
2.99339 0.905289
3.04386 1.00768
3.0691 1.15028
3.08487 1.15295
3.11957 0.863096
3.16689 0.284768
3.16058 -0.398866
3.0691 -0.936305
2.8325 -1.17056
2.45394 -1.13015
1.97759 -0.983157
1.48546 -0.899732
1.01226 -0.936419
0.580076 -1.02759
0.160506 -1.07357
-0.233825 -1.03756
-0.625002 -0.968146
-1.00672 -0.939715
-1.34111 -0.976814
-1.65657 -1.03538
-1.95942 -1.05295
-2.23072 -1.01324
-2.50518 -0.960354
-2.74808 -0.951031
-2.97207 -0.9952
-3.16135 -1.04565
-3.3317 -1.04732
-3.5052 -0.995928
-3.65978 -0.945159
-3.80805 -0.952306
-3.91531 -1.01583
-4.0131 -1.07029
-4.09197 -1.05027
-4.1803 -0.963924
-4.25601 -0.899457
-4.30649 -0.944986
-4.32541 -1.08665
-4.3191 -1.18124
-4.32857 -1.04393
-4.33803 -0.591848
-4.34434 0.0719492
-4.28125 0.708923
-4.10459 1.098
-3.78597 1.17518
-3.33485 1.05497
-2.83326 0.925128
-2.3159 0.905732
-1.8427 0.983631
-1.38843 1.06156
-0.959395 1.0637
-0.539826 1.0007
-0.123412 0.944992
0.267766 0.952237
0.630549 1.00882
0.958633 1.05222
1.28041 1.03786
1.58641 0.983423
1.87664 0.947907
2.12901 0.969207
2.36561 1.02463
2.58328 1.0545
2.78202 1.02491
2.97446 0.965173
3.14796 0.939892
3.29623 0.981259
3.41295 1.05029
3.52021 1.07099
3.62431 1.00959
3.7158 0.920937
3.79151 0.906873
3.8483 1.01278
3.86407 1.15384
3.883 1.14835
3.89562 0.84735
3.92401 0.261508
3.91454 -0.421173
3.82621 -0.949817
3.55807 -1.17304
3.16058 -1.12571
2.67792 -0.978496
2.17002 -0.899091
1.69051 -0.939265
1.23624 -1.0304
0.816674 -1.07362
0.397105 -1.03527
-0.0066892 -0.966135
-0.382093 -0.939989
-0.902611 -0.978868
-1.12344 -1.03695
-1.39789 -1.05243
-1.70705 -1.01127
-2.00043 -0.959067
-2.27804 -0.951803
-2.51464 -0.997209
-2.74178 -1.04674
-2.94367 -1.04625
-3.14242 -0.993762
-3.32539 -0.944233
-3.49258 -0.953794
-3.6377 -1.01833
-3.76704 -1.07106
-3.87114 -1.04806
-3.9784 -0.960702
-4.07304 -0.898892
-4.16137 -0.948765
-4.22131 -1.09179
-4.24339 -1.18129
-4.27178 -1.03354
-4.30964 -0.571356
-4.34119 0.0958796
-4.30964 0.727385
-4.16137 1.10564
-3.85852 1.17328
-3.44842 1.04963
-2.96891 0.922315
-2.47994 0.907233
-2.02567 0.986933
-1.60295 1.0631
-1.19599 1.06229
-0.782734 0.998197
-0.388403 0.944056
-0.0129985 0.953654
0.334013 1.01092
0.662096 1.05277
0.974407 1.03636
1.27094 0.981531
1.54855 0.947644
1.89557 0.970852
2.03122 1.02642
2.24889 1.05449
2.44448 1.02301
2.64006 0.963373
2.81041 0.940227
2.97761 0.983592
3.11011 1.05222
3.21737 1.07018
3.33409 1.00643
3.43504 0.918663
3.51075 0.908615
3.57384 1.01794
3.61485 1.15721
3.6464 1.14338
3.68425 0.831245
3.72842 0.238126
3.74419 -0.443287
3.65902 -0.962945
3.4098 -1.17518
3.05017 -1.12115
2.58013 -0.973929
2.088 -0.898607
1.63058 -0.942174
1.19523 -1.03314
0.804058 -1.07357
0.393953 -1.03294
-0.000379875 -0.964181
-0.369475 -0.940347
-0.713331 -0.980946
-1.0288 -1.03846
-1.31587 -1.05183
-1.59664 -1.00928
-1.86163 -0.95784
-2.10769 -0.952644
-2.34113 -0.999223
-2.53672 -1.04776
-2.73547 -1.04511
-2.91213 -0.9916
-3.08879 -0.943385
-3.24021 -0.955356
-3.38217 -1.02082
-3.48943 -1.07174
-3.59038 -1.04578
-3.69133 -0.95751
-3.78912 -0.898472
-3.86799 -0.95267
-3.91531 -1.09688
-3.94686 -1.18104
-3.9784 -1.02276
-4.02572 -0.550606
-4.05411 0.119765
-4.01941 0.745528
-3.84906 1.11289
-3.55252 1.17114
-3.15188 1.0443
-2.67237 0.919651
-2.19287 0.908855
-1.74175 0.990228
-1.33165 1.06454
-0.949931 1.0608
-0.5556 0.995708
-0.183351 0.943204
0.179434 0.955132
0.510674 1.01301
0.800902 1.05325
1.10059 1.03482
1.3782 0.979667
1.64319 0.947456
1.87979 0.972539
2.10062 1.02818
2.29305 1.0544
2.46971 1.02107
2.65268 0.96162
2.81357 0.940649
2.96184 0.98596
3.06594 1.05408
3.16689 1.06926
3.26153 1.00324
3.34986 0.916488
3.42557 0.910513
3.47605 1.02315
3.50128 1.1604
3.51706 1.13804
3.54545 0.814788
3.57384 0.214633
3.57069 -0.465196
3.46658 -0.975687
3.21737 -1.17699
2.82304 -1.11648
2.34353 -0.96946
1.85771 -0.898276
1.40029 -0.945142
0.983871 -1.03582
0.58323 -1.07341
0.179435 -1.03057
-0.208589 -0.962288
-0.583992 -0.94079
-0.912076 -0.983046
-1.22439 -1.03991
-1.5083 -1.05116
-1.79853 -1.00728
-2.06352 -0.956673
-2.30328 -0.953552
-2.5178 -1.00124
-2.70708 -1.04871
-2.89005 -1.04391
-3.06986 -0.989444
-3.23075 -0.942615
-3.37586 -0.956988
-3.48943 -1.02329
-3.59353 -1.07231
-3.68186 -1.0434
-3.7765 -0.954353
-3.85222 -0.898199
-3.91846 -0.956696
-3.9437 -1.1019
-3.96894 -1.18049
-3.98471 -1.01158
-4.01941 -0.529606
-4.03203 0.143594
-3.99102 0.763346
-3.81436 1.11975
-3.48943 1.16877
-3.06986 1.03897
-2.57142 0.917137
-2.09192 0.910595
-1.63449 0.993511
-1.2023 1.06588
-0.804818 1.05923
-0.397867 0.993236
-0.00353567 0.942436
0.362405 0.95667
0.703107 1.01506
1.01857 1.05365
1.31511 1.03323
1.60849 0.977834
1.87348 0.947343
2.11639 0.974267
2.34037 1.02991
2.5265 1.05423
2.71893 1.0191
2.9019 0.959917
3.06279 0.941159
3.2079 0.988359
3.32462 1.05587
3.43504 1.06824
3.53914 1.00002
3.618 0.914416
3.69056 0.912567
3.73788 1.02839
3.76312 1.1634
3.77889 1.13232
3.80097 0.797982
3.83568 0.191039
3.83252 -0.486892
3.73473 -0.988041
3.46027 -1.17848
3.05963 -1.11171
2.58013 -0.965095
2.088 -0.898099
1.63058 -0.948164
1.2047 -1.03842
0.804056 -1.07315
0.393952 -1.02817
