data = [-0.136031 0.632024
-0.136031 1.05393
-0.0981749 1.18124
0.0564021 1.09179
0.274074 0.95267
0.501208 0.898199
0.709416 0.951236
0.886077 1.03842
1.04381 1.07341
1.19523 1.03294
1.3435 0.966135
1.476 0.939715
1.57695 0.974788
1.65897 1.03208
1.70944 1.05407
1.76307 1.02094
1.81985 0.967606
1.85771 0.947907
1.87664 0.981531
1.87348 1.03482
1.86718 1.05365
1.8514 1.0171
1.83878 0.959917
1.81039 0.940649
1.77884 0.983592
1.73153 1.05029
1.66212 1.07169
1.60534 1.01579
1.54225 0.92831
1.48231 0.901482
1.40344 0.987907
1.30565 1.13015
1.2047 1.17304
1.11952 0.962945
1.04066 0.465196
0.946016 -0.191039
0.797747 -0.780832
0.513828 -1.11975
0.100569 -1.17114
-0.407331 -1.04963
-0.931003 -0.925128
-1.4389 -0.904356
-1.90264 -0.977023
-2.33167 -1.05634
-2.72916 -1.06846
-3.0951 -1.01331
-3.45788 -0.952306
-3.78912 -0.944233
-4.07304 -0.9916
-4.32857 -1.04391
-4.5557 -1.0496
-4.75445 -1.00527
-4.94057 -0.956673
-5.08884 -0.952644
-5.21818 -0.997209
-5.29705 -1.04565
-5.36329 -1.04831
-5.41692 -1.00026
-5.45793 -0.948382
-5.48002 -0.947112
-5.4674 -1.00322
-5.42008 -1.0637
-5.38538 -1.0631
-5.32229 -0.990228
-5.25604 -0.910595
-5.17086 -0.914775
-5.04783 -1.02839
-4.90903 -1.1604
-4.77022 -1.14338
-4.64088 -0.84735
-4.50838 -0.284768
-4.33488 0.376374
-4.09197 0.908141
-3.69133 1.16106
-3.18658 1.14656
-2.61243 1.00768
-2.04144 0.906873
-1.49884 0.918663
-0.953087 1.00324
-0.423105 1.06824
0.103723 1.05759
0.614777 0.993236
1.11321 0.943204
1.58641 0.953654
2.02175 1.00882
2.43186 1.05158
2.81988 1.04069
3.18582 0.989236
3.53914 0.9497
3.83883 0.961698
4.11329 1.01324
4.34989 1.05243
4.56756 1.03846
4.78207 0.983046
4.96504 0.941317
5.11962 0.958688
5.24896 1.02329
5.33098 1.07174
5.42247 1.04806
5.48871 0.963924
5.55181 0.900163
5.56758 0.937817
5.55181 1.07093
5.53288 1.17825
5.49818 1.08997
5.4414 0.708923
5.36568 0.0958796
5.31836 -0.550606
5.18587 -1.01158
4.85147 -1.17964
4.3625 -1.11171
3.79782 -0.96946
3.20475 -0.898607
2.64953 -0.939265
2.11955 -1.02759
1.6148 -1.07341
1.11321 -1.04201
0.624242 -0.974494
0.144734 -0.939485
-0.296917 -0.967018
-0.946777 -1.02491
-1.19599 -1.05449
-1.47991 -1.02818
-1.82377 -0.974267
-2.16447 -0.947305
-2.48309 -0.974267
-2.76701 -1.02818
-3.02254 -1.05449
-3.25914 -1.02491
-3.48627 -0.967018
-3.69764 -0.939485
-3.88061 -0.974494
-4.03203 -1.04201
-4.17399 -1.07341
-4.3191 -1.02759
-4.43583 -0.939265
-4.57779 -0.898607
-4.62195 -0.96946
-4.66927 -1.11171
-4.69451 -1.17964
-4.7229 -1.01158
-4.77653 -0.550606
-4.79546 0.0958796
-4.73867 0.708923
-4.58094 1.08997
-4.26547 1.17825
-3.84275 1.07093
-3.35693 0.937817
-2.85534 0.900163
-2.3853 0.963924
-1.95627 1.04806
-1.54301 1.07174
-1.12659 1.02329
-0.722798 0.958688
-0.33162 0.941317
0.0280111 0.983046
0.35925 1.03846
0.665252 1.05243
0.964944 1.01324
1.24255 0.961698
1.51701 0.9497
1.75361 0.989236
1.96497 1.04069
2.16371 1.05158
2.35614 1.00882
2.53911 0.953654
2.70631 0.943204
2.8325 0.993236
2.95868 1.05759
3.05648 1.06824
3.15112 1.00324
3.23314 0.918663
3.30254 0.906873
3.34986 1.00768
3.36248 1.14656
3.37194 1.16106
3.39402 0.908141
3.41926 0.376374
3.41926 -0.284768
3.32778 -0.84735
3.09118 -1.14338
2.72524 -1.1604
2.24889 -1.02839
1.72521 -0.914775
1.23309 -0.910595
0.769355 -0.990228
0.340322 -1.0631
-0.0729386 -1.0637
-0.486198 -1.00322
-0.886839 -0.947112
-1.26855 -0.948382
-1.61241 -1.00026
-1.91526 -1.04831
-2.20864 -1.04565
-2.48309 -0.997209
-2.75124 -0.952644
-2.9973 -0.956673
-3.20867 -1.00527
-3.39479 -1.0496
-3.57461 -1.04391
-3.74811 -0.9916
-3.90269 -0.944233
-4.03518 -0.952306
-4.1456 -1.01331
-4.23708 -1.06846
-4.30964 -1.05634
-4.37589 -0.977023
-4.4516 -0.904356
-4.4863 -0.925128
-4.49577 -1.04963
-4.48946 -1.17114
-4.46422 -1.11975
-4.46106 -0.780832
-4.45476 -0.191039
-4.40743 0.465196
-4.25601 0.962945
-3.96578 1.17304
-3.55252 1.13015
-3.05724 0.987907
-2.52095 0.901482
-2.01305 0.92831
-1.52723 1.01579
-1.08558 1.07169
-0.634467 1.05029
-0.19597 0.983592
0.236218 0.940649
0.627394 0.959917
0.999644 1.0171
1.33404 1.05365
1.6495 1.03482
1.95866 0.981531
2.25204 0.947907
2.51388 0.967606
2.74732 1.02094
2.95868 1.05407
3.15743 1.03208
3.34355 0.974788
3.51075 0.939715
3.6464 0.966135
3.76312 1.03294
3.87038 1.07341
3.9524 1.03842
4.04073 0.951236
4.11644 0.898199
4.16692 0.95267
4.18269 1.09179
4.18269 1.18124
4.18584 1.05393
4.18584 0.632024
4.17954 6.55463e-13
4.10698 -0.632024
3.90823 -1.05393
3.60539 -1.18124
2.94291 -1.09179
2.60221 -0.95267
2.09115 -0.898199
1.57379 -0.951236
1.11952 -1.03842
0.662097 -1.07341
0.2236 -1.03294
-0.221206 -0.966135
-0.634466 -0.939715
-1.01302 -0.974788
-1.3695 -1.03208
-1.7102 -1.05407
-2.02251 -1.02094
-2.32221 -0.967606
-2.59666 -0.947907
-2.85534 -0.981531
-3.08563 -1.03482
-3.3033 -1.05365
-3.52413 -1.0171
-3.71972 -0.959917
-3.90269 -0.940649
-4.02888 -0.983592
-4.15822 -1.05029
-4.27494 -1.07169
-4.37589 -1.01579
-4.46737 -0.92831
-4.56201 -0.901482
-4.6188 -0.987907
-4.64403 -1.13015
-4.65034 -1.17304
-4.67874 -0.962945
-4.69135 -0.465196
-4.68504 0.191039
-4.60933 0.780832
-4.39797 1.11975
-4.05411 1.17114
-3.60931 1.04963
-3.11087 0.925128
-2.61874 0.904356
-1.76699 0.977023
-1.52723 1.05634
-1.25278 1.06846
-0.817436 1.01331
-0.388403 0.952306
0.0217017 0.944233
0.409724 0.9916
0.75358 1.04391
1.08797 1.0496
1.40344 1.00527
1.7126 0.956673
1.99967 0.952644
2.25835 0.997209
2.49179 1.04565
2.70947 1.04831
2.93029 1.00026
3.12588 0.948382
3.30569 0.947112
3.46343 1.00322
3.59277 1.0637
3.70949 1.0631
3.81675 0.990228
3.92716 0.910595
3.99025 0.914775
4.04388 1.02839
4.06912 1.1604
4.07543 1.14338
4.11013 0.84735
4.13222 0.284768
4.12275 -0.376374
4.03757 -0.908141
3.78205 -1.16106
3.38456 -1.14656
2.90506 -1.00768
2.39085 -0.906873
1.89557 -0.918663
1.43814 -1.00324
1.01226 -1.06824
0.586385 -1.05759
0.17628 -0.993236
-0.224361 -0.943204
-0.612383 -0.953654
-0.956241 -1.00882
-1.28432 -1.05158
-1.59348 -1.04069
-1.89948 -0.989236
-2.17394 -0.9497
-2.43893 -0.961698
-2.66606 -1.01324
-2.88689 -1.05243
-3.08879 -1.03846
-3.27807 -0.983046
-3.46735 -0.941317
-3.63454 -0.958688
-3.77019 -1.02329
-3.88061 -1.07174
-3.98787 -1.04806
-4.09197 -0.963924
-4.18976 -0.900163
-4.27178 -0.937817
-4.30333 -1.07093
-4.32857 -1.17825
-4.3475 -1.08997
-4.38851 -0.708923
-4.42005 -0.0958796
-4.39482 0.550606
-4.26863 1.01158
-4.00679 1.17964
-3.60615 1.11171
-3.1298 0.96946
-2.62505 0.898607
-2.14239 0.939265
-1.70074 1.02759
-1.28433 1.07341
-0.871065 1.04201
-0.451495 0.974494
-0.0477 0.939485
0.321394 0.967018
0.662096 1.02491
0.974407 1.05449
1.29618 1.02818
1.5801 0.974267
1.86718 0.947305
2.11639 0.974267
2.34668 1.02818
2.55173 1.05449
2.75363 1.02491
2.94291 0.967018
3.12273 0.939485
3.27415 0.974494
3.40349 1.04201
3.50444 1.07341
3.61485 1.02759
3.70318 0.939265
3.79151 0.898607
3.84829 0.96946
3.88615 1.11171
3.89246 1.17964
3.90508 1.01158
3.93663 0.550606
3.95555 -0.0958796
3.91139 -0.708923
3.70634 -1.08997
3.36879 -1.17825
2.93029 -1.07093
2.43186 -0.937817
1.93658 -0.900163
1.46653 -0.963924
1.0375 -1.04806
0.621086 -1.07174
0.210981 -1.02329
-0.195969 -0.958688
-0.574527 -0.941317
-0.940466 -0.983046
-1.25909 -1.03846
-1.56194 -1.05243
-1.85532 -1.01324
-2.13293 -0.961698
-2.38846 -0.9497
-2.6219 -0.989236
-2.83326 -1.04069
-3.02885 -1.05158
-3.21182 -1.00882
-3.39164 -0.953654
-3.55252 -0.943204
-3.69448 -0.993236
-3.80174 -1.05759
-3.90269 -1.06824
-3.99733 -1.00324
-4.08251 -0.918663
-4.15822 -0.906873
-4.19923 -1.00768
-4.21815 -1.14656
-4.22762 -1.16106
-4.25286 -0.908141
-4.27809 -0.376374
-4.27494 0.284768
-4.18345 0.84735
-3.95947 1.14338
-3.59984 1.1604
-3.14242 1.02839
-2.63136 0.914775
-2.13924 0.910595
-1.66288 0.990228
-1.22439 1.0631
-0.807973 1.0637
-0.366321 1.00322
0.0248564 0.947112
0.422344 0.948382
0.781974 1.00026
1.12268 1.04831
1.43814 1.04565
1.74414 0.997209
2.04068 0.952644
2.31513 0.956673
2.55804 1.00527
2.77256 1.0496
2.9713 1.04391
3.16689 0.9916
3.34355 0.944233
3.50444 0.952306
3.64009 1.01331
3.74735 1.06846
3.86092 1.05634
3.96186 0.977023
4.04388 0.904356
