data = [-0.167578 0.465196
-0.164423 0.84735
-0.129722 1.08997
-0.00984505 1.17964
0.157352 1.14656
0.397105 1.04963
0.633704 0.95267
0.848221 0.901482
1.02804 0.910595
1.17946 0.963924
1.30565 1.02759
1.40344 1.06824
1.50754 1.06846
1.61165 1.03294
1.69051 0.983592
1.75992 0.947112
1.81354 0.941317
1.85771 0.967018
1.86717 1.00882
1.85456 1.04391
1.85456 1.05407
1.8514 1.03482
1.84825 0.997209
1.82616 0.961698
1.79777 0.947305
1.75992 0.961698
1.69998 0.997209
1.64004 1.03482
1.56433 1.05407
1.49493 1.04391
1.43183 1.00882
1.35297 0.967018
1.28041 0.941317
1.18262 0.947112
1.0722 0.983592
0.95548 1.03294
0.851377 1.06846
0.728345 1.06824
0.627395 1.02759
0.523292 0.963924
0.41288 0.910595
0.289848 0.901482
0.160506 0.95267
0.00592835 1.04963
-0.129722 1.14656
-0.259062 1.17964
-0.356857 1.08997
-0.438878 0.84735
-0.517745 0.465196
-0.640776 1.34678e-15
-0.807973 -0.465196
-1.07296 -0.84735
-1.41998 -1.08997
-1.85532 -1.17964
-2.32536 -1.14656
-2.77963 -1.04963
-3.22128 -0.95267
-3.64401 -0.901482
-4.02888 -0.910595
-4.36327 -0.963924
-4.6535 -1.02759
-4.92795 -1.06824
-5.1614 -1.06846
-5.38538 -1.03294
-5.61251 -0.983592
-5.75132 -0.947112
-5.87435 -0.941317
-5.96268 -0.967018
-6.01946 -1.00882
-6.04786 -1.04391
-6.07309 -1.05407
-6.0794 -1.03482
-6.06363 -0.997209
-6.02262 -0.961698
-5.94691 -0.947305
-5.85542 -0.961698
-5.73555 -0.997209
-5.5999 -1.03482
-5.45478 -1.05407
-5.30967 -1.04391
-5.15193 -1.00882
-4.97843 -0.967018
-4.80492 -0.941317
-4.60933 -0.947112
-4.3822 -0.983592
-4.1456 -1.03294
-3.90269 -1.06846
-3.66293 -1.06824
-3.42949 -1.02759
-3.17712 -0.963924
-2.9279 -0.910595
-2.65976 -0.901482
-2.37584 -0.95267
-2.0793 -1.04963
-1.7733 -1.14656
-1.49253 -1.17964
-1.21492 -1.08997
-0.962551 -0.84735
-0.678631 -0.465196
-0.388403 -2.76134e-14
-0.0508547 0.465196
0.378179 0.84735
0.879767 1.08997
1.36874 1.17964
1.84509 1.14656
2.33722 1.04963
2.79149 0.95267
3.22998 0.901482
3.75366 0.910595
4.01234 0.963924
4.37197 1.02759
4.74106 1.06824
5.08492 1.06846
5.40354 1.03294
5.7127 0.983592
6.00292 0.947112
6.25845 0.941317
6.48243 0.967018
6.67171 1.00882
6.81682 1.04391
6.95563 1.05407
7.05342 1.03482
7.12913 0.997209
7.1733 0.961698
7.17645 0.947305
7.16383 0.961698
7.11967 0.997209
7.05026 1.03482
6.94932 1.05407
6.82944 1.04391
6.7001 1.00882
6.55183 0.967018
6.39725 0.941317
6.20166 0.947112
5.97768 0.983592
5.74739 1.03294
5.4824 1.06846
5.22688 1.06824
4.95242 1.02759
4.68112 0.963924
4.22685 0.910595
4.05019 0.901482
3.76943 0.95267
3.46658 1.04963
3.12904 1.14656
2.81673 1.17964
2.50441 1.08997
2.20788 0.84735
1.92396 0.465196
1.59903 1.76668e-13
1.21732 -0.465196
0.737808 -0.84735
0.198363 -1.08997
-0.347392 -1.17964
-0.889994 -1.14656
-1.41682 -1.04963
-1.92787 -0.95267
-2.41685 -0.901482
-2.88689 -0.910595
-3.34116 -0.963924
-3.78281 -1.02759
-4.20869 -1.06824
-4.62511 -1.06846
-5.00997 -1.03294
-5.39169 -0.983592
-5.74501 -0.947112
-6.07309 -0.941317
-6.36332 -0.967018
-6.61569 -1.00882
-6.84283 -1.04391
-7.03527 -1.05407
-7.22455 -1.03482
-7.37281 -0.997209
-7.499 -0.961698
-7.59364 -0.947305
-7.64411 -0.961698
-7.67881 -0.997209
-7.68828 -1.03482
-7.67566 -1.05407
-7.64411 -1.04391
-7.58733 -1.00882
-7.52424 -0.967018
-7.43275 -0.941317
-7.30341 -0.947112
-7.15514 -0.983592
-6.9911 -1.03294
-6.79551 -1.06846
-6.60308 -1.06824
-6.40118 -1.02759
-6.19613 -0.963924
-5.97215 -0.910595
-5.71977 -0.901482
-5.46109 -0.95267
-5.17402 -1.04963
-4.88694 -1.14656
-4.60302 -1.17964
-4.32226 -1.08997
-4.05727 -0.84735
-3.77335 -0.465196
-3.46419 -3.22143e-13
-3.0951 0.465196
-2.65345 0.84735
-2.09823 1.08997
-1.5367 1.17964
-0.972014 1.14656
-0.442032 1.04963
0.0942605 0.95267
0.595849 0.901482
1.09744 0.910595
1.56748 0.963924
2.02491 1.02759
2.46971 1.06824
2.88613 1.06846
3.29623 1.03294
3.6811 0.983592
4.05019 0.947112
4.40982 0.941317
4.72844 0.967018
5.04075 1.00882
5.29943 1.04391
5.54234 1.05407
5.76001 1.03482
5.96507 0.997209
6.13226 0.961698
6.27107 0.947305
6.36886 0.961698
6.43511 0.997209
6.47927 1.03482
6.49505 1.05407
6.4982 1.04391
6.48243 1.00882
6.44457 0.967018
6.38463 0.941317
6.30577 0.947112
6.20166 0.983592
6.05024 1.03294
5.89566 1.06846
5.72216 1.06824
5.53919 1.02759
5.34991 0.963924
5.1417 0.910595
4.92088 0.901482
4.6685 0.95267
4.41298 1.04963
4.13221 1.14656
3.87669 1.17964
3.62116 1.08997
3.38141 0.84735
3.14481 0.465196
2.8672 4.66728e-13
2.5265 -0.465196
2.07854 -0.84735
1.56748 -1.08997
1.01226 -1.17964
0.460199 -1.14656
-0.290608 -1.04963
-0.625002 -0.95267
-1.0982 -0.901482
-1.59348 -0.910595
-2.06983 -0.963924
-2.53672 -1.02759
-2.97522 -1.06824
-3.41687 -1.06846
-3.82382 -1.03294
-4.22762 -0.983592
-4.60302 -0.947112
-4.96265 -0.941317
-5.2655 -0.967018
-5.53365 -1.00882
-5.78602 -1.04391
-6.01316 -1.05407
-6.23398 -1.03482
-6.42642 -0.997209
-6.58099 -0.961698
-6.72611 -0.947305
-6.82706 -0.961698
-6.89961 -0.997209
-6.95009 -1.03482
-6.97533 -1.05407
-6.99425 -1.04391
-6.99425 -1.00882
-6.97533 -0.967018
-6.93747 -0.941317
-6.8586 -0.947112
-6.75765 -0.983592
-6.60623 -1.03294
-6.49582 -1.06846
-6.34124 -1.06824
-6.18351 -1.02759
-6.02577 -0.963924
-5.8428 -0.910595
-5.65037 -0.901482
-5.42008 -0.95267
-5.09199 -1.04963
-4.91849 -1.14656
-4.65981 -1.17964
-4.40743 -1.08997
-4.18345 -0.84735
-3.91531 -0.465196
-3.60615 -6.18874e-13
-3.26229 0.465196
-2.82695 0.84735
-2.29066 1.08997
-1.72598 1.17964
-1.16445 1.14656
-0.625002 1.04963
-0.0981749 0.95267
0.41288 0.901482
0.911315 0.910595
1.39398 0.963924
1.85456 1.02759
2.30567 1.06824
2.73155 1.06846
3.13219 1.03294
3.52652 0.983592
3.87669 0.947112
4.23316 0.941317
4.56125 0.967018
4.8704 1.00882
5.12908 1.04391
5.37199 1.05407
5.59597 1.03482
5.78525 0.997209
5.94929 0.961698
6.07863 0.947305
6.17643 0.961698
6.24268 0.997209
6.28053 1.03482
6.28999 1.05407
6.28369 1.04391
6.27107 1.00882
6.23321 0.967018
6.16381 0.941317
6.08494 0.947112
5.96822 0.983592
5.83572 1.03294
5.67168 1.06846
5.50133 1.06824
5.31836 1.02759
5.1417 0.963924
4.9398 0.910595
4.72213 0.901482
4.48238 0.95267
4.22685 1.04963
3.95871 1.14656
3.70949 1.17964
3.46027 1.08997
3.23629 0.84735
3.006 0.465196
2.73786 1.33708e-13
2.40031 -0.465196
1.97128 -0.84735
1.45707 -1.08997
0.895541 -1.17964
0.330858 -1.14656
-0.208588 -1.04963
-0.73857 -0.95267
-1.24962 -0.901482
-1.75121 -0.910595
-2.22441 -0.963924
-2.6913 -1.02759
-3.13611 -1.06824
-3.56199 -1.06846
-3.9784 -1.03294
-4.36958 -0.983592
-4.74183 -0.947112
-5.07938 -0.941317
-5.39484 -0.967018
-5.64406 -1.00882
-5.88697 -1.04391
-6.10149 -1.05407
-6.29392 -1.03482
-6.47374 -0.997209
-6.62831 -0.961698
-6.75765 -0.947305
-6.85229 -0.961698
-6.91854 -0.997209
-6.9564 -1.03482
-6.97848 -1.05407
-6.98794 -1.04391
-6.9911 -1.00882
-6.96271 -0.967018
-6.92485 -0.941317
-6.84914 -0.947112
-6.74188 -0.983592
-6.61885 -1.03294
-6.48635 -1.06846
-6.3444 -1.06824
-6.19297 -1.02759
-6.03524 -0.963924
-5.86489 -0.910595
-5.66299 -0.901482
-5.44216 -0.95267
-5.18979 -1.04963
-4.92795 -1.14656
-4.68504 -1.17964
-4.43267 -1.08997
-4.20238 -0.84735
-3.95947 -0.465196
-3.68186 5.56475e-13
-3.34116 0.465196
-2.90582 0.84735
-2.36006 1.08997
-1.78276 1.17964
-1.22123 1.14656
-0.662858 1.04963
-0.123412 0.95267
0.397106 0.901482
0.905005 0.910595
1.39713 0.963924
1.85771 1.02759
2.30883 1.06824
2.73786 1.06846
3.16058 1.03294
3.5486 0.983592
3.9177 0.947112
4.28048 0.941317
4.60857 0.967018
4.91141 1.00882
5.17009 1.04391
5.413 1.05407
5.63383 1.03482
5.82626 0.997209
5.99346 0.961698
6.11964 0.947305
6.22059 0.961698
6.28999 0.997209
6.32785 1.03482
6.34047 1.05407
6.33731 1.04391
6.32785 1.00882
6.28999 0.967018
6.23321 0.941317
6.15434 0.947112
6.04709 0.983592
5.91775 1.03294
5.76001 1.06846
5.59913 1.06824
5.41931 1.02759
5.23634 0.963924
5.0376 0.910595
4.81993 0.901482
4.57386 0.95267
4.31203 1.04963
4.05019 1.14656
3.80728 1.17964
3.57068 1.08997
3.34671 0.84735
3.12273 0.465196
2.84512 -1.24771e-12
2.51072 -0.465196
2.09431 -0.84735
1.58326 -1.08997
1.01857 -1.17964
0.466508 -1.14656
-0.0824015 -1.04963
-0.606075 -0.95267
