data = [-0.10133 0.571356
-0.0981749 0.988041
-0.0540106 1.17056
0.0911035 1.14656
0.286692 1.02315
0.523291 0.919651
0.737808 0.903108
0.911314 0.963924
1.0722 1.04095
1.20785 1.07362
1.33719 1.04416
1.46969 0.983592
1.58641 0.942436
1.69051 0.950885
1.74414 0.998093
1.78831 1.04391
1.82616 1.05183
1.8514 1.01713
1.87348 0.969207
1.88926 0.947305
1.87979 0.969207
1.87033 1.01713
1.83563 1.05183
1.79777 1.04391
1.75676 0.998093
1.73152 0.950885
1.68105 0.942436
1.62111 0.983592
1.53909 1.04416
1.45707 1.07362
1.37505 1.04095
1.29618 0.963924
1.21732 0.903108
1.12583 0.919651
1.01542 1.02315
0.886078 1.14656
0.763045 1.17056
0.662097 0.988041
0.580076 0.571356
0.469663 1.62626e-14
0.324549 -0.571356
0.0595579 -0.988041
-0.315847 -1.17056
-0.795353 -1.14656
-1.30956 -1.02315
-1.81115 -0.919651
-2.28751 -0.903108
-2.72285 -0.963924
-3.12033 -1.04095
-3.48627 -1.07362
-3.8396 -1.04416
-4.17399 -0.983592
-4.48315 -0.942436
-4.73867 -0.950885
-4.9595 -0.998093
-5.15193 -1.04391
-5.31282 -1.05183
-5.46425 -1.01713
-5.57781 -0.969207
-5.66614 -0.947305
-5.73554 -0.969207
-5.77025 -1.01713
-5.78917 -1.05183
-5.78602 -1.04391
-5.78602 -0.998093
-5.74185 -0.950885
-5.67561 -0.942436
-5.59359 -0.983592
-5.49895 -1.04416
-5.37592 -1.07362
-5.25919 -1.04095
-5.13301 -0.963924
-5.00051 -0.903108
-4.84593 -0.919651
-4.66296 -1.02315
-4.46422 -1.14656
-4.2497 -1.17056
-4.0478 -0.988041
-3.85852 -0.571356
-3.64401 3.89464e-14
-3.37586 0.571356
-3.01308 0.988041
-2.5178 1.17056
-1.9468 1.14656
-1.37896 1.02315
-0.820591 0.919651
-0.27168 0.903108
0.264611 0.963924
0.77251 1.04095
1.28041 1.07362
1.76623 1.04416
2.24258 0.983592
2.68107 0.942436
3.12273 0.950885
3.52968 0.998093
3.88931 1.04391
4.22055 1.05183
4.53285 1.01713
4.82624 0.969207
5.09123 0.947305
5.32783 0.969207
5.52342 1.01713
5.69692 1.05183
5.82941 1.04391
5.95876 0.998093
6.09756 0.950885
6.14173 0.942436
6.16065 0.983592
6.17327 1.04416
6.17012 1.07362
6.14488 1.04095
6.09441 0.963924
6.05024 0.903108
5.98084 0.919651
5.85781 1.02315
5.719 1.14656
5.57073 1.17056
5.42877 0.988041
5.28051 0.571356
5.05337 1.06392e-13
4.85778 -0.571356
4.51077 -0.988041
4.02811 -1.17056
3.4445 -1.14656
2.81357 -1.02315
2.20788 -0.919651
1.62111 -0.903108
1.05327 -0.963924
0.501209 -1.04095
-0.0445454 -1.07362
-0.568219 -1.04416
-1.08558 -0.983592
-1.58402 -0.942436
-2.05406 -0.950885
-2.46101 -0.998093
-2.9973 -1.04391
-3.20866 -1.05183
-3.54306 -1.01713
-3.86168 -0.969207
-4.14244 -0.947305
-4.39482 -0.969207
-4.63141 -1.01713
-4.83647 -1.05183
-5.02575 -1.04391
-5.21503 -0.998093
-5.36645 -0.950885
-5.49264 -0.942436
-5.59674 -0.983592
-5.66614 -1.04416
-5.71977 -1.07362
-5.77025 -1.04095
-5.81441 -0.963924
-5.85227 -0.903108
-5.8428 -0.919651
-5.81126 -1.02315
-5.75447 -1.14656
-5.68507 -1.17056
-5.62513 -0.988041
-5.56835 -0.571356
-5.48002 -2.56528e-13
-5.32544 0.571356
-5.06676 0.988041
-4.67558 1.17056
-4.16137 1.14656
-3.58722 1.02315
-2.99099 0.919651
-2.40107 0.903108
-1.85216 0.963924
-1.32849 1.04095
-0.8269 1.07362
-0.331619 1.04416
0.154198 0.983592
0.617933 0.942436
1.05643 0.950885
1.45707 0.998093
1.81985 1.04391
2.16371 1.05183
2.48233 1.01713
2.78833 0.969207
3.08487 0.947305
3.33724 0.969207
3.55807 1.01713
3.75681 1.05183
3.9524 1.04391
4.12275 0.998093
4.28048 0.950885
4.41298 0.942436
4.51708 0.983592
4.59595 1.04416
4.64642 1.07362
4.69059 1.04095
4.7316 0.963924
4.74737 0.903108
4.74737 0.919651
4.70321 1.02315
4.64958 1.14656
4.57702 1.17056
4.50131 0.988041
4.43821 0.571356
4.34358 3.98549e-13
4.17323 -0.571356
3.89562 -0.988041
3.48866 -1.17056
2.96184 -1.14656
2.38769 -1.02315
1.79777 -0.919651
1.22678 -0.903108
0.67787 -0.963924
0.166816 -1.04095
-0.315847 -1.07362
-0.789045 -1.04416
-1.23385 -0.983592
-1.68181 -0.942436
-2.08876 -0.950885
-2.46101 -0.998093
-2.80487 -1.04391
-3.11087 -1.05183
-3.39479 -1.01713
-3.68186 -0.969207
-3.92793 -0.947305
-4.15191 -0.969207
-4.33803 -1.01713
-4.49892 -1.05183
-4.6535 -1.04391
-4.79546 -0.998093
-4.93111 -0.950885
-5.03837 -0.942436
-5.11408 -0.983592
-5.16771 -1.04416
-5.21503 -1.07362
-5.24973 -1.04095
-5.27496 -0.963924
-5.28443 -0.903108
-5.26866 -0.919651
-5.21187 -1.02315
-5.14878 -1.14656
-5.06045 -1.17056
-4.98474 -0.988041
-4.90587 -0.571356
-4.81438 -5.47728e-13
-4.63772 0.571356
-4.37589 0.988041
-3.95947 1.17056
-3.45157 1.14656
-2.87743 1.02315
-2.28435 0.919651
-1.70705 0.903108
-1.15183 0.963924
-0.631312 1.04095
-0.126567 1.07362
0.371869 1.04416
0.863995 0.983592
1.33404 0.942436
1.75992 0.950885
2.15425 0.998093
2.50757 1.04391
2.82934 1.05183
3.15743 1.01713
3.4445 0.969207
3.72842 0.947305
3.95555 0.969207
4.16061 1.01713
4.33727 1.05183
4.51077 1.04391
4.67797 0.998093
4.81362 0.950885
4.91772 0.942436
4.98712 0.983592
5.04391 1.04416
5.0723 1.07362
5.08807 1.04095
5.09754 0.963924
5.08807 0.903108
5.06284 0.919651
5.00921 1.02315
4.91772 1.14656
4.81677 1.17056
4.72844 0.988041
4.64642 0.571356
4.52655 6.951e-13
4.33727 -0.571356
4.0218 -0.988041
3.59908 -1.17056
3.05648 -1.14656
2.45394 -1.02315
1.84825 -0.919651
1.26779 -0.903108
0.706262 -0.963924
0.179435 -1.04095
-0.319001 -1.07362
-0.811128 -1.04416
-1.28432 -0.983592
-1.73859 -0.942436
-2.15816 -0.950885
-2.53357 -0.998093
-2.89004 -1.04391
-3.21182 -1.05183
-3.53044 -1.01713
-3.83013 -0.969207
-4.19292 -0.947305
-4.36642 -0.969207
-4.58725 -1.01713
-4.78599 -1.05183
-4.96265 -1.04391
-5.12985 -0.998093
-5.27181 -0.950885
-5.40115 -0.942436
-5.48948 -0.983592
-5.56519 -1.04416
-5.62198 -1.07362
-5.65037 -1.04095
-5.67876 -0.963924
-5.68823 -0.903108
-5.6693 -0.919651
-5.6062 -1.02315
-5.52103 -1.14656
-5.44216 -1.17056
-5.34121 -0.988041
-5.24973 -0.571356
-5.12985 -6.75135e-13
-4.94373 0.571356
-4.65665 0.988041
-4.23393 1.17056
-3.69448 1.14656
-3.09825 1.02315
-2.50833 0.919651
-1.92787 0.903108
-1.34742 0.963924
-0.798508 1.04095
-0.27168 1.07362
0.242527 1.04416
0.750426 0.983592
1.2394 0.942436
1.68736 0.950885
2.09431 0.998093
2.48233 1.04391
2.82619 1.05183
3.15427 1.01713
3.46658 0.969207
3.76627 0.947305
4.03127 0.969207
4.25209 1.01713
4.45399 1.05183
4.6338 1.04391
4.801 0.998093
4.94927 0.950885
5.07546 0.942436
5.16379 0.983592
5.23634 1.04416
5.2742 1.07362
5.30574 1.04095
5.33098 0.963924
5.34675 0.903108
5.31836 0.919651
5.26789 1.02315
5.18587 1.14656
5.09123 1.17056
4.99974 0.988041
4.90826 0.571356
4.79469 -1.55967e-14
4.60541 -0.571356
4.2931 -0.988041
3.86091 -1.17056
3.32147 -1.14656
2.71893 -1.02315
2.11639 -0.919651
1.53278 -0.903108
0.964943 -0.963924
0.431809 -1.04095
-0.0824004 -1.07362
-0.577681 -1.04416
-1.06981 -0.983592
-1.54301 -0.942436
-1.96258 -0.950885
-2.36006 -0.998093
-2.71654 -1.04391
-3.06355 -1.05183
-3.39794 -1.01713
-3.71972 -0.969207
-4.0131 -0.947305
-4.28125 -0.969207
-4.51785 -1.01713
-4.73236 -1.05183
-4.92164 -1.04391
-5.10146 -0.998093
-5.26235 -0.950885
-5.4043 -0.942436
-5.50526 -0.983592
-5.58728 -1.04416
-5.64721 -1.07362
-5.70084 -1.04095
-5.73554 -0.963924
-5.75132 -0.903108
-5.74501 -0.919651
-5.69453 -1.02315
-5.62198 -1.14656
-5.54627 -1.17056
-5.45794 -0.988041
-5.37592 -0.571356
-5.25919 6.97034e-13
-5.07307 0.571356
-4.78915 0.988041
-4.35696 1.17056
-3.81751 1.14656
-3.20866 1.02315
-2.60297 0.919651
-2.0099 0.903108
-1.43575 0.963924
-0.877375 1.04095
-0.350547 1.07362
0.18259 1.04416
0.693644 0.983592
1.19208 0.942436
1.65581 0.950885
2.08485 0.998093
2.46971 1.04391
2.8325 1.05183
3.18582 1.01713
3.51075 0.969207
3.8199 0.947305
4.0912 0.969207
4.33411 1.01713
4.54547 1.05183
4.7316 1.04391
4.91457 0.998093
5.06914 0.950885
5.2048 0.942436
5.3089 0.983592
5.38146 1.04416
5.42878 1.07362
5.47294 1.04095
5.50449 0.963924
5.52026 0.903108
5.50133 0.919651
5.46663 1.02315
5.39723 1.14656
5.31205 1.17056
5.23003 0.988041
5.1417 0.571356
5.04706 -1.38119e-12
4.85463 -0.571356
4.53917 -0.988041
4.1196 -1.17056
3.59592 -1.14656
2.99339 -1.02315
2.38454 -0.919651
1.79146 -0.903108
1.22678 -0.963924
0.687334 -1.04095
0.169971 -1.07362
-0.319 -1.04416
-0.807972 -0.983592
-1.27801 -0.942436
-1.69443 -0.950885
