data = [-0.164423 0.745528
-0.167578 1.14338
-0.132876 1.13864
0.0500927 0.96946
0.274074 0.898892
0.491744 0.977023
0.671561 1.06588
0.838758 1.05029
1.00595 0.970211
1.17 0.941317
1.30249 0.995928
1.4129 1.05158
1.50123 1.03159
1.59587 0.967606
1.67159 0.951031
1.71891 1.00527
1.75992 1.0534
1.78515 1.02491
1.80093 0.95667
1.81039 0.947112
1.80408 1.01833
1.782 1.07341
1.75045 1.0218
1.74099 0.918663
1.70313 0.919651
1.66843 1.07093
1.60534 1.18104
1.5454 0.962945
1.50754 0.330879
1.44761 -0.465196
1.31196 -1.03354
1.02488 -1.17825
0.570612 -1.03897
0.0627137 -0.906873
-0.457805 -0.933642
-0.937313 -1.03842
-1.36635 -1.07029
-1.77961 -1.00322
-2.18971 -0.941754
-2.55565 -0.967018
-2.90582 -1.03538
-3.20866 -1.0496
-3.49258 -0.9932
-3.75758 -0.947907
-3.98786 -0.977834
-4.18661 -1.04069
-4.35696 -1.04625
-4.50523 -0.983046
-4.64088 -0.939426
-4.75129 -0.983592
-4.83331 -1.0608
-4.88694 -1.05634
-4.93426 -0.95751
-4.97527 -0.898607
-4.99105 -0.99765
-4.97212 -1.1604
-4.93742 -1.10564
-4.89956 -0.632024
-4.87748 0.143594
-4.78915 0.84735
-4.55886 1.16774
-4.18661 1.11171
-3.68186 0.944986
-3.13611 0.904356
-2.60297 0.996777
-2.12031 1.07169
-1.63134 1.03756
-1.14237 0.958688
-0.669167 0.94616
-0.23067 1.00882
0.185745 1.05423
0.592695 1.02094
0.968097 0.959067
1.33088 0.956673
1.65266 1.01713
1.95866 1.05449
2.2268 1.01301
2.49495 0.948382
2.73786 0.955356
2.96815 1.03294
3.16374 1.07277
3.3404 1.00324
3.52021 0.907233
3.68425 0.937817
3.80728 1.1019
3.89877 1.17304
3.99656 0.878479
4.10698 0.191039
4.17638 -0.591848
4.16376 -1.08997
3.97448 -1.16619
3.63063 -1.00768
3.20475 -0.899732
2.75363 -0.951236
2.38454 -1.05238
2.0186 -1.0637
1.62742 -0.988359
1.2741 -0.939485
0.917624 -0.978868
0.611622 -1.04391
0.299311 -1.04329
-0.0035357 -0.981531
-0.268526 -0.947456
-0.530363 -0.989236
-0.773272 -1.04776
-0.990942 -1.03846
-1.20861 -0.97083
-1.39789 -0.940649
-1.59033 -0.998197
-1.74806 -1.06846
-1.89633 -1.0434
-2.02882 -0.939265
-2.16763 -0.903862
-2.27804 -1.02839
-2.37268 -1.17518
-2.43893 -1.05393
-2.52095 -0.508365
-2.61243 0.284768
-2.63767 0.936305
-2.54303 1.17964
-2.33482 1.08145
-1.98781 0.925128
-1.57771 0.914416
-1.21177 1.01579
-0.848984 1.07362
-0.495662 1.02329
-0.148651 0.949553
0.173125 0.953654
0.457045 1.02107
0.715727 1.05407
0.958634 1.00928
1.17315 0.952644
1.38136 0.964549
1.56433 1.02818
1.75992 1.05277
1.83878 1.00026
1.96812 0.942615
2.088 0.966135
2.17633 1.04626
2.24258 1.06824
2.29621 0.983631
2.36245 0.900163
2.40977 0.960839
2.43816 1.13015
2.43501 1.15295
2.45078 0.780832
2.46656 0.0479849
2.47287 -0.708923
2.3593 -1.13232
2.07223 -1.14656
1.66212 -0.978496
1.17 -0.898199
0.722036 -0.970441
0.296157 -1.0631
-0.107639 -1.05408
-0.495661 -0.974494
-0.874219 -0.940347
-1.20861 -0.9916
-1.51462 -1.0501
-1.80169 -1.03482
-2.06037 -0.970852
-2.30643 -0.9497
-2.53041 -1.00124
-2.71338 -1.05243
-2.87427 -1.02858
-3.03831 -0.959917
-3.18027 -0.944992
-3.29699 -1.01331
-3.39479 -1.07278
-3.47681 -1.02759
-3.55883 -0.923306
-3.63139 -0.914775
-3.68817 -1.0603
-3.71656 -1.18124
-3.72603 -0.988041
-3.76073 -0.376374
-3.77966 0.421173
-3.71972 1.01158
-3.50205 1.18029
-3.15819 1.04963
-2.70392 0.910513
-2.23388 0.92831
-1.79853 1.03314
-1.39789 1.07174
-0.997252 1.00826
-0.606075 0.943204
-0.23067 0.963373
0.100568 1.03208
0.406569 1.05116
0.687333 0.997209
0.964943 0.948656
1.22362 0.974267
1.44445 1.03786
1.64004 1.04831
1.81354 0.987298
1.9839 0.939715
2.13847 0.978963
2.26466 1.05759
2.36876 1.05992
2.47602 0.963924
2.57066 0.898099
2.64006 0.987907
2.70316 1.15384
2.7347 1.11975
2.77887 0.671069
2.82303 -0.0958796
2.8325 -0.814788
2.70316 -1.16106
2.42239 -1.12115
2.00282 -0.95267
1.52963 -0.901991
1.09428 -0.990228
0.690489 -1.07018
0.289847 -1.04201
-0.0697828 -0.962288
-0.448341 -0.944233
-0.776425 -1.00456
-1.08243 -1.05365
-1.36319 -1.02463
-1.61872 -0.961698
-1.87109 -0.954527
-2.08876 -1.01324
-2.27173 -1.05443
-2.43893 -1.0171
-2.58089 -0.950885
-2.71969 -0.952306
-2.83642 -1.02817
-2.93737 -1.07341
-3.01308 -1.00959
-3.10141 -0.910595
-3.17081 -0.93119
-3.21497 -1.09179
-3.25283 -1.17699
-3.2686 -0.908141
-3.30015 -0.238126
-3.32539 0.550606
-3.25283 1.07274
-3.01308 1.17114
-2.64398 1.01794
-2.20548 0.901482
-1.73229 0.945142
-1.31587 1.04806
-0.927847 1.06626
-0.555599 0.993236
-0.189659 0.939892
0.154198 0.974788
0.475973 1.04131
0.77251 1.04565
1.04381 0.985339
1.30249 0.947305
1.53909 0.985339
1.72521 1.04565
1.88926 1.04131
2.05645 0.974788
2.18895 0.939892
2.32144 0.993236
2.42239 1.06626
2.4981 1.04806
2.58328 0.945142
2.6653 0.901482
2.71893 1.01794
2.75363 1.17114
2.76625 1.07274
2.77571 0.550606
2.79464 -0.238126
2.77256 -0.908141
2.60536 -1.17699
2.27412 -1.09179
1.83247 -0.93119
1.34666 -0.910595
0.90185 -1.00959
0.472817 -1.07341
0.08795 -1.02817
-0.309537 -0.952306
-0.688095 -0.950885
-1.02564 -1.0171
-1.33795 -1.05443
-1.61556 -1.01324
-1.88686 -0.954527
-2.13608 -0.961698
-2.36006 -1.02463
-2.53988 -1.05365
-2.68815 -1.00456
-2.85534 -0.944233
-2.99415 -0.962288
-3.10772 -1.04201
-3.19605 -1.07018
-3.29069 -0.990228
-3.37271 -0.901991
-3.42949 -0.95267
-3.46735 -1.12115
-3.49258 -1.16106
-3.50836 -0.814788
-3.53359 -0.0958796
-3.53359 0.671069
-3.42318 1.11975
-3.14873 1.15384
-2.73862 0.987907
-2.27489 0.898099
-1.79853 0.963924
-1.38212 1.05992
-0.965705 1.05759
-0.429413 0.978963
-0.180195 0.939715
0.204672 0.987298
0.529602 1.04831
0.829294 1.03786
1.12899 0.974267
1.39713 0.948656
1.63373 0.997209
1.84509 1.05116
2.02175 1.03208
2.20157 0.963373
2.36561 0.943204
2.50441 1.00826
2.61798 1.07174
2.71578 1.03314
2.81357 0.92831
2.9019 0.910513
2.95868 1.04963
2.99023 1.18029
3.01862 1.01158
3.05963 0.421173
3.08802 -0.376374
3.05017 -0.988041
2.84827 -1.18124
2.50126 -1.0603
2.04699 -0.914775
1.57064 -0.923306
1.13845 -1.02759
0.734653 -1.07278
0.352941 -1.01331
-0.0413907 -0.944992
-0.423103 -0.959917
-0.738569 -1.02858
-1.03195 -1.05243
-1.31272 -1.00124
-1.58086 -0.9497
-1.83324 -0.970852
-2.0446 -1.03482
-2.23072 -1.0501
-2.40738 -0.9916
-2.57142 -0.940347
-2.71654 -0.974494
-2.83011 -1.05408
-2.92475 -1.0631
-3.01939 -0.970441
-3.10772 -0.898199
-3.17712 -0.978496
-3.2339 -1.14656
-3.25914 -1.13232
-3.29384 -0.708923
-3.33485 0.0479849
-3.33485 0.780832
-3.21813 1.15295
-2.94052 1.13015
-2.53988 0.960839
-2.0793 0.900163
-1.63765 0.983631
-1.2307 1.06824
-0.848982 1.04626
-0.46096 0.966135
-0.0950191 0.942615
0.242528 1.00026
0.54853 1.05277
0.829294 1.02818
1.10059 0.964549
1.36243 0.952644
1.58641 1.00928
1.77253 1.05407
1.94604 1.02107
2.11955 0.953654
2.25835 0.949553
2.394 1.02329
2.48864 1.07362
2.57697 1.01579
2.66846 0.914416
2.74101 0.925128
2.79464 1.08145
2.81988 1.17964
2.83881 0.936305
2.87351 0.284768
2.88928 -0.508365
2.84196 -1.05393
2.60536 -1.17518
2.22365 -1.02839
1.75676 -0.903862
1.28041 -0.939265
0.857686 -1.0434
0.4602 -1.06846
0.078486 -0.998197
-0.319 -0.940649
-0.675477 -0.97083
-0.997252 -1.03846
-1.28748 -1.04776
-1.55562 -0.989236
-1.82377 -0.947456
-2.05406 -0.981531
-2.2528 -1.04329
-2.43262 -1.04391
-2.59035 -0.978868
-2.74178 -0.939485
-2.87427 -0.988359
-2.98153 -1.0637
-3.06355 -1.05238
-3.15188 -0.951236
-3.2339 -0.899732
-3.297 -1.00768
-3.32539 -1.16619
-3.33485 -1.08997
-3.36324 -0.591848
-3.39479 0.191039
-3.36955 0.878479
-3.18974 1.17304
-2.89004 1.1019
-2.46101 0.937817
-1.98781 0.907233
-1.54301 1.00324
-1.12975 1.07277
-0.741725 1.03294
-0.347392 0.955356
0.0406298 0.948382
0.378178 1.01301
0.687333 1.05449
0.977561 1.01713
1.25833 0.956673
1.5107 0.959067
1.74414 1.02094
1.93027 1.05423
2.10062 1.00882
2.26782 0.94616
2.42555 0.958688
2.55173 1.03756
2.65268 1.07169
2.74732 0.996777
2.84511 0.904356
2.92398 0.944986
2.93976 1.11171
2.97446 1.16774
3.01547 0.84735
3.05648 0.143594
3.07541 -0.632024
2.99023 -1.10564
2.72208 -1.1604
2.31513 -0.99765
1.84509 -0.898607
1.36874 -0.95751
0.955479 -1.05634
0.573766 -1.0608
0.188899 -0.983592
-0.180195 -0.939426
-0.527208 -0.983046
-0.836364 -1.04625
-1.14552 -1.04069
-1.40736 -0.977834
-1.66919 -0.947907
