data = [-0.139186 0.727385
-0.129722 1.13232
-0.088712 1.15028
0.0816395 0.987907
0.31193 0.898276
0.523292 0.95751
0.715726 1.05441
0.876614 1.0637
1.05012 0.990785
1.20154 0.939892
1.34981 0.972792
1.45707 1.03846
1.5454 1.04871
1.63373 0.9932
1.70944 0.948245
1.76623 0.974267
1.80093 1.03636
1.82301 1.0501
1.83247 0.993762
1.84194 0.941317
1.83878 0.968146
1.8167 1.04626
1.782 1.06926
1.75045 0.990228
1.72206 0.903108
1.69367 0.944986
1.64004 1.10685
1.56433 1.17304
1.49493 0.893495
1.45076 0.238126
1.37505 -0.529606
1.22047 -1.05393
0.908161 -1.17684
0.444426 -1.03897
-0.0729375 -0.908615
-0.5903 -0.92831
-1.06981 -1.0304
-1.5083 -1.07278
-1.92157 -1.01583
-2.31905 -0.947112
-2.69446 -0.955132
-3.02885 -1.02107
-3.31908 -1.05429
-3.59984 -1.01324
-3.85852 -0.955568
-4.08881 -0.959067
-4.29387 -1.01905
-4.45791 -1.05449
-4.59987 -1.01506
-4.72921 -0.950885
-4.84593 -0.950891
-4.93111 -1.02329
-4.98158 -1.07357
-5.01944 -1.0218
-5.05414 -0.920937
-5.06991 -0.914775
-5.05729 -1.05497
-5.00997 -1.18029
-4.96265 -1.02276
-4.9248 -0.465196
-4.87117 0.307895
-4.74498 0.936305
-4.46737 1.17848
-4.05096 1.09179
-3.51467 0.934434
-2.9626 0.907233
-2.43262 1.00002
-1.93418 1.07169
-1.4389 1.03981
-0.949931 0.962288
-0.470424 0.943385
-0.0256173 1.00026
0.390797 1.05222
0.788282 1.03159
1.17 0.969207
1.51701 0.9497
1.84825 0.999223
2.15109 1.05116
2.42555 1.03376
2.68738 0.967018
2.93345 0.941159
3.15743 0.998197
3.35301 1.06741
3.53914 1.04806
3.69056 0.948164
3.84829 0.899732
3.98079 1.00263
4.07858 1.1604
4.1543 1.11289
4.23947 0.671069
4.31518 -0.0719492
4.34673 -0.780832
4.25209 -1.14835
4.00287 -1.13864
3.6117 -0.973929
3.15743 -0.898199
2.71262 -0.967172
2.30252 -1.05992
1.92396 -1.05923
1.54855 -0.983592
1.17946 -0.939412
0.810366 -0.978868
0.472819 -1.04264
0.179436 -1.04565
-0.129721 -0.987278
-0.432567 -0.947456
-0.823745 -0.979667
-0.984633 -1.04069
-1.18968 -1.04732
-1.40105 -0.987298
-1.61872 -0.939989
-1.81431 -0.974494
-1.97835 -1.05222
-2.13293 -1.06588
-2.27489 -0.980326
-2.43262 -0.900163
-2.56196 -0.956696
-2.6566 -1.12115
-2.73862 -1.16458
-2.84272 -0.84735
-2.94683 -0.167356
-3.01623 0.591848
-3.05093 1.08155
-2.87112 1.17114
-2.54619 1.02315
-2.15816 0.903862
-1.71336 0.936419
-1.35373 1.03842
-0.990941 1.07106
-0.64393 1.00826
-0.306381 0.944056
0.0153924 0.959917
0.31193 1.02677
0.561147 1.0534
0.797746 1.00728
1.03119 0.952644
1.30249 0.963097
1.43814 1.02463
1.59903 1.05398
1.74099 1.00882
1.86717 0.947235
1.99967 0.955356
2.10377 1.03057
2.18264 1.07341
2.25204 1.01271
2.3246 0.914416
2.39085 0.922315
2.4287 1.07093
2.44447 1.18129
2.4634 0.988041
2.49495 0.398866
2.51703 -0.376374
2.47602 -0.975687
2.25835 -1.18104
1.89557 -1.0762
1.43499 -0.925128
0.95548 -0.91245
0.523292 -1.00959
0.103723 -1.07314
-0.27168 -1.03294
-0.653395 -0.956988
-1.01933 -0.94616
-1.34742 -1.0067
-1.65973 -1.05365
-1.92157 -1.02642
-2.16132 -0.964549
-2.3853 -0.951803
-2.59035 -1.00527
-2.7607 -1.05295
-2.9279 -1.02858
-3.09194 -0.96162
-3.23075 -0.943204
-3.34747 -1.00574
-3.45157 -1.07029
-3.52729 -1.04095
-3.603 -0.939265
-3.6724 -0.902593
-3.73549 -1.01794
-3.74811 -1.16877
-3.76388 -1.08997
-3.78281 -0.612074
-3.81751 0.143594
-3.78912 0.831245
-3.63454 1.16106
-3.31908 1.12571
-2.8932 0.960839
-2.41685 0.899457
-1.96888 0.977023
-1.5367 1.06454
-1.13921 1.05408
-0.744878 0.976707
-0.353702 0.939715
0.00277367 0.985164
0.327703 1.04625
0.63055 1.04202
0.911314 0.981531
1.18892 0.947343
1.43499 0.985339
1.65266 1.0445
1.83878 1.04391
2.02806 0.980946
2.19841 0.939426
2.34668 0.981259
2.46971 1.05759
2.58328 1.06156
2.67792 0.970441
2.77887 0.898472
2.85142 0.96946
2.90505 1.13446
2.92714 1.15295
2.96815 0.797982
3.01231 0.0958796
3.01862 -0.651692
2.93029 -1.10564
2.67161 -1.1634
2.27097 -1.00768
1.80093 -0.900528
1.34981 -0.945142
0.933397 -1.04578
0.545375 -1.06846
0.169971 -1.0007
-0.202278 -0.941754
-0.5556 -0.965173
-0.858446 -1.03208
-1.14237 -1.05183
-1.40736 -1.00124
-1.67235 -0.95033
-1.90579 -0.967606
-2.09823 -1.02991
-2.26227 -1.05277
-2.42315 -1.00241
-2.57458 -0.944233
-2.71969 -0.960456
-2.83642 -1.03756
-2.9279 -1.07228
-3.01623 -1.00324
-3.11087 -0.908855
-3.18658 -0.93119
-3.24337 -1.08665
-3.26545 -1.17964
-3.28438 -0.949817
-3.32854 -0.330879
-3.35378 0.443287
-3.30646 1.01158
-3.10141 1.1809
-2.75755 1.0603
-2.31905 0.917137
-1.85532 0.918663
-1.43259 1.01882
-1.04457 1.07362
-0.662858 1.02575
-0.287454 0.952306
0.0784848 0.949599
0.532755 1.01301
0.737808 1.0544
0.968097 1.02094
1.22047 0.960354
1.45707 0.954527
1.65897 1.01127
1.82616 1.05407
1.9839 1.02301
2.12901 0.95667
2.26781 0.946011
2.38138 1.01331
2.46971 1.07231
2.55489 1.03314
2.64006 0.930937
2.72208 0.906873
2.76309 1.03367
2.77887 1.17518
2.78202 1.06353
2.80095 0.550606
2.81357 -0.214633
2.7978 -0.878479
2.62114 -1.17056
2.2899 -1.11171
1.84509 -0.948765
1.35927 -0.901991
0.90185 -0.986933
0.491745 -1.06824
0.100568 -1.04831
-0.27799 -0.970211
-0.653394 -0.94079
-0.990942 -0.9916
-1.29379 -1.04924
-1.55563 -1.03786
-1.81115 -0.976033
-2.05721 -0.947907
-2.27173 -0.991211
-2.4547 -1.04776
-2.60928 -1.03991
-2.76386 -0.974788
-2.90266 -0.939645
-3.0604 -0.988359
-3.12349 -1.06229
-3.20867 -1.05634
-3.27491 -0.960702
-3.33801 -0.898099
-3.39479 -0.983157
-3.41372 -1.14656
-3.42634 -1.13804
-3.44526 -0.745528
-3.47366 -0.0239981
-3.45473 0.708923
-3.32539 1.12623
-3.03516 1.15384
-2.63136 0.99274
-2.15817 0.898607
-1.68812 0.954353
-1.26224 1.05238
-0.8616 1.06502
-0.473578 0.993236
-0.0855562 0.940227
0.280384 0.97083
0.592694 1.03695
0.895541 1.0496
1.16053 0.9952
1.43183 0.948656
1.67789 0.972539
1.87979 1.03482
2.06276 1.05088
2.23311 0.995928
2.40031 0.941925
2.53596 0.966135
2.65268 1.04416
2.74732 1.07018
2.82619 0.993511
2.91452 0.904356
2.97761 0.941335
3.02178 1.1019
3.03755 1.17518
3.05332 0.908141
3.08802 0.261508
3.1038 -0.508365
3.03755 -1.04393
2.79149 -1.17825
2.40977 -1.0443
1.93658 -0.910513
1.45391 -0.925765
1.02173 -1.02759
0.611622 -1.07315
0.226755 -1.01833
-0.164422 -0.948293
-0.530361 -0.953654
-0.852137 -1.0191
-1.15183 -1.05443
-1.43259 -1.0152
-1.69443 -0.956673
-1.93734 -0.95784
-2.14239 -1.01713
-2.32536 -1.0545
-2.49887 -1.0171
-2.65975 -0.952237
-2.80487 -0.949553
-2.93421 -1.02082
-3.0257 -1.07341
-3.11718 -1.02472
-3.20866 -0.923306
-3.28753 -0.912567
-3.34431 -1.04963
-3.37902 -1.1794
-3.40741 -1.03354
-3.44211 -0.486892
-3.47366 0.284768
-3.44526 0.922412
-3.2686 1.17699
-2.94367 1.09688
-2.50518 0.937817
-2.03513 0.905732
-1.59664 0.996777
-1.196 1.07099
-0.798509 1.04201
-0.416794 0.964181
-0.0319266 0.942615
0.308776 0.998093
0.608469 1.05158
0.892387 1.03323
1.17 0.970852
1.43183 0.949142
1.65266 0.997209
1.84194 1.05041
2.0186 1.03538
2.18895 0.968904
2.34984 0.940649
2.46971 0.995708
2.58328 1.06626
2.67792 1.05027
2.7694 0.951236
2.86089 0.899091
2.92083 0.99765
2.95553 1.15721
2.97761 1.11975
3.01231 0.690149
3.04071 -0.0479849
3.03755 -0.763346
2.89559 -1.14338
2.62114 -1.14268
2.19526 -0.978496
1.72206 -0.898074
1.27094 -0.963924
0.863995 -1.05818
0.475972 -1.0608
0.0847953 -0.98596
-0.277989 -0.939485
-0.621847 -0.976814
-0.921539 -1.04131
-1.19599 -1.04674
-1.46414 -0.989236
-1.71651 -0.947644
-1.93734 -0.977834
-2.12977 -1.0393
-2.29066 -1.04831
-2.45155 -0.989444
-2.59351 -0.940347
-2.72916 -0.972328
-2.83957 -1.05029
-2.92475 -1.06711
-3.00677 -0.983631
-3.08879 -0.901009
-3.15504 -0.95267
-3.19289 -1.11648
-3.21497 -1.16774
-3.22759 -0.863096
-3.26545 -0.191039
-3.27491 0.571356
-3.18343 1.07274
-2.94683 1.17328
-2.57142 1.02839
-2.10769 0.905289
-1.63449 0.933642
-1.22439 1.03582
-0.820591 1.07174
-0.429413 1.01079
-0.0477 0.944992
0.324549 0.958266
0.649478 1.02491
0.942861 1.05377
1.22047 1.00928
1.49493 0.953552
1.73468 0.961698
1.9555 1.0228
2.14163 1.05423
2.30883 1.01092
2.47602 0.948382
2.62114 0.953794
2.74101 1.02817
2.84512 1.07357
2.9366 1.01579
3.01547 0.916488
3.1038 0.919651
3.15427 1.06562
3.17951 1.18124
3.20159 1
3.22052 0.421173
3.24576 -0.353709
3.19844 -0.962945
2.99023 -1.18049
