data = [-0.167578 0.831245
-0.158114 1.17699
-0.110794 1.06562
0.0784848 0.906873
0.302466 0.948164
0.501209 1.05992
0.677869 1.04831
0.845067 0.958688
1.02488 0.952237
1.17315 1.02858
1.29934 1.04871
1.4129 0.981531
1.51701 0.949142
1.60849 1.00928
1.6779 1.0544
1.72522 1.00026
1.76623 0.939989
1.80408 0.988359
1.81039 1.06942
1.80093 1.02759
1.79462 0.91245
1.81355 0.944986
1.782 1.13446
1.73783 1.11975
1.69682 0.571356
1.68105 -0.330879
1.60849 -1.02276
1.38451 -1.17114
0.983872 -0.99274
0.482283 -0.898892
-0.0193079 -0.993511
-0.470424 -1.07341
-0.905766 -1.01583
-1.32533 -0.941754
-1.72913 -0.976814
-2.09192 -1.04831
-2.41685 -1.02991
-2.72916 -0.959067
-3.00677 -0.963097
-3.2686 -1.03482
-3.49259 -1.04511
-3.69448 -0.97083
-3.89007 -0.944056
-4.04465 -1.02329
-4.17714 -1.07228
-4.2844 -0.983631
-4.39482 -0.898074
-4.47684 -1.00768
-4.521 -1.17684
-4.55886 -0.988041
-4.59356 -0.261508
-4.6188 0.632024
-4.54939 1.13804
-4.31595 1.12115
-3.91846 0.934434
-3.44526 0.918663
-2.97522 1.03582
-2.53672 1.06626
-2.10453 0.981259
-1.67866 0.941317
-1.26224 1.0067
-0.877375 1.05443
-0.508281 1.00326
-0.14234 0.947907
0.207827 0.987278
0.516982 1.05116
0.813519 1.02301
1.09428 0.948382
1.36243 0.964181
1.60218 1.05408
1.82301 1.05441
2.02491 0.939265
2.2268 0.912567
2.40031 1.08145
2.55173 1.17056
2.69685 0.780832
2.84512 -0.0719492
2.96815 -0.878479
2.96184 -1.18049
2.78833 -1.04963
2.45394 -0.902593
2.09746 -0.95751
1.76938 -1.06454
1.45076 -1.04201
1.13214 -0.953794
0.816675 -0.95667
0.5296 -1.03376
0.283538 -1.04565
0.0406298 -0.976033
-0.202278 -0.951031
-0.429414 -1.0152
-0.628156 -1.05365
-0.804817 -0.993762
-0.981478 -0.939426
-1.12344 -0.995708
-1.25909 -1.07174
-1.3695 -1.01882
-1.47991 -0.907233
-1.59664 -0.956696
-1.64711 -1.14656
-1.71651 -1.098
-1.78592 -0.508365
-1.84585 0.398866
-1.88056 1.05393
-1.74806 1.1634
-1.34426 0.978496
-1.05088 0.901009
-0.659703 1.00324
-0.2843 1.07357
0.0595579 1.00826
0.403414 0.940227
0.722036 0.983046
1.01542 1.05088
1.26464 1.02463
1.51701 0.955568
1.73152 0.967606
1.92396 1.0393
2.09746 1.04131
2.22996 0.965173
2.40346 0.947112
2.47287 1.03057
2.5612 1.07018
2.63691 0.973726
2.69685 0.898607
2.73786 1.02315
2.75048 1.18029
2.75994 0.949817
2.77887 0.191039
2.7694 -0.690149
2.68107 -1.15295
2.40977 -1.10685
1.98074 -0.925128
1.48862 -0.925765
1.0028 -1.0434
0.573766 -1.06229
0.0532486 -0.974494
-0.255908 -0.943385
-0.631311 -1.01301
-0.990942 -1.05377
-1.32218 -0.997209
-1.63134 -0.947343
-1.92472 -0.9932
-2.1834 -1.05295
-2.41054 -1.0171
-2.6219 -0.945159
-2.81118 -0.970211
-2.97522 -1.05923
-3.11087 -1.04806
-3.23706 -0.930937
-3.35062 -0.919651
-3.4358 -1.09688
-3.48943 -1.16106
-3.55252 -0.727385
-3.62508 0.143594
-3.65347 0.922412
-3.54621 1.18124
-3.27491 1.03367
-2.86796 0.899732
-2.42947 0.967172
-2.01305 1.06824
-1.62503 1.03527
-1.23385 0.949553
-0.858447 0.96162
-0.50828 1.03846
-0.170733 1.04202
0.12896 0.970852
0.434961 0.953552
0.693643 1.02094
0.933396 1.05222
1.15422 0.987298
1.35927 0.939645
1.53594 1.00322
1.6842 1.07315
1.80724 1.00959
1.94604 0.903108
2.05961 0.96946
2.15109 1.15721
2.21103 1.07274
2.28043 0.443287
2.34984 -0.465196
2.36876 -1.08155
2.20472 -1.15384
1.87348 -0.965095
1.45076 -0.904356
1.02804 -1.01271
0.636858 -1.07278
0.267764 -1.0007
-0.107639 -0.939485
-0.457806 -0.989444
-0.782734 -1.05277
-1.07612 -1.01905
-1.36635 -0.952644
-1.62503 -0.972539
-1.86163 -1.04329
-2.06668 -1.03695
-2.26227 -0.959917
-2.43262 -0.950891
-2.59351 -1.03756
-2.70707 -1.06711
-2.83011 -0.963924
-2.94052 -0.900528
-3.02569 -1.03897
-3.08248 -1.18129
-3.1298 -0.908141
-3.18974 -0.119765
-3.23075 0.745528
-3.17081 1.16458
-2.93737 1.09179
-2.54303 0.917137
-2.10138 0.933642
-1.6755 1.05027
-1.28433 1.05759
-0.880528 0.968146
-0.50197 0.94616
-0.14234 1.0191
0.182589 1.05243
0.501209 0.991211
0.797747 0.947456
1.07536 0.999223
1.31826 1.05407
1.54225 1.01092
1.75361 0.942615
1.93973 0.976707
2.09746 1.0637
2.23311 1.04095
2.36876 0.923306
2.48864 0.928087
2.58013 1.11171
2.65268 1.14835
2.71262 0.671069
2.79464 -0.214633
2.82303 -0.962945
2.72524 -1.1794
2.4287 -1.01794
2.00913 -0.898276
1.56748 -0.977023
1.16684 -1.07099
0.785128 -1.02817
0.390797 -0.946011
0.0185482 -0.967018
-0.322155 -1.04264
-0.647084 -1.03786
-0.946775 -0.966053
-1.237 -0.956673
-1.502 -1.02642
-1.72913 -1.0501
-1.94365 -0.980946
-2.1487 -0.940649
-2.32536 -1.01079
-2.48625 -1.07362
-2.62505 -1.00002
-2.75755 -0.900163
-2.86796 -0.983157
-2.94367 -1.16619
-3.02254 -1.04393
-3.09194 -0.376374
-3.17396 0.529606
-3.19605 1.10564
-3.04147 1.14268
-2.72916 0.95267
-2.3159 0.908855
-1.89317 1.0218
-1.502 1.07106
-1.12975 0.993236
-0.760652 0.939528
-0.391558 0.995928
-0.0729363 1.05398
0.233065 1.01324
0.523292 0.95033
0.804056 0.977834
1.04066 1.04674
1.26148 1.03208
1.45076 0.955132
1.64004 0.955356
1.80093 1.04416
1.93973 1.0631
2.06907 0.954353
2.1921 0.903862
2.29305 1.05497
2.3593 1.17964
2.41924 0.863096
2.4981 0.0479849
2.55173 -0.797982
2.4918 -1.17304
2.23627 -1.0762
1.85771 -0.910513
1.43499 -0.942174
1.01542 -1.05634
0.633705 -1.05222
0.261455 -0.962288
-0.0950202 -0.949599
-0.426259 -1.02491
-0.741725 -1.05041
-1.0288 -0.985339
-1.30956 -0.948245
-1.61241 -1.00527
-1.78276 -1.0545
-1.97519 -1.00456
-2.17078 -0.94079
-2.32852 -0.983592
-2.46732 -1.06741
-2.59035 -1.03314
-2.71338 -0.916488
-2.81749 -0.937817
-2.89635 -1.12571
-2.94998 -1.13232
-3.00677 -0.612074
-3.07932 0.284768
-3.08879 1
-2.95314 1.17518
-2.65345 1.00263
-2.23072 0.898199
-1.78907 0.986933
-1.38843 1.07277
-0.987787 1.02082
-0.609228 0.943204
-0.233825 0.972792
0.106878 1.04625
0.416033 1.03323
0.722035 0.961698
1.01226 0.960354
1.26464 1.03159
1.49808 1.04732
1.69998 0.974788
1.89241 0.942436
2.05645 1.01833
2.19526 1.07314
2.32144 0.990228
2.44763 0.898472
2.55173 0.99765
2.6306 1.17328
2.68423 1.01158
2.75363 0.307895
2.81357 -0.591848
2.80726 -1.12623
2.62745 -1.13015
2.2552 -0.941335
1.81039 -0.914416
1.3782 -1.0304
0.971253 -1.06846
0.586385 -0.98596
0.207827 -0.940347
-0.164422 -1.00241
-0.50197 -1.05449
-0.814281 -1.00728
-1.11397 -0.948656
-1.39789 -0.983423
-1.65026 -1.0496
-1.8774 -1.02677
-2.08561 -0.950885
-2.27804 -0.960456
-2.43893 -1.05029
-2.58404 -1.05818
-2.71654 -0.945142
-2.84903 -0.908615
-2.94683 -1.07093
-3.01308 -1.17518
-3.07301 -0.814788
-3.16135 0.0239981
-3.21497 0.84735
-3.15504 1.17848
-2.90582 1.0603
-2.5178 0.905289
-2.10454 0.951236
-1.69128 1.06156
-1.32218 1.04626
-0.940467 0.956988
-0.571373 0.953654
-0.221206 1.03036
0.0942594 1.04776
0.387642 0.979667
0.68418 0.9497
0.939706 1.01127
1.17315 1.05423
1.39398 0.998093
1.60534 0.939715
1.77253 0.990785
1.92396 1.07029
2.05014 1.02472
2.17318 0.910595
2.29621 0.948765
2.38138 1.13864
2.44448 1.11289
2.51072 0.550606
2.58959 -0.353709
2.61798 -1.03354
2.46656 -1.16877
2.14478 -0.987907
1.72206 -0.899457
1.28356 -0.996777
0.892386 -1.07357
0.520137 -1.01331
0.132116 -0.941159
-0.221206 -0.978868
-0.558753 -1.04924
-0.858446 -1.02818
-1.16445 -0.95784
-1.42628 -0.964549
-1.6755 -1.03636
-1.89948 -1.04391
-2.10138 -0.968904
-2.29066 -0.944992
-2.4547 -1.02575
-2.59351 -1.07169
-2.71969 -0.980326
-2.83642 -0.898099
-2.94683 -1.01278
-3.01938 -1.17825
-3.07932 -0.975687
-3.14242 -0.238126
-3.20866 0.651692
-3.18343 1.14338
-2.97837 1.11648
-2.6219 0.93119
-2.19602 0.920937
-1.76068 1.03842
-1.37265 1.06502
-0.984633 0.978963
-0.606075 0.941925
-0.252752 1.00882
0.0784871 1.05429
0.397106 1.00124
0.690489 0.947644
0.952325 0.989236
1.20154 1.05183
1.42237 1.02107
1.63688 0.947235
1.82616 0.966135
1.99652 1.05587
2.13217 1.05238
2.26466 0.936419
2.394 0.914775
2.4981 1.08665
2.55804 1.16774
2.63375 0.763346
2.70947 -0.0958796
2.75994 -0.893495
2.68738 -1.18104
2.41924 -1.0443
2.02175 -0.901482
1.59587 -0.960702
1.19523 -1.06588
0.810366 -1.03981
0.447581 -0.952306
0.0690231 -0.958266
-0.27168 -1.03538
-0.596611 -1.0445
-0.880529 -0.974267
-1.16129 -0.951803
-1.42313 -1.01713
-1.64396 -1.05325
-1.85532 -0.9916
-2.04144 -0.939412
-2.20548 -0.998197
-2.35375 -1.07231
