data = [-0.161268 0.529606
-0.164423 0.936305
-0.132876 1.14835
-0.000381013 1.17114
0.198361 1.0762
0.428652 0.960839
0.658941 0.900528
0.873458 0.918663
1.0375 0.986933
1.16684 1.05238
1.29618 1.07315
1.41606 1.04201
1.52332 0.98596
1.63058 0.944992
1.7126 0.945159
1.76623 0.983046
1.79462 1.03036
1.81986 1.05423
1.82932 1.0393
1.84194 0.997209
1.84509 0.95784
1.84194 0.948656
1.8167 0.976033
1.78831 1.02094
1.75676 1.05183
1.69998 1.04625
1.65266 1.0067
1.60534 0.959917
1.54855 0.939412
1.46969 0.962288
1.3782 1.01583
1.2741 1.0637
1.18577 1.06926
1.09428 1.0218
0.999645 0.948164
0.91447 0.900163
0.807211 0.922315
0.67787 1.01794
0.545375 1.13446
0.41288 1.17964
0.302466 1.06353
0.2236 0.745528
0.125805 0.261508
0.00592834 -0.284768
-0.211742 -0.763346
-0.546136 -1.07274
-0.972014 -1.18049
-1.47045 -1.13015
-1.95627 -1.01278
-2.41685 -0.919651
-2.86796 -0.901009
-3.27807 -0.951236
-3.66924 -1.02472
-4.00048 -1.07018
-4.32541 -1.06229
-4.61564 -1.01331
-4.89641 -0.960456
-5.1267 -0.939426
-5.33175 -0.96162
-5.47686 -1.00882
-5.5999 -1.04732
-5.704 -1.05116
-5.79548 -1.01905
-5.85542 -0.974267
-5.89643 -0.948245
-5.91221 -0.959067
-5.9059 -0.999223
-5.86489 -1.04069
-5.8081 -1.05398
-5.73239 -1.02858
-5.65983 -0.980946
-5.55258 -0.944233
-5.43901 -0.946011
-5.30336 -0.988359
-5.15509 -1.04416
-4.98158 -1.07341
-4.80808 -1.05027
-4.64088 -0.983631
-4.45475 -0.916488
-4.25286 -0.901482
-4.02888 -0.965095
-3.77966 -1.08145
-3.53044 -1.17328
-3.28753 -1.14338
-3.05093 -0.922412
-2.81433 -0.508365
-2.56512 0.0239981
-2.24334 0.550606
-1.83954 0.949817
-1.31272 1.15295
-0.748033 1.16877
-0.192814 1.07093
0.343477 0.956696
0.879769 0.899732
1.37505 0.920937
1.86086 0.990228
2.32775 1.05441
2.77256 1.07278
3.2079 1.03981
3.63378 0.983592
4.01865 0.944056
4.40351 0.94616
4.77261 0.985164
5.08807 1.03208
5.36568 1.0544
5.70638 1.03786
5.8515 0.9952
6.04393 0.956673
6.22375 0.949142
6.35624 0.977834
6.4635 1.0228
6.54237 1.05243
6.59599 1.04511
6.62754 1.00456
6.66224 0.958266
6.64016 0.939485
6.59915 0.964181
6.53921 1.01833
6.43195 1.06502
6.27422 1.06824
6.19535 1.01882
6.06602 0.945142
5.90828 0.899457
5.71585 0.925128
5.49818 1.02315
5.26158 1.13864
5.02183 1.17848
4.78838 1.05393
4.55809 0.727385
4.30572 0.238126
4.02811 -0.307895
3.6811 -0.780832
3.19213 -1.08155
2.61798 -1.18104
1.84194 -1.12571
1.4129 -1.00768
0.829294 -0.917137
0.264611 -0.901991
-0.287454 -0.954353
-0.817436 -1.02759
-1.3348 -1.07099
-1.83008 -1.0608
-2.32221 -1.01079
-2.79225 -0.958688
-3.24337 -0.939528
-3.65978 -0.963373
-4.02888 -1.01092
-4.36642 -1.04831
-4.68504 -1.05041
-4.98789 -1.01713
-5.25919 -0.972539
-5.49895 -0.947907
-5.72293 -0.960354
-5.91221 -1.00124
-6.07625 -1.04202
-6.21505 -1.05365
-6.34124 -1.02677
-6.45796 -0.978868
-6.53683 -0.943385
-6.59046 -0.947112
-6.62516 -0.990785
-6.62831 -1.04626
-6.60308 -1.07357
-6.57784 -1.04806
-6.53998 -0.980326
-6.48951 -0.914416
-6.40749 -0.902593
-6.30023 -0.96946
-6.15196 -1.08665
-6.00054 -1.17518
-5.8428 -1.13804
-5.69138 -0.908141
-5.53365 -0.486892
-5.34437 0.0479849
-5.08884 0.571356
-4.73552 0.962945
-4.24655 1.15719
-3.6724 1.16619
-3.06671 1.06562
-2.47048 0.95267
-1.89002 0.899091
-1.32534 0.923306
-0.763806 0.993511
-0.230669 1.05634
0.299311 1.07231
0.807211 1.03756
1.29618 0.981259
1.75992 0.943204
2.20472 0.947235
2.59905 0.987298
2.96184 1.03376
3.31516 1.05449
3.63062 1.03636
3.9177 0.9932
4.19215 0.955568
4.43191 0.9497
4.64011 0.979667
4.82308 1.02463
4.97766 1.05295
5.11331 1.04391
5.22372 1.00241
5.33098 0.95667
5.40038 0.939645
5.43193 0.966135
5.44455 1.02082
5.42562 1.06626
5.40038 1.06711
5.35937 1.01579
5.30574 0.942174
5.23634 0.898892
5.1417 0.928087
4.99974 1.02839
4.85147 1.14268
4.68112 1.17699
4.5297 1.04393
4.39089 0.708923
4.22054 0.214633
3.99972 -0.330879
3.69056 -0.797982
3.25522 -1.08997
2.71577 -1.18129
2.11008 -1.12115
1.51385 -1.00263
0.930242 -0.914775
0.371869 -0.903108
-0.183351 -0.95751
-0.703869 -1.0304
-1.20861 -1.07169
-1.68497 -1.05923
-2.14239 -1.00826
-2.58404 -0.956988
-2.97522 -0.939715
-3.34116 -0.965173
-3.66924 -1.01301
-3.9784 -1.04924
-4.24655 -1.0496
-4.51154 -1.0152
-4.73867 -0.970852
-4.95319 -0.947644
-5.14878 -0.961698
-5.31598 -1.00326
-5.44216 -1.04329
-5.54942 -1.05325
-5.66299 -1.02491
-5.74186 -0.976814
-5.8081 -0.942615
-5.84911 -0.948293
-5.86489 -0.993236
-5.8775 -1.04831
-5.84911 -1.07362
-5.82072 -1.04578
-5.76709 -0.977023
-5.67561 -0.91245
-5.62829 -0.903862
-5.52103 -0.973929
-5.39484 -1.09179
-5.24342 -1.17684
-5.0983 -1.13232
-4.94688 -0.893495
-4.82385 -0.465196
-4.64088 0.0719492
-4.38535 0.591848
-4.03518 0.975687
-3.58091 1.16106
-3.04778 1.1634
-2.42315 1.0603
-1.82062 0.948765
-1.24647 0.898607
-0.681786 0.925765
-0.136031 0.996777
0.390797 1.05818
0.892386 1.07174
1.39713 1.03527
1.87979 0.978963
2.32775 0.942436
2.73786 0.948382
3.11011 0.989444
3.45396 1.03538
3.76312 1.0545
4.0565 1.03482
4.32149 0.991211
4.57702 0.954527
4.79785 0.95033
4.97766 0.981531
5.13855 1.02642
5.26473 1.0534
5.39092 1.04264
5.47925 1.00026
5.56442 0.955132
5.6149 0.939892
5.63383 0.968146
5.60859 1.02329
5.54234 1.06741
5.52342 1.06588
5.4761 1.01271
5.40985 0.939265
5.32152 0.898472
5.2048 0.93119
5.05022 1.03367
4.88302 1.14656
4.69059 1.17518
4.51708 1.03354
4.35619 0.690149
4.17638 0.191039
3.93032 -0.353709
3.60223 -0.814788
3.1385 -1.098
2.58959 -1.18124
1.97443 -1.11648
1.36558 -0.99765
0.77251 -0.912567
0.192054 -0.904356
-0.356856 -0.960702
-0.896302 -1.03314
-1.39474 -1.07228
-1.87109 -1.05759
-2.33798 -1.00574
-2.77332 -0.955356
-3.17396 -0.939989
-3.53675 -0.967018
-3.86799 -1.01506
-4.16453 -1.0501
-4.44529 -1.04871
-4.70713 -1.01324
-4.9595 -0.969207
-5.17402 -0.947456
-5.35068 -0.963097
-5.5021 -1.00527
-5.63144 -1.0445
-5.73554 -1.05277
-5.83334 -1.02301
-5.90905 -0.974788
-5.95637 -0.941925
-5.98792 -0.949553
-5.99107 -0.995708
-5.96584 -1.05029
-5.92798 -1.07357
-5.86804 -1.0434
-5.81126 -0.973726
-5.73554 -0.910595
-5.63775 -0.905289
-5.50526 -0.978496
-5.35699 -1.09688
-5.20241 -1.17825
-5.03837 -1.12623
-4.87432 -0.878479
-4.71659 -0.443287
-4.52416 0.0958796
-4.26232 0.612074
-3.88061 0.988041
-3.38217 1.16458
-2.80802 1.1604
-2.19602 1.05497
-1.61241 0.944986
-1.03195 0.898276
-0.470425 0.92831
0.0784848 1.00002
0.611622 1.05992
1.11952 1.07106
1.60849 1.03294
2.09116 0.976707
2.54543 0.941754
2.93976 0.949599
3.31516 0.9916
3.64009 1.03695
3.95555 1.05443
4.23947 1.03323
4.50131 0.989236
4.74106 0.953552
4.93349 0.951031
5.12278 0.983423
5.25842 1.02818
5.38461 1.05377
5.48871 1.04131
5.5802 0.998093
5.64645 0.953654
5.6843 0.940227
5.68746 0.970211
5.66222 1.02575
5.6149 1.06846
5.56758 1.06454
5.49502 1.00959
5.42246 0.936419
5.32152 0.898199
5.19218 0.934434
5.02498 1.03897
4.83885 1.15028
4.64642 1.17304
4.46345 1.02276
4.28048 0.671069
4.07859 0.167356
3.83568 -0.376374
3.49182 -0.831245
3.02178 -1.10564
2.44763 -1.1809
1.82932 -1.11171
1.23624 -0.99274
0.649478 -0.910513
0.0753301 -0.905732
-0.479888 -0.963924
-1.00987 -1.03582
-1.51146 -1.07277
-2.00359 -1.05587
-2.46417 -1.00322
-2.91528 -0.953794
-3.32223 -0.940347
-3.70079 -0.968904
-4.02572 -1.0171
-4.33803 -1.05088
-4.62511 -1.04776
-4.89325 -1.01127
-5.13301 -0.967606
-5.34121 -0.947343
-5.51787 -0.964549
-5.65983 -1.00728
-5.78918 -1.04565
-5.88066 -1.05222
-5.96899 -1.02107
-6.03524 -0.972792
-6.08256 -0.941317
-6.09518 -0.950891
-6.08887 -0.998197
-6.04786 -1.05222
-5.99423 -1.07341
-5.92798 -1.04095
-5.85227 -0.970441
-5.76078 -0.908855
-5.64091 -0.906873
-5.49895 -0.983157
-5.33175 -1.1019
-5.15193 -1.1794
-4.97212 -1.11975
-4.80808 -0.863096
-4.62195 -0.421173
-4.41059 0.119765
-4.12351 0.632024
-3.71026 1
-3.20551 1.16774
-2.61875 1.15721
-2.01305 1.04963
-1.43259 0.941335
-0.845828 0.898099
-0.268525 0.930937
0.27092 1.00324
0.810366 1.06156
1.33404 1.07029
1.83563 1.03057
2.31514 0.974494
2.7694 0.941159
3.19213 0.950885
3.57069 0.993762
3.91454 1.03846
4.23001 1.05429
4.52024 1.03159
4.79469 0.987278
5.0376 0.952644
5.25527 0.951803
5.44139 0.985339
