data = [-0.151804 0.814788
-0.161268 1.17304
-0.107639 1.08145
0.0974129 0.914775
0.318239 0.933642
0.516982 1.04806
0.703107 1.0608
0.873458 0.974494
1.05012 0.942615
1.18577 1.00882
1.29934 1.05443
1.41921 1.00527
1.52016 0.948656
1.60218 0.981531
1.66212 1.04776
1.71891 1.03208
1.76623 0.95667
1.79462 0.952306
1.81039 1.03756
1.8167 1.06824
1.79777 0.970441
1.77884 0.898607
1.77253 1.01794
1.72206 1.17825
1.6779 0.988041
1.64319 0.284768
1.61165 -0.591848
1.50754 -1.11975
1.21416 -1.13864
0.766201 -0.95267
0.251992 -0.907233
-0.246443 -1.01579
-0.684941 -1.07278
-1.11713 -1.00322
-1.53354 -0.939892
-1.92157 -0.983046
-2.28435 -1.0501
-2.61243 -1.02818
-2.91528 -0.959067
-3.20235 -0.961698
-3.44526 -1.03159
-3.65978 -1.04831
-3.85852 -0.978868
-4.03203 -0.940649
-4.18661 -1.00826
-4.3128 -1.07341
-4.4169 -1.00959
-4.51785 -0.904356
-4.59041 -0.960839
-4.63773 -1.14656
-4.65034 -1.10564
-4.67558 -0.550606
-4.70082 0.330879
-4.66927 1.01158
-4.47053 1.17518
-4.11405 1.00768
-3.64716 0.898099
-3.15188 0.977023
-2.69445 1.07018
-2.25596 1.03294
-1.81746 0.949553
-1.37581 0.959917
-0.968859 1.03538
-0.580836 1.04565
-0.218052 0.977834
0.154198 0.9497
0.501209 1.00928
0.819829 1.05449
1.11006 1.00456
1.38451 0.941317
1.63688 0.978963
1.86402 1.0637
2.07538 1.0434
2.27097 0.92831
2.47602 0.919651
2.64006 1.09179
2.78518 1.16774
2.92083 0.780832
3.06594 -0.0479849
3.17635 -0.84735
3.16374 -1.17699
2.96815 -1.07093
2.6306 -0.910513
2.2552 -0.939265
1.89557 -1.05238
1.56748 -1.05759
1.25833 -0.970211
0.930242 -0.944233
0.627394 -1.01301
0.356095 -1.05407
0.0879488 -1.00124
-0.164423 -0.947907
-0.401022 -0.985339
-0.606075 -1.0496
-0.804817 -1.02858
-0.972014 -0.953654
-1.13921 -0.955356
-1.28433 -1.04201
-1.40736 -1.06588
-1.52723 -0.963924
-1.65973 -0.899732
-1.75752 -1.02839
-1.81746 -1.18029
-1.87425 -0.962945
-1.95627 -0.238126
-2.05091 0.632024
-2.07299 1.13232
-2.02567 1.13015
-1.70389 0.944986
-1.32218 0.910595
-0.893147 1.0218
-0.5556 1.07174
-0.21805 0.998197
0.151044 0.939485
0.479128 0.987298
0.7662 1.05158
1.03119 1.02463
1.28672 0.956673
1.50439 0.964549
1.77569 1.03482
1.88926 1.04625
2.04699 0.974788
2.18895 0.941754
2.30252 1.01331
2.39085 1.07362
2.46025 1.00324
2.53281 0.901991
2.59905 0.96946
2.61483 1.15384
2.6306 1.08997
2.64637 0.508365
2.66215 -0.376374
2.61483 -1.03354
2.4287 -1.17114
1.81355 -0.99765
1.54855 -0.898199
1.08797 -0.983631
0.655786 -1.07169
0.248836 -1.02817
-0.161268 -0.947112
-0.552445 -0.963373
-0.912076 -1.03846
-1.237 -1.04329
-1.54932 -0.974267
-1.83639 -0.951031
-2.10769 -1.01324
-2.34113 -1.05423
-2.54303 -1.00026
-2.72916 -0.940347
-2.89951 -0.983592
-3.03516 -1.06626
-3.15504 -1.03842
-3.27491 -0.923306
-3.38533 -0.925128
-3.45473 -1.1019
-3.49889 -1.16106
-3.54306 -0.745528
-3.60931 0.0958796
-3.62823 0.878479
-3.52728 1.17964
-3.24652 1.0603
-2.83957 0.906873
-2.38845 0.945142
-1.95942 1.05634
-1.56194 1.05408
-1.17707 0.966135
-0.7922 0.94616
-0.429414 1.0171
-0.104485 1.0534
0.198361 0.997209
0.498054 0.947456
0.7662 0.989236
1.01226 1.05116
1.22363 1.02491
1.42552 0.950885
1.61165 0.958688
1.76623 1.04626
1.89241 1.0631
2.00913 0.95751
2.1227 0.901482
2.22365 1.03897
2.27097 1.18124
2.32775 0.936305
2.394 0.191039
2.44448 -0.671069
2.40662 -1.14338
2.18264 -1.12115
1.79146 -0.937817
1.34981 -0.914416
0.911316 -1.02759
0.520137 -1.07029
0.135269 -0.993236
-0.240134 -0.939426
-0.612383 -0.9916
-0.940467 -1.05277
-1.237 -1.02094
-1.52092 -0.954527
-1.79222 -0.967606
-2.02882 -1.03786
-2.23388 -1.04391
-2.43262 -0.97083
-2.60613 -0.943204
-2.75755 -1.01833
-2.88689 -1.07341
-3.00046 -0.996777
-3.10141 -0.900163
-3.1992 -0.978496
-3.25598 -1.1604
-3.297 -1.07274
-3.35378 -0.465196
-3.40741 0.421173
-3.38848 1.05393
-3.20551 1.16619
-2.86796 0.987907
-2.43262 0.898892
-1.97519 0.990228
-1.55878 1.07277
-1.16129 1.02329
-0.766962 0.944992
-0.378939 0.967018
-0.0319278 1.04131
0.293002 1.04069
0.605313 0.970852
0.90185 0.952644
1.16684 1.01713
1.39713 1.05365
1.60534 0.995928
1.8167 0.939715
1.9839 0.988359
2.14163 1.06846
2.26781 1.03314
2.40031 0.918663
2.50441 0.93119
2.59905 1.11171
2.65584 1.15295
2.71578 0.708923
2.78202 -0.143594
2.80411 -0.908141
2.7 -1.18104
2.41293 -1.04963
1.99336 -0.903862
1.54224 -0.951236
1.12583 -1.05992
0.734653 -1.05029
0.346631 -0.962288
-0.0319267 -0.948382
-0.382094 -1.02107
-0.716486 -1.05243
-1.0288 -0.9932
-1.32533 -0.947305
-1.59348 -0.9932
-1.83008 -1.05243
-2.04775 -1.02107
-2.24649 -0.948382
-2.42946 -0.962288
-2.59982 -1.05029
-2.74177 -1.05992
-2.86481 -0.951236
-2.9973 -0.903862
-3.0951 -1.04963
-3.15188 -1.18104
-3.22128 -0.908141
-3.29069 -0.143594
-3.33801 0.708923
-3.297 1.15295
-3.08248 1.11171
-2.73547 0.93119
-2.29697 0.918663
-1.86794 1.03314
-1.4736 1.06846
-1.09189 0.988359
-0.722796 0.939715
-0.360011 0.995928
-0.0350813 1.05365
0.27092 1.01713
0.561147 0.952644
0.845066 0.970852
1.10375 1.04069
1.32142 1.04131
1.52332 0.967018
1.71575 0.944992
1.87979 1.02329
2.02175 1.07277
2.14794 0.990228
2.2899 0.898892
2.37192 0.987907
2.46025 1.16619
2.52334 1.05393
2.59905 0.421173
2.67476 -0.465196
2.67161 -1.07274
2.4981 -1.1604
2.1574 -0.978496
1.52332 -0.900163
1.26463 -0.996777
0.873458 -1.07341
0.494899 -1.01833
0.12896 -0.943204
-0.240134 -0.97083
-0.558755 -1.04391
-0.861602 -1.03786
-1.15814 -0.967606
-1.41682 -0.954527
-1.66604 -1.02094
-1.8774 -1.05277
-2.0793 -0.9916
-2.24649 -0.939426
-2.41054 -0.993236
-2.54303 -1.07029
-2.66291 -1.02759
-2.78279 -0.914416
-2.87427 -0.937817
-2.94683 -1.12115
-2.99099 -1.14338
-3.03516 -0.671069
-3.0951 0.191039
-3.11403 0.936305
-3.00046 1.18124
-2.70392 1.03897
-2.29066 0.901482
-1.84585 0.95751
-1.42628 1.0631
-1.03511 1.04626
-0.650239 0.958688
-0.271681 0.950885
0.0784871 1.02491
0.400261 1.05116
0.706262 0.989236
0.983872 0.947456
1.24886 0.997209
1.47915 1.0534
1.6779 1.0171
1.87033 0.94616
2.03122 0.966135
2.18264 1.05408
2.31198 1.05634
2.43186 0.945142
2.53911 0.906873
2.61798 1.0603
2.68107 1.17964
2.71578 0.878479
2.77887 0.0958796
2.81357 -0.745528
2.7347 -1.16106
2.48549 -1.1019
2.09116 -0.925128
1.62111 -0.923306
1.19839 -1.03842
0.791438 -1.06626
0.393952 -0.983592
0.00277366 -0.940347
-0.36632 -1.00026
-0.700714 -1.05423
-1.00987 -1.01324
-1.30325 -0.951031
-1.57455 -0.974267
-1.82693 -1.04329
-2.03513 -1.03846
-2.24649 -0.963373
-2.43577 -0.947112
-2.59351 -1.02817
-2.72916 -1.07169
-2.85219 -0.983631
-2.97837 -0.898199
-3.08248 -0.99765
-3.14557 -1.17114
-3.19605 -1.03354
-3.25914 -0.376374
-3.31277 0.508365
-3.29699 1.08997
-3.11403 1.15384
-2.77648 0.96946
-2.3506 0.901991
-1.90579 1.00324
-1.51146 1.07362
-1.12028 1.01331
-0.735415 0.941754
-0.356856 0.974788
-0.00669036 1.04625
0.302466 1.03482
0.602159 0.964549
0.889233 0.956673
1.14791 1.02463
1.37505 1.05158
1.58641 0.987298
1.77885 0.939485
1.95235 0.998197
2.10062 1.07174
2.23311 1.0218
2.35614 0.910595
2.47918 0.944986
2.55804 1.13015
2.61167 1.13232
2.67476 0.632024
2.7347 -0.238126
2.76309 -0.962945
2.64006 -1.18029
2.33406 -1.02839
1.91449 -0.899732
1.46653 -0.963924
1.06589 -1.06588
0.684179 -1.04201
0.315085 -0.955356
-0.0729375 -0.953654
-0.413639 -1.02858
-0.72595 -1.0496
-1.02564 -0.985339
-1.3001 -0.947907
-1.56509 -1.00124
-1.79853 -1.05407
-2.00989 -1.01301
-2.20864 -0.944233
-2.38215 -0.970211
-2.53672 -1.05759
-2.65976 -1.05238
-2.78279 -0.939265
-2.88058 -0.910513
-2.97522 -1.07093
-3.032 -1.17699
-3.07617 -0.84735
-3.14557 -0.0479849
-3.18974 0.780832
-3.12664 1.16774
-2.87743 1.09179
-2.4894 0.919651
-2.04144 0.92831
-1.60925 1.0434
-1.20861 1.0637
-0.817436 0.978963
-0.438877 0.941317
-0.0666293 1.00456
0.26461 1.05449
0.567457 1.00928
0.873457 0.9497
1.14476 0.977834
1.39082 1.04565
1.6148 1.03538
1.82301 0.959917
2.00282 0.949553
2.17633 1.03294
2.31513 1.07018
2.45078 0.977023
2.57697 0.898099
2.68423 1.00768
2.75679 1.17518
2.80726 1.01158
2.87666 0.330879
2.94291 -0.550606
2.92714 -1.10564
2.74101 -1.14656
2.38769 -0.960839
1.94604 -0.904356
1.50754 -1.00959
1.1069 -1.07341
0.725189 -1.00826
0.343477 -0.940649
