data = [-0.177042 0.671069
-0.186506 1.08997
-0.14865 1.17518
0.0122377 1.04963
0.229908 0.919651
0.466507 0.910595
0.665252 0.996777
0.835603 1.06824
0.990181 1.05408
1.14476 0.983592
1.29303 0.939892
1.4129 0.967018
1.51385 1.02858
1.57379 1.05407
1.64635 1.01713
1.70313 0.961698
1.75992 0.951031
1.79462 0.997209
1.80093 1.04776
1.80093 1.04391
1.79462 0.987298
1.79146 0.941317
1.77253 0.962288
1.74414 1.03294
1.70629 1.07362
1.65897 1.02759
1.61165 0.933642
1.56433 0.901482
1.48546 0.99765
1.40344 1.14656
1.31827 1.15295
1.23309 0.84735
1.18262 0.238126
1.08798 -0.465196
0.90816 -0.988041
0.580076 -1.17964
0.13527 -1.1019
-0.388403 -0.95267
-0.905766 -0.898892
-1.39789 -0.963924
-1.84585 -1.05238
-2.2528 -1.06846
-2.65029 -1.00826
-3.032 -0.947112
-3.3664 -0.950885
-3.68186 -1.00882
-3.95001 -1.05277
-4.19292 -1.03482
-4.42005 -0.977834
-4.62511 -0.947305
-4.79546 -0.977834
-4.93426 -1.03482
-5.04468 -1.05277
-5.14562 -1.00882
-5.23395 -0.950885
-5.29074 -0.947112
-5.31913 -1.00826
-5.32859 -1.06846
-5.30967 -1.05238
-5.29705 -0.963924
-5.25919 -0.898892
-5.20241 -0.95267
-5.11092 -1.1019
-5.00682 -1.17964
-4.89956 -0.988041
-4.79546 -0.465196
-4.6882 0.238126
-4.50838 0.84735
-4.17714 1.15295
-3.72287 1.14656
-3.17712 0.99765
-2.60297 0.901482
-2.0446 0.933642
-1.502 1.02759
-0.972015 1.07362
-0.454651 1.03294
0.0564032 0.962288
0.548528 0.941317
1.00911 0.987298
1.43814 1.04391
1.83563 1.04776
2.21419 0.997209
2.58013 0.951031
2.91452 0.961698
3.20475 1.01713
3.47605 1.05407
3.72211 1.02858
3.96502 0.967018
4.17953 0.939892
4.36881 0.983592
4.52655 1.05408
4.66535 1.06824
4.78207 0.996777
4.88302 0.910595
4.9745 0.919651
5.03129 1.04963
5.04706 1.17518
5.06599 1.08997
5.09438 0.671069
5.10069 4.1401e-14
5.07861 -0.671069
4.91141 -1.08997
4.57702 -1.17518
4.14799 -1.04963
3.62747 -0.919651
3.1038 -0.910595
2.61167 -0.996777
2.1574 -1.06824
1.69998 -1.05408
1.24571 -0.983592
0.816675 -0.939892
0.403416 -0.967018
0.0185482 -1.02858
-0.341083 -1.05407
-0.675477 -1.01713
-1.00987 -0.961698
-1.32849 -0.951031
-1.61556 -0.997209
-1.88686 -1.04776
-2.12662 -1.04391
-2.37899 -0.987298
-2.70707 -0.941317
-2.83011 -0.962288
-3.00361 -1.03294
-3.14873 -1.07362
-3.29069 -1.02759
-3.43264 -0.933642
-3.57461 -0.901482
-3.68186 -0.99765
-3.74496 -1.14656
-3.79543 -1.15295
-3.85537 -0.84735
-3.93424 -0.238126
-3.97525 0.465196
-3.91531 0.988041
-3.71656 1.17964
-3.37271 1.1019
-2.9626 0.95267
-2.4894 0.898892
-1.93103 0.963924
-1.65342 1.05238
-1.27802 1.06846
-0.912075 1.00826
-0.552445 0.947112
-0.211742 0.950885
0.103723 1.00882
0.397106 1.05277
0.662096 1.03482
0.917623 0.977834
1.15738 0.947305
1.37505 0.977834
1.58325 1.03482
1.75676 1.05277
1.93027 1.00882
2.09115 0.950885
2.24258 0.947112
2.37192 1.00826
2.4634 1.06846
2.55489 1.05238
2.64006 0.963924
2.71577 0.898892
2.77571 0.95267
2.80726 1.1019
2.82303 1.17964
2.83881 0.988041
2.87666 0.465196
2.9019 -0.238126
2.85458 -0.84735
2.6653 -1.15295
2.3246 -1.14656
1.87348 -0.99765
1.3782 -0.901482
0.917624 -0.933642
0.491745 -1.02759
0.100569 -1.07362
-0.2843 -1.03294
-0.669167 -0.962288
-1.03195 -0.941317
-1.36004 -0.987298
-1.66604 -1.04391
-1.94996 -1.04776
-2.22757 -0.997209
-2.48309 -0.951031
-2.70076 -0.961698
-2.90582 -1.01713
-3.09194 -1.05407
-3.25914 -1.02858
-3.42318 -0.967018
-3.58407 -0.939892
-3.70395 -0.983592
-3.80805 -1.05408
-3.89007 -1.06824
-3.98787 -0.996777
-4.06989 -0.910595
-4.13929 -0.919651
-4.16768 -1.04963
-4.1803 -1.17518
-4.18661 -1.08997
-4.19923 -0.671069
-4.22762 -4.78968e-13
-4.17714 0.671069
-4.02887 1.08997
-3.72918 1.17518
-3.31277 1.04963
-2.82064 0.919651
-2.32852 0.910595
-1.86163 0.996777
-1.42629 1.06824
-1.01618 1.05408
-0.596611 0.983592
-0.19597 0.939892
0.182588 0.967018
0.529602 1.02858
0.845067 1.05407
1.13845 1.01713
1.43814 0.961698
1.7126 0.951031
1.94919 0.997209
2.17318 1.04776
2.38138 1.04391
2.57382 0.987298
2.76309 0.941317
2.92714 0.962288
3.06279 1.03294
3.17635 1.07362
3.28361 1.02759
3.38772 0.933642
3.46658 0.901482
3.53598 0.99765
3.56437 1.14656
3.57699 1.15295
3.6117 0.84735
3.6464 0.238126
3.65271 -0.465196
3.57699 -0.988041
3.33724 -1.17964
2.94922 -1.1019
2.48549 -0.95267
1.99967 -0.898892
1.5454 -0.963924
1.11637 -1.05238
0.722035 -1.06846
0.330858 -1.00826
-0.0571641 -0.947112
-0.432566 -0.950885
-0.757497 -1.00882
-1.06665 -1.05277
-1.36319 -1.03482
-1.63765 -0.977834
-1.91526 -0.947305
-2.1487 -0.977834
-2.36953 -1.03482
-2.57458 -1.05277
-2.7544 -1.00882
-2.93421 -0.950885
-3.10772 -0.947112
-3.25283 -1.00826
-3.38217 -1.06846
-3.48627 -1.05238
-3.59984 -0.963924
-3.7071 -0.898892
-3.79543 -0.95267
-3.84591 -1.1019
-3.89323 -1.17964
-3.91215 -0.988041
-3.96263 -0.465196
-3.99733 0.238126
-3.97209 0.84735
-3.80174 1.15295
-3.50205 1.14656
-3.08879 0.99765
-2.62821 0.901482
-2.17709 0.933642
-1.75121 1.02759
-1.35688 1.07362
-0.968859 1.03294
-0.583991 0.962288
-0.214897 0.941317
0.132116 0.987298
0.441271 1.04391
0.737808 1.04776
1.01542 0.997209
1.29303 0.951031
1.54224 0.961698
1.76622 1.01713
1.97759 1.05407
2.1574 1.02858
2.34668 0.967018
2.51072 0.939892
2.65899 0.983592
2.77887 1.05408
2.90821 1.06824
2.99654 0.996777
3.08802 0.910595
3.17635 0.919651
3.22683 1.04963
3.25837 1.17518
3.28677 1.08997
3.33409 0.671069
3.36563 9.20031e-13
3.33409 -0.671069
3.28361 -1.08997
3.10695 -1.17518
2.70947 -1.04963
2.24889 -0.919651
1.782 -0.910595
1.34666 -0.996777
0.946016 -1.06824
0.545375 -1.05408
0.154197 -0.983592
-0.224361 -0.939892
-0.574527 -0.967018
-0.896302 -1.02858
-1.18338 -1.05407
-1.45468 -1.01713
-1.71651 -0.961698
-1.96889 -0.951031
-2.18656 -0.997209
-2.38845 -1.04776
-2.57458 -1.04391
-2.73862 -0.987298
-2.90266 -0.941317
-3.04778 -0.962288
-3.17712 -1.03294
-3.28438 -1.07362
-3.38217 -1.02759
-3.49258 -0.933642
-3.58091 -0.901482
-3.63454 -0.99765
-3.67555 -1.14656
-3.69133 -1.15295
-3.72918 -0.84735
-3.77019 -0.238126
-3.78281 0.465196
-3.71341 0.988041
-3.49574 1.17964
-3.14873 1.1019
-2.69761 0.95267
-2.23388 0.898892
-1.79538 0.963924
-1.38212 1.05238
-0.994097 1.06846
-0.615538 1.00826
-0.243288 0.947112
0.106878 0.950885
0.428653 1.00882
0.72519 1.05277
1.0028 1.03482
1.26464 0.977834
1.52016 0.947305
1.73783 0.977834
1.94919 1.03482
2.13532 1.05277
2.30567 1.00882
2.46656 0.950885
2.61798 0.947112
2.7347 1.00826
2.84511 1.06846
2.93975 1.05238
3.03439 0.963924
3.10695 0.898892
3.1732 0.95267
3.20159 1.1019
3.22052 1.17964
3.24576 0.988041
3.27415 0.465196
3.29308 -0.238126
3.25522 -0.84735
3.05332 -1.15295
2.72208 -1.14656
2.27097 -0.99765
1.78831 -0.901482
1.33088 -0.933642
0.905006 -1.02759
0.513829 -1.07362
0.128961 -1.03294
-0.259062 -0.962288
-0.621847 -0.941317
-0.946777 -0.987298
-1.24647 -1.04391
-1.53039 -1.04776
-1.79538 -0.997209
-2.05406 -0.951031
-2.29066 -0.961698
-2.47994 -1.01713
-2.65029 -1.05407
-2.82064 -1.02858
-2.97838 -0.967018
-3.1298 -0.939892
-3.25914 -0.983592
-3.36324 -1.05408
-3.45788 -1.06824
-3.53044 -0.996777
-3.62193 -0.910595
-3.68186 -0.919651
-3.72918 -1.04963
-3.75127 -1.17518
-3.76388 -1.08997
-3.79859 -0.671069
-3.82382 8.47e-13
-3.79543 0.671069
-3.65663 1.08997
-3.36955 1.17518
-2.9626 1.04963
-2.50202 0.919651
-2.0099 0.910595
-1.56824 0.996777
-1.15183 1.06824
-0.757498 1.05408
-0.36632 0.983592
0.018547 0.939892
0.375022 0.967018
0.699952 1.02858
0.999644 1.05407
1.28672 1.01713
1.56433 0.961698
1.8167 0.951031
2.04068 0.997209
2.24258 1.04776
2.4287 1.04391
2.60221 0.987298
2.76625 0.941317
2.92083 0.962288
3.04386 1.03294
3.14796 1.07362
3.2426 1.02759
3.32462 0.933642
3.42242 0.901482
3.46974 0.99765
3.49182 1.14656
3.51075 1.15295
3.53598 0.84735
3.58015 0.238126
3.57699 -0.465196
3.50128 -0.988041
3.25522 -1.17964
2.87035 -1.1019
2.41293 -0.95267
1.9208 -0.898892
1.47284 -0.963924
1.05958 -1.05238
0.668405 -1.06846
0.280383 -1.00826
-0.0950202 -0.947112
-0.445186 -0.950885
-0.77327 -1.00882
-1.06034 -1.05277
-1.34426 -1.03482
-1.61556 -0.977834
-1.86478 -0.947305
-2.08561 -0.977834
-2.28435 -1.03482
-2.47048 -1.05277
-2.63767 -1.00882
-2.81118 -0.950885
