data = [-0.199123 0.797982
-0.202278 1.16774
-0.158113 1.09688
0.0248564 0.925128
0.233064 0.920937
0.441271 1.03314
0.627395 1.06942
0.804056 0.993236
0.977562 0.939412
1.13214 0.987298
1.26148 1.05088
1.37189 1.02818
1.46969 0.960354
1.55486 0.959067
1.62742 1.02642
1.65581 1.05158
1.69051 0.989444
1.74099 0.939426
1.76938 0.990785
1.76307 1.06846
1.75045 1.03582
1.72837 0.923306
1.70313 0.922315
1.66528 1.09179
1.61796 1.17056
1.57064 0.814788
1.52963 0.0239981
1.48546 -0.780832
1.31511 -1.16458
0.980717 -1.1019
0.507519 -0.928087
-0.00669038 -0.918663
-0.492506 -1.0304
-0.937313 -1.07029
-1.35688 -0.995708
-1.77645 -0.939485
-2.16447 -0.985164
-2.50833 -1.0501
-2.8238 -1.02991
-3.11718 -0.961698
-3.4011 -0.95784
-3.63454 -1.02463
-3.84275 -1.05222
-4.02887 -0.9916
-4.20238 -0.939528
-4.34434 -0.988359
-4.46422 -1.06741
-4.5494 -1.03842
-4.63772 -0.925765
-4.71344 -0.919651
-4.7576 -1.08665
-4.77968 -1.17304
-4.78915 -0.831245
-4.81123 -0.0479849
-4.80492 0.763346
-4.67558 1.16106
-4.36958 1.10685
-3.95001 0.93119
-3.42949 0.916488
-2.93421 1.02759
-2.47994 1.07106
-2.02882 0.998197
-1.5714 0.939645
-1.13921 0.983046
-0.73857 1.04924
-0.363166 1.03159
0.0153924 0.963097
0.381333 0.956673
0.709416 1.0228
1.00911 1.05277
1.29618 0.993762
1.55802 0.939715
1.8167 0.98596
2.04383 1.06626
2.23942 1.04095
2.44132 0.92831
2.62429 0.917137
2.80095 1.08145
2.92398 1.17518
3.05963 0.84735
3.19213 0.0719492
3.30254 -0.745528
3.29308 -1.15719
3.12272 -1.11171
2.79149 -0.934434
2.40346 -0.914416
2.03437 -1.02472
1.69682 -1.07174
1.37189 -1.0007
1.04696 -0.939892
0.728345 -0.980946
0.431808 -1.04831
0.163662 -1.03323
-0.0981738 -0.964549
-0.350547 -0.955568
-0.580836 -1.02094
-0.792198 -1.05325
-0.987786 -0.995928
-1.1676 -0.939989
-1.32533 -0.983592
-1.46729 -1.06502
-1.59348 -1.0434
-1.7102 -0.930937
-1.83008 -0.914775
-1.93103 -1.0762
-1.98781 -1.17699
-2.06983 -0.863096
-2.15501 -0.0958796
-2.22441 0.727385
-2.20233 1.15295
-2.00043 1.11648
-1.66919 0.937817
-1.26855 0.91245
-0.880528 1.0218
-0.527208 1.07231
-0.192814 1.00322
0.154197 0.940227
0.466508 0.978868
0.917623 1.04732
1.07851 1.03482
1.22047 0.966053
1.44761 0.954527
1.63688 1.01905
1.79777 1.05365
1.93342 0.998093
2.05645 0.940347
2.16371 0.981259
2.25204 1.0637
2.3246 1.04578
2.38769 0.933642
2.44447 0.912567
2.47287 1.07093
2.46971 1.17848
2.47602 0.878479
2.48549 0.119765
2.48864 -0.708923
2.34353 -1.14835
2.17002 -1.12115
1.83878 -0.941335
1.33088 -0.910595
0.857685 -1.01882
0.450735 -1.07278
0.0311658 -1.00574
-0.385248 -0.940649
-0.776426 -0.976814
-1.12975 -1.04625
-1.46099 -1.03636
-1.76383 -0.967606
-2.05091 -0.953552
-2.30643 -1.01713
-2.5241 -1.05398
-2.71969 -1.00026
-2.90266 -0.94079
-3.06671 -0.978963
-3.20236 -1.06229
-3.31908 -1.04806
-3.42949 -0.936419
-3.52413 -0.910513
-3.59353 -1.06562
-3.63454 -1.17964
-3.6724 -0.893495
-3.72287 -0.143594
-3.74496 0.690149
-3.68186 1.14338
-3.42949 1.12571
-3.05409 0.944986
-2.60297 0.908855
-2.16132 1.01579
-1.76383 1.07315
-1.37896 1.00826
-0.990943 0.941159
-0.615539 0.974788
-0.271682 1.04511
0.0532474 1.03786
0.35294 0.969207
0.649477 0.952644
0.905004 1.0152
1.13845 1.05423
1.33719 1.00241
1.53278 0.941317
1.70313 0.976707
1.85456 1.0608
1.97759 1.05027
2.11008 0.939265
2.21419 0.908615
2.30252 1.0603
2.35615 1.18049
2.40662 0.908141
2.47287 0.167356
2.52334 -0.671069
2.48233 -1.13804
2.2552 -1.13015
1.87348 -0.948765
1.42237 -0.907233
0.983871 -1.01271
0.599003 -1.07341
0.226755 -1.01079
-0.14865 -0.941754
-0.505125 -0.972792
-0.836364 -1.04391
-1.13921 -1.0393
-1.4042 -0.970852
-1.65657 -0.951803
-1.89002 -1.01324
-2.09507 -1.0544
-2.2812 -1.00456
-2.44524 -0.941925
-2.59982 -0.974494
-2.72285 -1.05923
-2.83641 -1.05238
-2.92475 -0.942174
-3.00677 -0.906873
-3.0667 -1.05497
-3.09825 -1.18104
-3.12033 -0.922412
-3.15819 -0.191039
-3.17712 0.651692
-3.11402 1.13232
-2.86796 1.13446
-2.48309 0.95267
-2.02882 0.905732
-1.5714 1.00959
-1.15814 1.07357
-0.760653 1.01331
-0.360012 0.942436
0.0185471 0.97083
0.365558 1.04264
0.674714 1.04069
0.974407 0.972539
1.26148 0.951031
1.51385 1.01127
1.7473 1.05449
1.94919 1.0067
2.13216 0.942615
2.29621 0.972328
2.44132 1.05759
2.54858 1.05441
2.65899 0.945142
2.75048 0.905289
2.82619 1.04963
2.87666 1.18129
2.90505 0.936305
2.95868 0.214633
2.99969 -0.632024
2.93976 -1.12623
2.69685 -1.13864
2.30567 -0.956696
1.82932 -0.904356
1.36243 -1.00643
0.952325 -1.07362
0.554839 -1.01583
0.160508 -0.943204
-0.208586 -0.968904
-0.571372 -1.04131
-0.899457 -1.04202
-1.19599 -0.974267
-1.49884 -0.95033
-1.76383 -1.00928
-2.00358 -1.0545
-2.22126 -1.00882
-2.40738 -0.943385
-2.58089 -0.970211
-2.74493 -1.05587
-2.87112 -1.05634
-2.98784 -0.948164
-3.10141 -0.903862
-3.18658 -1.0443
-3.24967 -1.18124
-3.29699 -0.949817
-3.35693 -0.238126
-3.39794 0.612074
-3.35693 1.11975
-3.14242 1.14268
-2.77648 0.960839
-2.33167 0.903108
-1.88686 1.00324
-1.48622 1.07357
-1.09189 1.01833
-0.700714 0.944056
-0.315847 0.967018
0.0217029 1.03991
0.340323 1.04329
0.643169 0.976033
0.927088 0.9497
1.19523 1.00728
1.42552 1.05443
1.63688 1.01092
1.81985 0.944233
1.99967 0.968146
2.15109 1.05408
2.29305 1.05818
2.39716 0.951236
2.51072 0.902593
2.59905 1.03897
2.6653 1.1809
2.70631 0.962945
2.7694 0.261508
2.81988 -0.591848
2.78833 -1.11289
2.57382 -1.14656
2.20157 -0.965095
1.76307 -0.901991
1.31196 -1.00002
0.920778 -1.07341
0.545375 -1.02082
0.160508 -0.944992
-0.208588 -0.965173
-0.533516 -1.03846
-0.845827 -1.0445
-1.1329 -0.977834
-1.41367 -0.949142
-1.65973 -1.00527
-1.87425 -1.05429
-2.06983 -1.01301
-2.25596 -0.945159
-2.42316 -0.966135
-2.55565 -1.05222
-2.67237 -1.05992
-2.77648 -0.954353
-2.87112 -0.901482
-2.94998 -1.03367
-3.00677 -1.18029
-3.04462 -0.975687
-3.09825 -0.284768
-3.14557 0.571356
-3.10772 1.10564
-2.89635 1.15028
-2.53357 0.96946
-2.09192 0.901009
-1.6408 0.996777
-1.2307 1.07314
-0.842673 1.02329
-0.45465 0.946011
-0.0855562 0.963373
0.264611 1.03695
0.573766 1.04565
0.863994 0.979667
1.15422 0.948656
1.4129 1.00326
1.63689 1.05407
1.83247 1.01506
2.02175 0.94616
2.1858 0.964181
2.32144 1.05029
2.44448 1.06156
2.5612 0.95751
2.6653 0.900528
2.74417 1.02839
2.79464 1.1794
2.82619 0.988041
2.87035 0.307895
2.91452 -0.550606
2.88297 -1.098
2.66215 -1.15384
2.28674 -0.973929
1.82932 -0.900163
1.37189 -0.993511
0.95548 -1.07277
0.557994 -1.02575
0.173126 -0.947112
-0.211742 -0.96162
-0.561909 -1.03538
-0.877375 -1.04674
-1.17707 -0.981531
-1.46414 -0.948245
-1.72913 -1.00124
-1.95311 -1.05377
-2.15501 -1.0171
-2.35375 -0.947235
-2.53357 -0.962288
-2.67553 -1.04831
-2.79225 -1.0631
-2.90266 -0.960702
-3.01308 -0.899732
-3.10456 -1.02315
-3.15188 -1.17825
-3.18658 -1
-3.2339 -0.330879
-3.28122 0.529606
-3.24337 1.08997
-3.02885 1.15721
-2.67868 0.978496
-2.23388 0.899457
-1.78907 0.990228
-1.3695 1.07228
-0.972013 1.02817
-0.583992 0.948293
-0.195969 0.959917
0.157352 1.03376
0.482281 1.04776
0.791438 0.983423
1.07851 0.947907
1.34666 0.999223
1.5801 1.0534
1.79146 1.0191
1.97443 0.948382
2.14794 0.960456
2.30252 1.04626
2.42555 1.06454
2.54227 0.963924
2.65899 0.899091
2.74732 1.01794
2.80411 1.17684
2.85773 1.01158
2.90821 0.353709
2.94922 -0.508365
2.91767 -1.08155
2.70631 -1.1604
2.34353 -0.983157
1.89557 -0.898892
1.43814 -0.986933
1.02804 -1.07169
0.640013 -1.03057
0.261455 -0.949553
-0.117103 -0.958266
-0.460961 -1.03208
-0.782734 -1.04871
-1.07296 -0.985339
-1.3695 -0.947644
-1.62503 -0.997209
-1.84585 -1.05295
-2.04144 -1.02107
-2.23703 -0.949599
-2.40423 -0.958688
-2.53988 -1.04416
-2.66922 -1.06588
-2.77648 -0.967172
-2.88374 -0.898607
-2.9626 -1.01278
-3.01938 -1.17518
-3.05724 -1.02276
-3.10772 -0.376374
-3.15504 0.486892
-3.11087 1.07274
-2.92159 1.1634
-2.55565 0.987907
-2.114 0.898472
-1.66288 0.983631
-1.24647 1.07099
-0.848982 1.03294
-0.454651 0.950891
-0.0697828 0.95667
0.286692 1.03036
0.614777 1.0496
0.917624 0.987278
1.19839 0.947456
1.47284 0.9952
1.69998 1.05243
1.91449 1.02301
2.11324 0.950885
2.2899 0.956988
2.44132 1.04201
2.58328 1.06711
2.69054 0.970441
2.80411 0.898276
