data = [-0.139186 0.486892
-0.136031 0.878479
-0.110795 1.11289
0.00908302 1.18124
0.188897 1.12571
0.428652 1.01794
0.658941 0.928087
0.867149 0.898199
1.0375 0.930937
1.1763 0.996777
1.3088 1.05441
1.41921 1.07341
1.52647 1.04831
1.62111 0.998197
1.70629 0.953794
1.77884 0.939715
1.81355 0.96162
1.82932 1.00456
1.83563 1.04264
1.83563 1.05407
1.83563 1.03323
1.82932 0.9932
1.81985 0.95784
1.79777 0.947907
1.76307 0.969207
1.71575 1.00928
1.65266 1.0445
1.58957 1.05365
1.52963 1.03036
1.46338 0.987298
1.39398 0.949599
1.31511 0.940649
1.2047 0.968146
1.11321 1.01833
0.996491 1.06229
0.892387 1.07169
0.791438 1.03582
0.690489 0.970441
0.586386 0.91245
0.466508 0.901482
0.343477 0.956696
0.198363 1.0603
0.0721766 1.15721
-0.0603188 1.17304
-0.161268 1.04393
-0.243289 0.745528
-0.334775 0.307895
-0.470425 -0.191039
-0.672323 -0.651692
-0.97517 -0.988041
-1.37896 -1.15719
-1.8427 -1.17114
-2.32221 -1.08665
-2.77963 -0.978496
-3.21497 -0.908615
-3.62823 -0.904356
-4.00679 -0.954353
-4.33172 -1.0218
-4.62826 -1.06711
-4.90272 -1.06846
-5.15509 -1.03057
-5.39169 -0.978963
-5.57781 -0.944056
-5.73239 -0.944233
-5.85227 -0.976814
-5.92482 -1.02107
-5.99423 -1.05088
-6.04155 -1.0496
-6.06047 -1.01905
-6.07309 -0.977834
-6.05732 -0.95033
-6.01316 -0.952644
-5.9406 -0.983423
-5.84596 -1.02463
-5.7387 -1.05183
-5.61882 -1.04831
-5.48317 -1.01506
-5.35383 -0.97083
-5.19294 -0.941925
-5.01944 -0.947112
-4.82385 -0.98596
-4.62511 -1.03756
-4.41374 -1.07106
-4.19292 -1.0631
-3.97525 -1.01271
-3.75757 -0.945142
-3.51151 -0.901009
-3.26545 -0.914775
-2.98468 -0.99274
-2.6913 -1.1019
-2.40423 -1.17684
-2.12977 -1.14338
-1.86794 -0.949817
-1.60925 -0.591848
-1.33795 -0.119765
-1.01933 0.376374
-0.609228 0.797982
-0.126567 1.07274
0.422343 1.17848
0.946016 1.14656
1.45392 1.0443
1.93658 0.944986
2.40346 0.899091
2.84512 0.918663
3.26784 0.980326
3.94293 1.0434
4.20162 1.07314
4.42875 1.05759
4.78838 1.01079
5.12908 0.962288
5.45086 0.939645
5.74424 0.953654
5.99977 0.993762
6.21113 1.03538
6.40356 1.0544
6.57076 1.04069
6.71272 1.00326
6.82628 0.964549
6.9083 0.947343
6.94616 0.961698
6.94932 0.999223
6.9367 1.03786
6.89884 1.0545
6.84521 1.03846
6.76319 0.998093
6.67486 0.95667
6.55183 0.939412
6.40987 0.958688
6.23636 1.00574
6.03762 1.05408
5.81995 1.07357
5.6149 1.04806
5.38146 0.986933
5.1417 0.923306
4.88302 0.898276
4.58017 0.937817
4.20162 1.03367
3.96817 1.13864
3.66848 1.18049
3.3751 1.08997
3.10695 0.831245
2.82303 0.421173
2.51072 -0.0719492
2.12901 -0.550606
1.64319 -0.922412
1.08167 -1.13232
0.510674 -1.1794
-0.0540094 -1.11171
-0.596611 -1.00263
-1.12975 -0.919651
-1.6408 -0.899457
-2.14239 -0.939265
-2.6219 -1.00643
-3.08248 -1.05992
-3.52729 -1.07231
-3.97209 -1.04201
-4.38851 -0.990785
-4.7923 -0.949553
-5.16771 -0.94079
-5.51156 -0.967018
-5.8081 -1.01092
-6.07625 -1.04625
-6.32547 -1.05295
-6.54945 -1.02818
-6.7545 -0.987278
-6.9217 -0.954527
-7.06681 -0.949142
-7.17407 -0.974267
-7.25609 -1.0152
-7.31287 -1.04776
-7.34758 -1.05222
-7.36335 -1.02491
-7.37281 -0.980946
-7.35073 -0.94616
-7.30341 -0.942436
-7.22454 -0.974494
-7.12044 -1.02575
-6.9911 -1.06626
-6.85545 -1.06926
-6.71349 -1.02759
-6.55576 -0.960702
-6.3854 -0.907233
-6.18666 -0.905289
-5.96584 -0.96946
-5.71346 -1.0762
-5.45794 -1.16619
-5.20556 -1.16458
-4.96581 -1.01158
-4.73236 -0.690149
-4.4863 -0.238126
-4.1803 0.261508
-3.79228 0.708923
-3.297 1.02276
-2.72285 1.16774
-2.14239 1.1634
-1.56824 1.07093
-1.01302 0.965095
-0.470424 0.903862
0.0532497 0.908855
0.561147 0.963924
1.05958 1.0304
1.53278 1.07018
1.98705 1.06502
2.4287 1.02329
2.84827 0.972328
3.25522 0.941754
3.6464 0.947235
3.99656 0.983046
4.31518 1.02677
4.61803 1.05277
4.88302 1.04674
5.13224 1.01324
5.35307 0.972539
5.5455 0.948656
5.719 0.955568
5.83888 0.989236
5.94614 1.02991
6.00923 1.0534
6.06601 1.04511
6.09441 1.00882
6.11018 0.965173
6.10072 0.940347
6.05339 0.950891
5.99346 0.993236
5.90197 1.04416
5.79787 1.07278
5.67799 1.05818
5.54234 1.00324
5.40038 0.936419
5.22057 0.898892
5.02498 0.922315
4.79469 1.00768
4.5644 1.11648
4.32465 1.18029
4.10067 1.12623
3.88615 0.908141
3.66848 0.529606
3.41295 0.0479849
3.11011 -0.443287
2.69054 -0.84735
2.18895 -1.098
1.61165 -1.18104
1.04381 -1.13446
0.482281 -1.02839
-0.0697828 -0.934434
-0.602919 -0.898099
-1.11082 -0.925765
-1.61556 -0.990228
-2.08876 -1.05027
-2.5525 -1.07362
-3.01308 -1.05222
-3.42634 -1.00322
-3.84906 -0.956988
-4.215 -0.939426
-4.5557 -0.958266
-4.85224 -1.00026
-5.1267 -1.03991
-5.37907 -1.05443
-5.60936 -1.03636
-5.82072 -0.997209
-6.01315 -0.960354
-6.1772 -0.947456
-6.30023 -0.966053
-6.4138 -1.00527
-6.48635 -1.04202
-6.53683 -1.05423
-6.59046 -1.03376
-6.60939 -0.9916
-6.63462 -0.952237
-6.622 -0.939892
-6.58099 -0.964181
-6.51475 -1.01331
-6.43273 -1.05923
-6.33493 -1.07277
-6.22767 -1.04095
-6.11411 -0.977023
-5.98792 -0.916488
-5.83334 -0.899732
-5.64722 -0.948765
-5.45163 -1.04963
-5.22449 -1.15028
-5.01313 -1.17699
-4.80808 -1.06353
-4.60302 -0.780832
-4.38851 -0.353709
-4.12982 0.143594
-3.80174 0.612074
-3.36955 0.962945
-2.83642 1.14835
-2.24334 1.17518
-1.66919 1.09688
-1.09189 0.987907
-0.558755 0.912567
-0.0161533 0.901991
0.50752 0.948164
1.0028 1.01579
1.48862 1.06454
1.94289 1.07029
2.36876 1.03527
2.77571 0.983592
3.2079 0.946011
3.7158 0.942615
3.96186 0.972792
4.29625 1.0171
4.58017 1.04924
4.85463 1.05116
5.09438 1.0228
5.31205 0.981531
5.50449 0.951803
5.65907 0.951031
5.7821 0.979667
5.87043 1.02094
5.94929 1.05041
5.9903 1.0501
6.01239 1.0191
6.02816 0.974788
6.01869 0.943385
5.96507 0.944992
5.88935 0.981259
5.79156 1.03294
5.67168 1.06942
5.54234 1.06588
5.39723 1.01882
5.25211 0.951236
5.07861 0.903108
4.88933 0.910513
4.6622 0.983157
4.43506 1.09179
4.19215 1.17328
3.96817 1.15295
3.75365 0.975687
3.53598 0.632024
3.31516 0.167356
3.02808 -0.330879
2.6653 -0.763346
2.17948 -1.05393
1.61165 -1.17518
1.03435 -1.15384
0.463354 -1.05497
-0.0918667 -0.95267
-0.628158 -0.900528
-1.14552 -0.914416
-1.64711 -0.973726
-2.12977 -1.03842
-2.59666 -1.07228
-3.04778 -1.0608
-3.47996 -1.01583
-3.89322 -0.966135
-4.26547 -0.940227
-4.59356 -0.950885
-4.88063 -0.989444
-5.14878 -1.03208
-5.37591 -1.05398
-5.6062 -1.04329
-5.79233 -1.00728
-5.98161 -0.967606
-6.12357 -0.947644
-6.25291 -0.959067
-6.33809 -0.9952
-6.4138 -1.03482
-6.46427 -1.05429
-6.49266 -1.04131
-6.51475 -1.00241
-6.5179 -0.959917
-6.50213 -0.939528
-6.4485 -0.955356
-6.38225 -1.0007
-6.30023 -1.05029
-6.19613 -1.07357
-6.08256 -1.05238
-5.95637 -0.993511
-5.83334 -0.92831
-5.67876 -0.898074
-5.50841 -0.93119
-5.30336 -1.02315
-5.09199 -1.13015
-4.87432 -1.18129
-4.66612 -1.10564
-4.46737 -0.863096
-4.25601 -0.465196
-4.02257 0.0239981
-3.71341 0.508365
-3.31592 0.893495
-2.80802 1.11975
-2.20864 1.1809
-1.62818 1.12115
-1.06035 1.01278
-0.511434 0.925128
0.0343205 0.898472
0.561148 0.933642
1.06589 1.00002
1.55486 1.05634
2.03122 1.07315
2.47602 1.04626
2.90506 0.995708
3.3057 0.952306
3.70318 0.939989
4.0565 0.963373
4.38774 1.0067
4.67166 1.04391
4.93034 1.05377
5.15748 1.03159
5.38777 0.991211
5.57389 0.956673
5.71585 0.948245
5.84204 0.970852
5.93983 1.01127
5.99661 1.04565
6.04078 1.05325
6.06917 1.02858
6.07548 0.985164
6.07548 0.948382
6.025 0.941159
5.96191 0.970211
5.87989 1.02082
5.76001 1.0637
5.63383 1.07099
5.49187 1.03314
5.34991 0.967172
5.18587 0.910595
4.99028 0.902593
4.77576 0.960839
4.53601 1.06562
4.29626 1.1604
4.05966 1.17056
3.84199 1.03354
3.64009 0.727385
3.41611 0.284768
3.15427 -0.214633
2.80095 -0.671069
2.34984 -1
1.8167 -1.16106
1.22678 -1.16877
0.658943 -1.08145
0.110033 -0.973929
-0.435723 -0.906873
-0.949932 -0.905732
-1.44837 -0.95751
-1.93734 -1.02472
-2.39161 -1.06824
-2.84903 -1.06741
-3.27807 -1.02817
-3.68502 -0.976707
-4.06042 -0.943204
-4.3822 -0.945159
-4.67873 -0.978868
-4.93742 -1.02301
-5.16455 -1.05158
-5.38538 -1.04871
-5.57466 -1.01713
-5.74185 -0.976033
-5.89012 -0.9497
-6.01631 -0.953552
-6.10149 -0.985339
-6.16143 -1.02642
-6.20874 -1.05243
-6.23398 -1.04732
-6.24345 -1.01301
-6.24029 -0.968904
