data = [-0.167577 0.690149
-0.167577 1.10564
-0.129722 1.16877
0.0469392 1.02839
0.261456 0.908615
0.482281 0.923306
0.67787 1.01882
0.845067 1.07341
1.01226 1.03527
1.17 0.962288
1.31195 0.941925
1.42552 0.9916
1.52016 1.04732
1.58956 1.04329
1.65581 0.987278
1.71891 0.947907
1.76307 0.972539
1.78515 1.03159
1.79462 1.05325
1.80093 1.00882
1.80408 0.949599
1.79777 0.949553
1.76623 1.01583
1.72837 1.07174
1.68736 1.04095
1.64319 0.945142
1.60849 0.899091
1.55802 0.987907
1.46338 1.14268
1.36874 1.15295
1.30249 0.831245
1.2394 0.191039
1.15738 -0.529606
0.977562 -1.03354
0.636859 -1.1809
0.173125 -1.07093
-0.360011 -0.928087
-0.877375 -0.907233
-1.36635 -0.993511
-1.808 -1.06824
-2.22126 -1.05222
-2.61243 -0.978963
-2.98784 -0.939412
-3.34116 -0.974788
-3.64085 -1.03695
-3.91215 -1.05116
-4.16453 -1.00326
-4.39166 -0.952644
-4.60933 -0.960354
-4.76707 -1.01713
-4.89956 -1.05429
-5.0289 -1.02491
-5.11723 -0.96162
-5.19294 -0.941754
-5.25288 -0.995708
-5.28758 -1.0637
-5.3002 -1.05818
-5.29705 -0.970441
-5.28758 -0.899457
-5.25604 -0.95267
-5.1961 -1.10685
-5.10146 -1.17699
-5.0289 -0.949817
-4.95004 -0.376374
-4.84593 0.353709
-4.66927 0.936305
-4.34434 1.17518
-3.88692 1.11171
-3.3317 0.956696
-2.77017 0.898892
-2.21495 0.967172
-1.69128 1.05634
-1.1676 1.06502
-0.666013 0.998197
-0.161269 0.942436
0.31193 0.959917
0.747272 1.02301
1.15422 1.05443
1.54225 1.01905
1.91449 0.961698
2.26466 0.951803
2.58328 1.00124
2.8672 1.05041
3.13219 1.03846
3.38456 0.976814
3.62432 0.939426
3.83252 0.976707
4.0218 1.05029
4.17322 1.06926
4.31518 0.996777
4.45714 0.908855
4.57071 0.925128
4.64011 1.06562
4.69059 1.18029
4.72213 1.04393
4.7663 0.550606
4.79469 -0.167356
4.76945 -0.814788
4.60226 -1.14835
4.28364 -1.14656
3.83568 -0.99274
3.34671 -0.899732
2.85773 -0.942174
2.42239 -1.03842
1.99967 -1.07231
1.57695 -1.01833
0.987027 -0.950891
0.722036 -0.948382
0.337167 -1.0067
-0.00037985 -1.05277
-0.344238 -1.03323
-0.675477 -0.974267
-0.984633 -0.947644
-1.28117 -0.985339
-1.53985 -1.04202
-1.78276 -1.04831
-2.0099 -0.993762
-2.23388 -0.942615
-2.42315 -0.960456
-2.60928 -1.03294
-2.82695 -1.07357
-2.91844 -1.0218
-3.05724 -0.925765
-3.18027 -0.906873
-3.27491 -1.02315
-3.36009 -1.16619
-3.44211 -1.11289
-3.52729 -0.708923
-3.60615 -0.0239981
-3.62823 0.671069
-3.54621 1.098
-3.30646 1.17114
-2.94683 1.03367
-2.52095 0.910513
-2.08876 0.920937
-1.69443 1.01579
-1.32849 1.07314
-0.972014 1.03756
-0.505125 0.964181
-0.274836 0.941317
0.0627125 0.989444
0.346631 1.04625
0.608467 1.0445
0.857686 0.989236
1.09113 0.948245
1.3088 0.970852
1.48861 1.02991
1.65897 1.05365
1.81039 1.01092
1.96181 0.950885
2.09746 0.948293
2.22996 1.01331
2.32775 1.07106
2.40662 1.0434
2.4918 0.948164
2.57382 0.898607
2.62744 0.983157
2.65899 1.13864
2.66846 1.15719
2.68107 0.84735
2.72839 0.214633
2.73155 -0.508365
2.64953 -1.02276
2.39085 -1.18124
2.00598 -1.0762
1.5454 -0.93119
1.07851 -0.905732
0.627395 -0.990228
0.239373 -1.06711
-0.145494 -1.05408
-0.530361 -0.981259
-0.893147 -0.939485
-1.22123 -0.972792
-1.51777 -1.03538
-1.78907 -1.05183
-2.06352 -1.00527
-2.30643 -0.953552
-2.53672 -0.959067
-2.72916 -1.0152
-2.90266 -1.05407
-3.0604 -1.02677
-3.22128 -0.963373
-3.36955 -0.941159
-3.50205 -0.993236
-3.59353 -1.06229
-3.67555 -1.05992
-3.75757 -0.973726
-3.83329 -0.900163
-3.89954 -0.948765
-3.92162 -1.1019
-3.92477 -1.17848
-3.93739 -0.962945
-3.96894 -0.398866
-3.9784 0.330879
-3.89953 0.922412
-3.68502 1.17304
-3.33485 1.11648
-2.87743 0.960839
-2.39476 0.898472
-1.92787 0.963924
-1.48938 1.05441
-1.08558 1.06626
-0.681786 1.0007
-0.281145 0.943204
0.0847953 0.958266
0.416033 1.02107
0.722035 1.0545
1.02173 1.02094
1.3088 0.963097
1.57064 0.951031
1.81039 0.999223
2.01544 1.0496
2.22365 1.03991
2.40031 0.978868
2.58643 0.939528
2.74101 0.974494
2.87035 1.04831
2.97761 1.07018
3.0754 1.00002
3.17951 0.910595
3.26784 0.922315
3.32147 1.0603
3.34355 1.1794
3.37825 1.05393
3.41295 0.571356
3.45081 -0.143594
3.44135 -0.797982
3.2773 -1.14338
2.96499 -1.15028
2.53281 -0.99765
2.0533 -0.900528
1.60218 -0.939265
1.18261 -1.03582
0.791439 -1.07278
0.412878 -1.02082
0.0311658 -0.952306
-0.325309 -0.947235
-0.65655 -1.00456
-0.949933 -1.05222
-1.22754 -1.03482
-1.502 -0.976033
-1.74806 -0.947456
-1.9815 -0.983423
-2.18656 -1.04069
-2.37268 -1.04924
-2.54619 -0.995928
-2.71023 -0.943385
-2.86165 -0.958688
-2.98469 -1.03057
-3.10456 -1.07362
-3.21497 -1.02472
-3.30961 -0.92831
-3.39794 -0.905289
-3.48312 -1.01794
-3.50836 -1.1634
-3.53044 -1.11975
-3.56514 -0.727385
-3.6377 -0.0479849
-3.63454 0.651692
-3.55568 1.08997
-3.31908 1.17328
-2.94998 1.03897
-2.50833 0.912567
-2.04775 0.918663
-1.59348 1.01271
-1.25278 1.07277
-0.864755 1.03981
-0.473578 0.966135
-0.129721 0.94079
0.195208 0.987298
0.4949 1.04511
0.7662 1.04565
1.01542 0.991211
1.27725 0.948656
1.48862 0.969207
1.69682 1.02818
1.89557 1.05398
2.0533 1.01301
2.21103 0.952237
2.3593 0.947112
2.49495 1.01079
2.59274 1.07029
2.68423 1.04578
2.78518 0.951236
2.8672 0.898276
2.92398 0.978496
2.96499 1.13446
2.98077 1.16106
3.02493 0.863096
3.05648 0.238126
3.0691 -0.486892
2.99654 -1.01158
2.7694 -1.18129
2.26151 -1.08145
1.94289 -0.934434
1.47915 -0.904356
1.05012 -0.986933
0.658941 -1.06588
0.277228 -1.05587
-0.10133 -0.983592
-0.476733 -0.939645
-0.807972 -0.97083
-1.10766 -1.03376
-1.38212 -1.05243
-1.6408 -1.00728
-1.89317 -0.954527
-2.12346 -0.95784
-2.3159 -1.01324
-2.48625 -1.05377
-2.64714 -1.02858
-2.7954 -0.965173
-2.94052 -0.940649
-3.0604 -0.990785
-3.15188 -1.0608
-3.24337 -1.06156
-3.32854 -0.977023
-3.4011 -0.901009
-3.46735 -0.944986
-3.51151 -1.09688
-3.51151 -1.17964
-3.54306 -0.975687
-3.57145 -0.421173
-3.58407 0.307895
-3.53359 0.908141
-3.338 1.17056
-3.00677 1.12115
-2.57142 0.965095
-2.10138 0.898199
-1.65657 0.960702
-1.24016 1.05238
-0.855292 1.06741
-0.464114 1.00322
-0.0981749 0.944056
0.258302 0.95667
0.570612 1.0191
0.860841 1.05449
1.13214 1.0228
1.40344 0.964549
1.64319 0.95033
1.85771 0.997209
2.03752 1.04871
2.21419 1.04131
2.37507 0.980946
2.52965 0.939715
2.67161 0.972328
2.77887 1.04626
2.87035 1.07099
2.95237 1.00324
3.02493 0.91245
3.08803 0.919651
3.14165 1.05497
3.15112 1.17825
3.15743 1.06353
3.18266 0.591848
3.2079 -0.119765
3.17951 -0.780832
3.01547 -1.13804
2.70947 -1.15384
2.27413 -1.00263
1.78831 -0.901482
1.32142 -0.936419
0.892386 -1.03314
0.504364 -1.07315
0.116342 -1.02329
-0.255907 -0.953794
-0.618692 -0.94616
-0.927847 -1.00241
-1.23385 -1.05158
-1.49884 -1.03636
-1.76068 -0.977834
-2.0162 -0.947343
-2.22757 -0.981531
-2.42315 -1.0393
-2.59035 -1.0501
-2.75755 -0.998093
-2.91528 -0.944233
-3.04778 -0.956988
-3.16135 -1.02817
-3.26545 -1.07357
-3.34432 -1.02759
-3.42634 -0.930937
-3.50205 -0.903862
-3.55252 -1.01278
-3.5683 -1.1604
-3.58091 -1.12623
-3.59669 -0.745528
-3.63139 -0.0719492
-3.61877 0.632024
-3.50205 1.08155
-3.2339 1.17518
-2.84272 1.0443
-2.37584 0.914775
-1.90264 0.916488
-1.45783 1.00959
-1.04142 1.07228
-0.650239 1.04201
-0.255907 0.968146
0.122651 0.940347
0.472818 0.985164
0.785128 1.04391
1.06589 1.04674
1.35297 0.9932
1.60849 0.949142
1.84509 0.967606
2.0533 1.02642
2.24258 1.05423
2.40662 1.01506
2.57382 0.953654
2.72208 0.946011
2.85458 1.00826
2.96184 1.06942
3.05963 1.04806
3.15743 0.954353
3.2426 0.898099
3.29939 0.973929
3.33724 1.13015
3.34671 1.16458
3.36248 0.878479
3.39087 0.261508
3.40349 -0.465196
3.33093 -1
3.08487 -1.18104
2.70631 -1.08665
2.25835 -0.937817
1.77254 -0.903108
1.33404 -0.983631
0.927088 -1.06454
0.54222 -1.05759
0.154198 -0.98596
-0.221207 -0.939892
-0.561909 -0.968904
-0.867911 -1.03208
-1.16445 -1.05295
-1.43575 -1.00928
-1.68812 -0.955568
-1.92787 -0.956673
-2.12977 -1.01127
-2.31274 -1.0534
-2.47994 -1.03036
-2.65029 -0.967018
-2.80487 -0.940227
-2.92475 -0.988359
-3.02569 -1.05923
-3.12664 -1.0631
-3.21182 -0.980326
-3.297 -0.901991
-3.3664 -0.941335
-3.4011 -1.09179
-3.42003 -1.18049
-3.44842 -0.988041
-3.47997 -0.443287
-3.49889 0.284768
-3.45788 0.893495
-3.26229 1.16774
-2.93736 1.12571
-2.49887 0.96946
-2.02251 0.898074
