data = [-0.136031 0.591848
-0.132876 1.01158
-0.0918667 1.17699
0.0500938 1.13015
0.251991 0.99765
0.475971 0.906873
0.703107 0.914416
0.870305 0.990228
1.01857 1.05992
1.15738 1.06846
1.29303 1.01833
1.42868 0.958688
1.53594 0.940347
1.63058 0.974788
1.68736 1.02858
1.73783 1.05449
1.77569 1.03159
1.81355 0.981531
1.82932 0.948656
1.83878 0.961698
1.84194 1.00928
1.8167 1.0496
1.79146 1.04625
1.77253 1.00026
1.75045 0.950885
1.71575 0.943204
1.66212 0.988359
1.58957 1.05029
1.51385 1.07277
1.43499 1.02759
1.36243 0.945142
1.28356 0.898199
1.19208 0.944986
1.08798 1.07093
0.961789 1.17518
0.854531 1.11975
0.769355 0.814788
0.67787 0.284768
0.561148 -0.330879
0.378178 -0.84735
0.0374751 -1.13232
-0.401022 -1.17114
-0.905767 -1.0603
-1.41367 -0.937817
-1.90264 -0.898892
-2.36322 -0.951236
-2.77648 -1.03314
-3.15819 -1.07341
-3.52098 -1.04626
-3.8743 -0.983592
-4.18661 -0.941754
-4.46737 -0.953654
-4.70082 -1.00456
-4.90272 -1.04831
-5.07622 -1.04776
-5.25604 -1.00527
-5.38853 -0.959067
-5.49895 -0.9497
-5.58097 -0.985339
-5.62513 -1.03482
-5.65983 -1.05423
-5.67245 -1.02491
-5.68192 -0.97083
-5.66614 -0.939715
-5.61567 -0.962288
-5.55257 -1.02329
-5.45794 -1.07029
-5.3633 -1.05634
-5.25919 -0.983631
-5.14247 -0.910595
-5.00682 -0.910513
-4.85224 -1.00768
-4.66927 -1.13864
-4.48314 -1.17304
-4.31279 -0.988041
-4.13929 -0.550606
-3.95632 0.0479849
-3.7071 0.632024
-3.35378 1.03354
-2.86165 1.17964
-2.29381 1.12115
-1.72913 0.987907
-1.16445 0.903862
-0.612383 0.918663
-0.0729375 0.996777
0.444426 1.0631
0.961789 1.06626
1.45076 1.01331
1.92711 0.955356
2.39085 0.941317
2.82619 0.978868
3.23314 1.03208
3.59908 1.05443
3.9524 1.02818
4.27102 0.977834
4.57071 0.947907
4.82308 0.964549
5.04706 1.01324
5.24896 1.05116
5.42878 1.04391
5.57704 0.995928
5.71585 0.948382
5.82941 0.944992
5.90828 0.993236
5.94929 1.05408
5.98715 1.07169
5.98084 1.0218
5.9556 0.939265
5.93668 0.898099
5.8862 0.95267
5.79156 1.08145
5.69061 1.17825
5.57704 1.10564
5.46978 0.780832
5.35937 0.238126
5.19218 -0.376374
4.93034 -0.878479
4.5297 -1.14338
3.46343 -1.16619
3.0691 -1.04963
2.70947 -0.93119
2.16371 -0.900163
1.58641 -0.95751
1.02804 -1.03842
0.507519 -1.07362
-0.00984389 -1.04201
-0.517744 -0.978963
-1.00672 -0.940649
-1.45468 -0.95667
-1.90264 -1.00882
-2.26858 -1.0501
-2.65029 -1.04565
-2.99099 -1.00124
-3.42949 -0.956673
-3.60615 -0.951031
-3.88376 -0.989236
-4.11721 -1.03786
-4.33488 -1.05365
-4.53362 -1.02107
-4.72921 -0.967018
-4.89325 -0.939426
-5.03521 -0.966135
-5.14878 -1.02817
-5.24026 -1.07174
-5.31913 -1.05238
-5.38853 -0.977023
-5.45163 -0.907233
-5.48948 -0.914775
-5.49264 -1.01794
-5.47055 -1.14656
-5.43901 -1.16774
-5.41692 -0.962945
-5.39484 -0.508365
-5.34752 0.0958796
-5.22449 0.671069
-4.98789 1.05393
-4.60618 1.18104
-4.12036 1.11171
-3.5683 0.978496
-3.00677 0.901482
-2.47047 0.923306
-1.97204 1.00324
-1.48938 1.06588
-1.02249 1.0637
-0.565064 1.00826
-0.113948 0.952306
0.31824 0.942615
0.715725 0.983046
1.08167 1.03538
1.42868 1.05407
1.75361 1.02463
2.05961 0.974267
2.35299 0.947456
2.60852 0.967606
2.84196 1.01713
3.05332 1.05243
3.24891 1.04131
3.43819 0.9916
3.59908 0.94616
3.74419 0.947112
3.87038 0.998197
3.9524 1.05759
4.04073 1.07018
4.10698 1.01579
4.16691 0.933642
4.21108 0.898607
4.22685 0.960839
4.20793 1.09179
4.17953 1.18029
4.14168 1.08997
4.10698 0.745528
4.07228 0.191039
3.98394 -0.421173
3.78836 -0.908141
3.46027 -1.15295
2.99654 -1.1604
2.4634 -1.03897
1.89241 -0.925128
1.34666 -0.901991
0.829294 -0.963924
0.349786 -1.0434
-0.107639 -1.07341
-0.571373 -1.03756
-1.00672 -0.974494
-1.44206 -0.939892
-1.8427 -0.959917
-2.18971 -1.01301
-2.5178 -1.05158
-2.83957 -1.04329
-3.1298 -0.997209
-3.39479 -0.954527
-3.65347 -0.952644
-3.86168 -0.9932
-4.0478 -1.04069
-4.22446 -1.05277
-4.38851 -1.0171
-4.53678 -0.963373
-4.66296 -0.939485
-4.76391 -0.970211
-4.84593 -1.03294
-4.91218 -1.07278
-4.95634 -1.04806
-5.01944 -0.970441
-5.05414 -0.904356
-5.0636 -0.919651
-5.04783 -1.02839
-4.99735 -1.15384
-4.95004 -1.16106
-4.90272 -0.936305
-4.8554 -0.465196
-4.7923 0.143594
-4.62826 0.708923
-4.35696 1.07274
-3.94686 1.18124
-3.4358 1.1019
-2.86481 0.96946
-2.27489 0.899732
-1.71651 0.92831
-1.20546 1.00959
-0.703869 1.06824
-0.227516 1.0608
0.248836 1.00322
0.703107 0.949553
1.12583 0.944233
1.52647 0.987298
1.89557 1.03846
2.23942 1.0534
2.5612 1.02094
2.87351 0.970852
3.16058 0.947305
3.41611 0.970852
3.64955 1.02094
3.85776 1.0534
4.04388 1.03846
4.21739 0.987298
4.37197 0.944233
4.495 0.949553
4.59595 1.00322
4.6622 1.0608
4.71267 1.06824
4.7663 1.00959
4.79469 0.92831
4.80415 0.899732
4.80731 0.96946
4.77261 1.1019
4.71898 1.18124
4.6622 1.07274
4.60541 0.708923
4.54232 0.143594
4.42875 -0.465196
4.19846 -0.936305
3.83252 -1.16106
3.34986 -1.15384
2.77887 -1.02839
2.19841 -0.919651
1.62111 -0.904356
1.08798 -0.970441
0.580076 -1.04806
0.0911047 -1.07278
-0.382094 -1.03294
-0.845827 -0.970211
-1.30325 -0.939485
-1.70705 -0.963373
-2.08561 -1.0171
-2.43577 -1.05277
-2.7607 -1.04069
-3.07302 -0.9932
-3.36324 -0.952644
-3.64085 -0.954527
-3.8743 -0.997209
-4.08881 -1.04329
-4.29387 -1.05158
-4.47684 -1.01301
-4.65665 -0.959917
-4.82069 -0.939892
-4.95635 -0.974494
-5.05729 -1.03756
-5.14247 -1.07341
-5.2308 -1.0434
-5.28443 -0.963924
-5.33806 -0.901991
-5.3696 -0.925128
-5.35068 -1.03897
-5.31282 -1.1604
-5.26866 -1.15295
-5.23711 -0.908141
-5.18663 -0.421173
-5.11092 0.191039
-4.94057 0.745528
-4.64719 1.08997
-4.23077 1.18029
-3.70079 1.09179
-3.11402 0.960839
-2.54303 0.898607
-1.98466 0.933642
-1.44837 1.01579
-0.940467 1.07018
-0.457806 1.05759
0.0469379 0.998197
0.539064 0.947112
1.0028 0.94616
1.4129 0.9916
1.79146 1.04131
2.13847 1.05243
2.49495 1.01713
2.81672 0.967606
3.11957 0.947456
3.39718 0.974267
3.65586 1.02463
3.86722 1.05407
4.06281 1.03538
4.25209 0.983046
4.42244 0.942615
4.55809 0.952306
4.67797 1.00826
4.77261 1.0637
4.84201 1.06588
4.9051 1.00324
4.95873 0.923306
4.98081 0.901482
4.98712 0.978496
4.96504 1.11171
4.92403 1.18104
4.87987 1.05393
4.83255 0.671069
4.77576 0.0958796
4.64642 -0.508365
4.4256 -0.962945
4.04389 -1.16774
3.55176 -1.14656
2.99654 -1.01794
2.4287 -0.914775
1.86087 -0.907233
1.33719 -0.977023
0.81983 -1.05238
0.349786 -1.07174
-0.123412 -1.02817
-0.593455 -0.966135
-1.05088 -0.939426
-1.46414 -0.967018
-1.8427 -1.02107
-2.20233 -1.05365
-2.53672 -1.03786
-2.86481 -0.989236
-3.16765 -0.951031
-3.44527 -0.956673
-3.70079 -1.00124
-3.9437 -1.04565
-4.15822 -1.0501
-4.36642 -1.00882
-4.56517 -0.95667
-4.74183 -0.940649
-4.90272 -0.978963
-5.01628 -1.04201
-5.10777 -1.07362
-5.19925 -1.03842
-5.28443 -0.95751
-5.35699 -0.900163
-5.40115 -0.93119
-5.40746 -1.04963
-5.38853 -1.16619
-5.3633 -1.14338
-5.34121 -0.878479
-5.30651 -0.376374
-5.24342 0.238126
-5.08569 0.780832
-4.77022 1.10564
-4.35381 1.17825
-3.82067 1.08145
-3.24337 0.95267
-2.66922 0.898099
-2.11084 0.939265
-1.59979 1.0218
-1.09189 1.07169
-0.606075 1.05408
-0.113948 0.993236
0.375023 0.944992
0.822983 0.948382
1.24255 0.995928
1.62111 1.04391
1.98705 1.05116
2.34037 1.01324
2.67792 0.964549
2.98077 0.947907
3.25837 0.977834
3.50759 1.02818
3.73788 1.05443
3.9524 1.03208
4.1543 0.978868
4.34358 0.941317
4.50131 0.955356
4.6338 1.01331
4.7316 1.06626
4.81677 1.0631
4.8988 0.996777
4.95873 0.918663
5.0029 0.903862
5.01552 0.987907
5.0029 1.12115
4.9682 1.17964
4.93981 1.03354
4.90826 0.632024
4.85778 0.0479849
4.74422 -0.550606
4.49185 -0.988041
4.14168 -1.17304
3.65271 -1.13864
3.09433 -1.00768
2.53281 -0.910513
1.98074 -0.910595
1.47284 -0.983631
0.987027 -1.05634
0.513828 -1.07029
0.0469392 -1.02329
-0.419949 -0.962288
-0.845828 -0.939715
-1.25278 -0.97083
-1.62503 -1.02491
-1.9815 -1.05423
-2.30328 -1.03482
-2.61559 -0.985339
-2.91213 -0.9497
-3.18974 -0.959067
-3.43265 -1.00527
-3.66609 -1.04776
-3.8743 -1.04831
-4.07935 -1.00456
-4.27179 -0.953654
-4.44214 -0.941754
-4.59041 -0.983592
-4.71344 -1.04626
-4.81438 -1.07341
-4.91849 -1.03314
-5.00051 -0.951236
-5.05098 -0.898892
-5.09199 -0.937817
-5.10461 -1.0603
-5.08253 -1.17114
