data = [-0.14234 0.763346
-0.145495 1.15295
-0.0887109 1.12571
0.103722 0.95267
0.31193 0.903108
0.523291 0.996777
0.703107 1.07228
0.867149 1.03294
1.0375 0.953794
1.2047 0.950885
1.34035 1.0191
1.45391 1.05407
1.55486 1.00728
1.6495 0.951031
1.72206 0.969207
1.78515 1.03482
1.8167 1.04924
1.83878 0.987298
1.8514 0.939528
1.86402 0.983592
1.85456 1.06229
1.83878 1.05238
1.81039 0.948164
1.78515 0.901482
1.75992 1.02315
1.69682 1.17518
1.63689 1.04393
1.58957 0.465196
1.54225 -0.353709
1.44445 -0.988041
1.18262 -1.1809
0.753583 -1.04963
0.242528 -0.908615
-0.277989 -0.933642
-0.751188 -1.04095
-1.18338 -1.06846
-1.60295 -0.995708
-2.00674 -0.939892
-2.3853 -0.976814
-2.72285 -1.04391
-3.03201 -1.04202
-3.31908 -0.977834
-3.58091 -0.948245
-3.82067 -0.997209
-4.02257 -1.05183
-4.20238 -1.02858
-4.35381 -0.958266
-4.49261 -0.947112
-4.59671 -1.02082
-4.66927 -1.07362
-4.74183 -1.01271
-4.80177 -0.910595
-4.84593 -0.934434
-4.85855 -1.1019
-4.85224 -1.17056
-4.82385 -0.84735
-4.81123 -0.119765
-4.77022 0.671069
-4.6251 1.12623
-4.30648 1.14656
-3.8459 0.973929
-3.32539 0.898892
-2.80171 0.980326
-2.32536 1.06824
-1.83323 1.04416
-1.36635 0.962288
-0.899456 0.945159
-0.46096 1.00882
-0.0445454 1.0544
0.340323 1.01713
0.722035 0.955568
1.07536 0.961698
1.40344 1.02642
1.69682 1.05277
1.98074 0.998093
2.24573 0.941317
2.48549 0.972328
2.70947 1.05408
2.90821 1.06156
3.09118 0.963924
3.28361 0.898276
3.43819 0.99765
3.56122 1.1634
3.66217 1.08997
3.78205 0.571356
3.89877 -0.238126
3.93347 -0.922412
3.84829 -1.17964
3.5833 -1.0762
3.20159 -0.919651
2.78833 -0.920937
2.394 -1.02759
2.03437 -1.07231
1.6842 -1.00826
1.33088 -0.942436
0.983871 -0.967018
0.662096 -1.03695
0.375023 -1.04776
0.0911047 -0.987278
-0.173887 -0.947305
-0.426259 -0.987278
-0.662858 -1.04776
-0.852137 -1.03695
-1.03195 -0.967018
-1.34742 -0.942436
-1.4389 -1.00826
-1.56509 -1.07231
-1.7102 -1.02759
-1.84585 -0.920937
-1.97519 -0.919651
-2.07299 -1.0762
-2.16447 -1.17964
-2.24334 -0.922412
-2.33798 -0.238126
-2.43262 0.571356
-2.41685 1.08997
-2.2528 1.1634
-1.93734 0.99765
-1.54616 0.898276
-0.997252 0.963924
-0.757497 1.06156
-0.438878 1.05408
-0.113948 0.972328
0.198361 0.941317
0.48859 0.998093
0.750427 1.05277
0.996489 1.02642
1.21732 0.961698
1.42552 0.955568
1.59588 1.01713
1.75045 1.0544
1.87664 1.00882
1.99967 0.945159
2.11008 0.962288
2.21734 1.04416
2.25835 1.06824
2.31829 0.980326
2.38454 0.898892
2.41608 0.973929
2.43501 1.14656
2.4287 1.12623
2.42239 0.671069
2.43817 -0.119765
2.40977 -0.84735
2.2552 -1.17056
1.92396 -1.1019
1.48231 -0.934434
0.993335 -0.910595
0.54222 -1.01271
0.138425 -1.07362
-0.255907 -1.02082
-0.640775 -0.947112
-1.01618 -0.958266
-1.35373 -1.02858
-1.64711 -1.05183
-1.93734 -0.997209
-2.19918 -0.948245
-2.44839 -0.977834
-2.64714 -1.04202
-2.83011 -1.04391
-2.99415 -0.976814
-3.14557 -0.939892
-3.27491 -0.995708
-3.38533 -1.06846
-3.47366 -1.04095
-3.55883 -0.933642
-3.63454 -0.908615
-3.69448 -1.04963
-3.73549 -1.1809
-3.7418 -0.988041
-3.7765 -0.353709
-3.79859 0.465196
-3.73234 1.04393
-3.52413 1.17518
-3.15504 1.02315
-2.70707 0.901482
-2.24334 0.948164
-1.81115 1.05238
-1.40105 1.06229
-1.00041 0.983592
-0.618692 0.939528
-0.243289 0.987298
0.08795 1.04924
0.387642 1.03482
0.684179 0.969207
0.961788 0.951031
1.2047 1.00728
1.42237 1.05407
1.6148 1.0191
1.79146 0.950885
1.96181 0.953794
2.10377 1.03294
2.2268 1.07228
2.33722 0.996777
2.43501 0.903108
2.5265 0.95267
2.58643 1.12571
2.62114 1.15295
2.6653 0.763346
2.70947 5.63695e-13
2.7347 -0.763346
2.63691 -1.15295
2.37823 -1.12571
1.97443 -0.95267
1.5107 -0.903108
1.07851 -0.996777
0.677869 -1.07228
0.296156 -1.03294
-0.0918656 -0.953794
-0.451495 -0.950885
-0.798508 -1.0191
-1.08558 -1.05407
-1.36635 -1.00728
-1.63765 -0.951031
-1.8774 -0.969207
-2.09823 -1.03482
-2.26858 -1.04924
-2.44208 -0.987298
-2.59982 -0.939528
-2.73862 -0.983592
-2.8585 -1.06229
-2.94683 -1.05238
-3.03516 -0.948164
-3.11402 -0.901482
-3.17396 -1.02315
-3.20551 -1.17518
-3.21813 -1.04393
-3.24652 -0.465196
-3.28438 0.353709
-3.24337 0.988041
-3.05409 1.1809
-2.71969 1.04963
-2.28751 0.908615
-1.82062 0.933642
-1.38843 1.04095
-0.990942 1.06846
-0.602919 0.995708
-0.21805 0.939892
0.14158 0.976814
0.466509 1.04391
0.750428 1.04202
1.0375 0.977834
1.29303 0.948245
1.53594 0.997209
1.73468 1.05183
1.91134 1.02858
2.07854 0.958266
2.23311 0.947112
2.35299 1.02082
2.45394 1.07362
2.55173 1.01271
2.68423 0.910595
2.72524 0.934434
2.75363 1.1019
2.77571 1.17056
2.78202 0.84735
2.81357 0.119765
2.81988 -0.671069
2.73786 -1.12623
2.46656 -1.14656
2.05645 -0.973929
1.57379 -0.898892
1.10375 -0.980326
0.662097 -1.06824
0.2583 -1.04416
-0.14234 -0.962288
-0.536672 -0.945159
-0.899458 -1.00882
-1.22123 -1.0544
-1.53039 -1.01713
-1.81115 -0.955568
-2.07614 -0.961698
-2.30328 -1.02642
-2.51464 -1.05277
-2.6913 -0.998093
-2.85534 -0.941317
-3.00361 -0.972328
-3.1298 -1.05408
-3.24021 -1.06156
-3.32539 -0.963924
-3.41372 -0.898276
-3.49889 -0.99765
-3.51151 -1.1634
-3.5399 -1.08997
-3.5683 -0.571356
-3.59669 0.238126
-3.55883 0.922412
-3.4011 1.17964
-3.06355 1.0762
-2.63767 0.919651
-1.98781 0.920937
-1.72913 1.02759
-1.31272 1.07231
-0.908922 1.00826
-0.50828 0.942436
-0.123412 0.967018
0.217291 1.03695
0.526446 1.04776
0.826138 0.987278
1.11006 0.947305
1.34981 0.987278
1.57695 1.04776
1.782 1.03695
1.9555 0.967018
2.12586 0.942436
2.27097 1.00826
2.394 1.07231
2.4981 1.02759
2.60852 0.920937
2.69685 0.919651
2.7694 1.0762
2.80411 1.17964
2.84196 0.922412
2.87666 0.238126
2.91452 -0.571356
2.87035 -1.08997
2.63691 -1.1634
2.25835 -0.99765
1.80093 -0.898276
1.33404 -0.963924
0.923932 -1.06156
0.5296 -1.05408
0.147888 -0.972328
-0.23698 -0.941317
-0.577683 -0.998093
-0.896302 -1.05277
-1.19284 -1.02642
-1.46414 -0.961698
-1.72598 -0.955568
-1.95942 -1.01713
-2.15501 -1.0544
-2.34744 -1.00882
-2.50518 -0.945159
-2.6566 -0.962288
-2.79225 -1.04416
-2.90266 -1.06824
-3.00677 -0.980326
-3.0951 -0.898892
-3.16765 -0.973929
-3.22759 -1.14656
-3.26229 -1.12623
-3.30015 -0.671069
-3.34116 0.119765
-3.33801 0.84735
-3.19605 1.17056
-2.91528 1.1019
-2.49571 0.934434
-2.03513 0.910595
-1.59348 1.01271
-1.19915 1.07362
-0.807972 1.02082
-0.41995 0.947112
-0.0477 0.958266
0.283538 1.02858
0.586385 1.05183
0.873458 0.997209
1.1416 0.948245
1.3782 0.977834
1.59587 1.04202
1.78831 1.04391
1.9555 0.976814
2.11324 0.939892
2.26781 0.995708
2.37192 1.06846
2.47287 1.04095
2.55489 0.933642
2.63691 0.908615
2.69685 1.04963
2.72208 1.1809
2.74732 0.988041
2.78833 0.353709
2.81042 -0.465196
2.75048 -1.04393
2.53596 -1.17518
2.1574 -1.02315
1.6842 -0.901482
1.22047 -0.948164
0.797747 -1.05238
0.397105 -1.06229
0.00908303 -0.983592
-0.375784 -0.939528
-0.735414 -0.987298
-1.04773 -1.04924
-1.35057 -1.03482
-1.63134 -0.969207
-1.89633 -0.951031
-2.11085 -1.00728
-2.32536 -1.05407
-2.50202 -1.0191
-2.66922 -0.950885
-2.82064 -0.953794
-2.94683 -1.03294
-3.04147 -1.07228
-3.1298 -0.996777
-3.21182 -0.903108
-3.28122 -0.95267
-3.3317 -1.12571
-3.35693 -1.15295
-3.37586 -0.763346
-3.40741 9.66405e-13
-3.40425 0.763346
-3.28753 1.15295
-3.00677 1.12571
-2.60613 0.95267
-2.14555 0.903108
-1.68497 0.996777
-1.27486 1.07228
-0.88053 1.03294
-0.483041 0.953794
-0.0981737 0.950885
0.255147 1.0191
0.576922 1.05407
0.860841 1.00728
1.15107 0.951031
1.4129 0.969207
1.63373 1.03482
1.83563 1.04924
2.00913 0.987298
2.17633 0.939528
2.33091 0.983592
2.45394 1.06229
2.5612 1.05238
2.65899 0.948164
2.75048 0.901482
2.81988 1.02315
2.86089 1.17518
2.89559 1.04393
2.93345 0.465196
2.96815 -0.353709
2.94606 -0.988041
2.76625 -1.1809
2.41924 -1.04963
1.96812 -0.908615
1.5107 -0.933642
1.08167 -1.04095
0.687334 -1.06846
0.299312 -0.995708
-0.0855562 -0.939892
-0.438878 -0.976814
-0.773272 -1.04391
-1.06981 -1.04202
-1.34426 -0.977834
-1.60925 -0.948245
-1.8427 -0.997209
-2.04775 -1.05183
-2.22126 -1.02858
-2.3853 -0.958266
-2.53672 -0.947112
-2.66291 -1.02082
-2.76701 -1.07362
-2.86481 -1.01271
-2.95314 -0.910595
-3.02885 -0.934434
-3.07932 -1.1019
-3.12033 -1.17056
-3.13926 -0.84735
