data = [-0.129722 0.612074
-0.120258 1.03354
-0.0792468 1.18049
0.0721766 1.11171
0.277228 0.973929
0.507519 0.899732
0.725189 0.930937
0.895541 1.01579
1.04696 1.07099
1.18577 1.05408
1.33088 0.990785
1.46023 0.943204
1.57379 0.952237
1.64004 1.00456
1.70313 1.04924
1.7473 1.04565
1.78515 0.999223
1.83878 0.954527
1.84825 0.953552
1.84825 0.997209
1.83563 1.0445
1.81985 1.0501
1.80093 1.0067
1.78515 0.953654
1.7473 0.942436
1.7126 0.988359
1.64635 1.05222
1.5801 1.07169
1.50755 1.01882
1.45392 0.933642
1.39082 0.899091
1.29618 0.96946
1.19523 1.10685
1.07851 1.18104
0.974408 1.04393
0.905006 0.632024
0.81983 0.0239981
0.687334 -0.591848
0.434962 -1.02276
0.0690219 -1.17964
-0.413639 -1.11648
-0.927849 -0.978496
-1.43259 -0.900528
-1.90895 -0.92831
-2.3506 -1.01271
-2.75439 -1.07018
-3.12033 -1.05587
-3.48312 -0.993236
-3.81751 -0.944056
-4.10774 -0.950885
-4.37273 -1.00241
-4.59356 -1.04831
-4.79546 -1.04674
-4.98474 -1.00124
-5.13616 -0.955568
-5.27181 -0.952644
-5.36961 -0.9952
-5.43585 -1.04329
-5.48633 -1.05088
-5.52418 -1.00882
-5.53365 -0.955132
-5.53049 -0.941754
-5.50526 -0.98596
-5.44847 -1.05029
-5.37592 -1.07228
-5.29389 -1.0218
-5.21187 -0.936419
-5.11092 -0.898607
-4.98158 -0.965095
-4.83016 -1.1019
-4.65665 -1.18129
-4.49261 -1.05393
-4.35065 -0.651692
-4.1803 -0.0479849
-3.95316 0.571356
-3.6377 1.01158
-3.18343 1.17848
-2.62505 1.12115
-2.06668 0.983157
-1.502 0.901482
-0.943622 0.925765
-0.40733 1.00959
0.122651 1.06926
0.636859 1.05759
1.13845 0.995708
1.64004 0.944992
2.11639 0.949599
2.54858 1.00026
2.94291 1.04732
3.32462 1.04776
3.6811 1.00326
4.01865 0.956673
4.31203 0.951803
4.58017 0.9932
4.81993 1.04202
5.01867 1.05158
5.20795 1.01092
5.38145 0.95667
5.52972 0.941159
5.64645 0.983592
5.72847 1.04831
5.78841 1.07277
5.84519 1.02472
5.89566 0.939265
5.90513 0.898276
5.86727 0.960839
5.82626 1.09688
5.75686 1.18124
5.68746 1.06353
5.61805 0.671069
5.52973 0.0719492
5.3783 -0.550606
5.11962 -1
4.71898 -1.17699
4.19531 -1.12571
3.60854 -0.987907
3.006 -0.902593
2.44132 -0.923306
1.86402 -1.00643
1.15107 -1.06824
0.851375 -1.05923
0.390796 -0.998197
-0.107639 -0.946011
-0.561909 -0.948382
-0.990941 -0.998093
-1.38527 -1.04625
-1.75752 -1.04871
-2.10138 -1.00527
-2.43893 -0.95784
-2.75755 -0.951031
-3.04147 -0.991211
-3.30015 -1.04069
-3.53675 -1.05222
-3.75127 -1.01301
-4.01941 -0.958266
-4.15506 -0.940649
-4.31595 -0.981259
-4.43898 -1.04626
-4.56832 -1.07314
-4.66296 -1.02759
-4.7576 -0.942174
-4.84909 -0.898099
-4.90587 -0.956696
-4.94373 -1.09179
-4.94373 -1.1809
-4.95004 -1.07274
-4.95635 -0.690149
-4.96265 -0.0958796
-4.90587 0.529606
-4.73867 0.988041
-4.43898 1.17518
-4.0131 1.13015
-3.51467 0.99274
-2.98153 0.903862
-2.48309 0.920937
-2.00674 1.00324
-1.56194 1.06711
-1.12659 1.0608
-0.703869 1.0007
-0.281145 0.947112
0.113187 0.947235
0.479128 0.995928
0.822983 1.04511
1.15107 1.0496
1.45707 1.00728
1.75045 0.959067
2.03437 0.95033
2.27097 0.989236
2.48549 1.0393
2.69054 1.05277
2.8672 1.01506
3.05017 0.959917
3.21106 0.940227
3.3404 0.978963
3.44135 1.04416
3.5423 1.07341
3.63693 1.0304
3.70634 0.945142
3.75996 0.898074
3.80413 0.95267
3.81044 1.08665
3.79467 1.18029
3.7852 1.08155
3.78205 0.708923
3.76627 0.119765
3.70634 -0.508365
3.53283 -0.975687
3.20159 -1.17304
2.75363 -1.13446
2.22365 -0.99765
1.6779 -0.905289
1.16053 -0.918663
0.681025 -1.00002
0.239373 -1.06588
-0.192814 -1.06229
-0.628156 -1.00322
-1.04773 -0.948293
-1.42944 -0.94616
-1.79222 -0.993762
-2.12977 -1.04391
-2.44208 -1.05041
-2.73862 -1.00928
-3.02254 -0.960354
-3.28438 -0.9497
-3.51151 -0.987278
-3.71341 -1.03786
-3.90269 -1.05325
-4.07304 -1.0171
-4.24655 -0.96162
-4.37273 -0.939892
-4.4863 -0.976707
-4.58725 -1.04201
-4.66296 -1.07357
-4.73552 -1.03314
-4.80808 -0.948164
-4.83962 -0.898199
-4.85855 -0.948765
-4.84909 -1.08145
-4.82069 -1.1794
-4.7923 -1.08997
-4.77022 -0.727385
-4.74814 -0.143594
-4.65665 0.486892
-4.47999 0.962945
-4.16768 1.17056
-3.72603 1.13864
-3.19289 1.00263
-2.64083 0.906873
-2.09507 0.916488
-1.59348 0.996777
-1.11397 1.06454
-0.662859 1.0637
-0.19597 1.00574
0.248836 0.949553
0.67787 0.945159
1.05958 0.9916
1.42552 1.04264
1.76307 1.05116
2.08485 1.01127
2.39716 0.961698
2.67792 0.949142
2.94607 0.985339
3.16374 1.03636
3.38141 1.05365
3.57069 1.0191
3.75365 0.963373
3.92401 0.939645
4.05335 0.974494
4.15745 1.03981
4.24894 1.07362
4.31518 1.03582
4.42875 0.951236
4.47292 0.898472
4.49185 0.944986
4.49815 1.0762
4.47292 1.17825
4.45083 1.098
4.43822 0.745528
4.40667 0.167356
4.32149 -0.465196
4.14483 -0.949817
3.81675 -1.16774
3.36879 -1.14268
2.83565 -1.00768
2.27412 -0.908615
1.72206 -0.914416
1.22047 -0.993511
0.753583 -1.0631
0.283539 -1.06502
-0.173886 -1.00826
-0.628156 -0.950891
-1.05404 -0.944233
-1.4389 -0.989444
-1.79222 -1.04131
-2.13924 -1.05183
-2.46101 -1.01324
-2.77332 -0.963097
-3.05409 -0.948656
-3.30961 -0.983423
-3.53675 -1.03482
-3.7418 -1.05398
-3.94054 -1.02107
-4.12667 -0.965173
-4.32857 -0.939485
-4.42636 -0.972328
-4.54939 -1.03756
-4.66296 -1.07357
-4.7576 -1.03842
-4.85224 -0.954353
-4.94373 -0.898892
-4.98789 -0.941335
-5.00997 -1.07093
-5.01628 -1.17684
-5.00682 -1.10564
-5.01313 -0.763346
-5.01628 -0.191039
-4.95004 0.443287
-4.78599 0.936305
-4.48315 1.16458
-4.06042 1.14656
-3.5399 1.01278
-2.98784 0.910513
-2.44208 0.91245
-1.93734 0.990228
-1.4673 1.06156
-0.994098 1.06626
-0.533518 1.01079
-0.0729386 0.952306
0.368714 0.943385
0.778819 0.987298
1.15422 1.03991
1.50439 1.05243
1.8514 1.0152
2.18895 0.964549
2.48864 0.948245
2.75994 0.981531
3.006 1.03323
3.23945 1.05423
3.45712 1.02301
3.65902 0.967018
3.85145 0.939412
4.00918 0.970211
4.14483 1.03527
4.24893 1.07341
4.34988 1.04095
4.44768 0.95751
4.52339 0.899457
4.56756 0.937817
4.58333 1.06562
4.58017 1.17518
4.57702 1.11289
4.57702 0.780832
4.57071 0.214633
4.51708 -0.421173
4.3562 -0.922412
4.06281 -1.16106
3.62432 -1.15028
3.11011 -1.01794
2.56435 -0.912567
2.03753 -0.910595
1.5454 -0.986933
1.08167 -1.05992
0.63055 -1.06741
0.182589 -1.01331
-0.255907 -0.953794
-0.675475 -0.942615
-1.05088 -0.985164
-1.41997 -1.03846
-1.75437 -1.05295
-2.08561 -1.01713
-2.39792 -0.966053
-2.67868 -0.947907
-2.95314 -0.979667
-3.18027 -1.03159
-3.40741 -1.0544
-3.62192 -1.02491
-3.8112 -0.968904
-3.98787 -0.939426
-4.13929 -0.968146
-4.27178 -1.03294
-4.39166 -1.07315
-4.49892 -1.0434
-4.62195 -0.960702
-4.71975 -0.900163
-4.79861 -0.934434
-4.83962 -1.0603
-4.85855 -1.17328
-4.88063 -1.11975
-4.89325 -0.797982
-4.91218 -0.238126
-4.88063 0.398866
-4.75445 0.908141
-4.4863 1.15719
-4.07935 1.15384
-3.59353 1.02315
-3.06355 0.914775
-2.53988 0.908855
-2.05091 0.983631
-1.59033 1.05818
-1.14237 1.06846
-0.697559 1.01583
-0.246444 0.955356
0.163661 0.941925
0.557994 0.983046
0.923933 1.03695
1.28041 1.0534
1.61165 1.01905
1.92711 0.967606
2.22049 0.947644
2.48549 0.977834
2.7347 1.02991
2.96184 1.05449
3.17635 1.02677
3.38141 0.97083
3.56438 0.939528
3.72211 0.966135
3.85776 1.03057
3.97133 1.07278
4.07858 1.04578
4.17007 0.963924
4.24894 0.901009
4.30888 0.93119
4.33411 1.05497
4.33727 1.17114
4.34042 1.12623
4.34042 0.814788
4.34673 0.261508
4.32149 -0.376374
4.17323 -0.893495
3.883 -1.15295
3.46974 -1.15721
2.96499 -1.02839
2.43186 -0.917137
1.92396 -0.907233
1.42868 -0.980326
0.990181 -1.05634
0.545375 -1.06942
0.106878 -1.01833
-0.322155 -0.956988
-0.722796 -0.941317
-1.10451 -0.980946
-1.4389 -1.03538
-1.76383 -1.05377
-2.08561 -1.02094
-2.38845 -0.969207
-2.67553 -0.947456
-2.92475 -0.976033
-3.14242 -1.02818
-3.36009 -1.0545
-3.54937 -1.02858
-3.73549 -0.972792
-3.90584 -0.939715
-4.0478 -0.964181
-4.1803 -1.02817
-4.29387 -1.07231
-4.39797 -1.04806
-4.50207 -0.967172
-4.59356 -0.901991
-4.65665 -0.928087
-4.68504 -1.04963
-4.70082 -1.16877
-4.70713 -1.13232
-4.71975 -0.831245
-4.7229 -0.284768
-4.69451 0.353709
-4.56517 0.878479
-4.28756 1.14835
-3.90269 1.1604
-3.42003 1.03367
-2.88373 0.919651
-2.3506 0.905732
-1.85216 0.977023
-1.37897 1.05441
-0.931004 1.07029
-0.470424 1.02082
-0.0193079 0.958688
0.409724 0.94079
