data = [-0.177041 0.975687
-0.173886 1.15384
-0.120258 0.928087
0.0911047 0.951236
0.289847 1.07228
0.482281 0.998197
0.674716 0.943385
0.85453 1.03208
1.01542 1.03323
1.16053 0.951031
1.29934 0.9952
1.4129 1.05365
1.50754 0.972792
1.58956 0.955356
1.66212 1.06229
1.69998 1.01579
1.73783 0.898074
1.76623 1.0603
1.77569 1.14835
1.77569 0.465196
1.79462 -0.651692
1.75361 -1.17699
1.52963 -1.01278
1.11637 -0.904356
0.643169 -1.04095
0.195208 -1.04626
-0.227516 -0.944056
-0.647084 -0.9916
-1.03826 -1.05377
-1.39789 -0.977834
-1.72913 -0.960354
-2.06037 -1.04565
-2.33482 -1.01506
-2.59035 -0.939426
-2.83957 -1.02082
-3.04462 -1.0631
-3.23075 -0.925765
-3.40425 -0.960839
-3.55568 -1.17684
-3.67555 -0.84735
-3.79543 0.214633
-3.89638 1.07274
-3.86168 1.11648
-3.61877 0.906873
-3.25914 0.980326
-2.89004 1.07278
-2.53357 0.976707
-2.16763 0.953654
-1.81431 1.04511
-1.48938 1.01713
-1.18022 0.947343
-0.88053 1.01324
-0.596611 1.04732
-0.337929 0.95667
-0.0855573 0.972328
0.157352 1.07174
0.368713 0.986933
0.554838 0.903862
0.747271 1.10685
0.905004 1.08997
1.06274 0.261508
1.22362 -0.814788
1.31511 -1.1794
1.21731 -0.96946
0.94286 -0.920937
0.621086 -1.05992
0.327703 -1.02575
0.0280111 -0.939485
-0.246444 -1.01092
-0.50197 -1.04776
-0.744879 -0.963097
-0.96255 -0.974267
-1.1676 -1.05295
-1.32218 -0.995928
-1.502 -0.942436
-1.63449 -1.04201
-1.75121 -1.04578
-1.85216 -0.907233
-1.94996 -1.00263
-2.0162 -1.17964
-2.06668 -0.690149
-2.12662 0.421173
-2.17078 1.13804
-2.05091 1.07093
-1.72913 0.898276
-1.32218 1.00959
-0.91523 1.06502
-0.530362 0.958688
-0.14234 0.968904
0.207827 1.05277
0.535911 0.999223
0.851375 0.9497
1.13845 1.02991
1.39398 1.03538
1.62111 0.945159
1.84194 0.993236
2.03122 1.07314
2.18264 0.95751
2.35614 0.922315
2.48549 1.14656
2.58959 1
2.68738 0.0479849
2.80095 -0.949817
2.78518 -1.1604
2.58328 -0.934434
2.03122 -0.945142
1.76938 -1.07099
1.43499 -1.00322
1.0722 -0.941925
0.703107 -1.02858
0.371869 -1.03636
0.0406298 -0.952644
-0.274836 -0.991211
-0.561908 -1.05423
-0.826899 -0.976814
-1.07927 -0.952306
-1.31587 -1.05923
-1.52723 -1.0218
-1.71967 -0.898472
-1.97835 -1.04963
-2.08561 -1.15719
-2.23072 -0.508365
-2.37268 0.612074
-2.4894 1.17304
-2.40738 1.02315
-2.13293 0.901991
-1.78276 1.03582
-1.45468 1.05029
-1.14236 0.946011
-0.817436 0.987298
-0.527208 1.05429
-0.246444 0.981531
0.0122388 0.95784
0.255147 1.04329
0.542219 1.0191
0.671561 0.939715
0.882921 1.01583
1.04065 1.06588
1.18577 0.930937
1.33719 0.95267
1.45707 1.17328
1.5454 0.878479
1.64635 -0.167356
1.74414 -1.05393
1.70313 -1.12571
1.46338 -0.910513
1.09428 -0.973726
0.725189 -1.07341
0.381333 -0.981259
0.0217017 -0.950885
-0.312691 -1.04264
-0.612383 -1.02094
-0.908921 -0.947644
-1.18338 -1.00928
-1.43259 -1.04924
-1.65342 -0.959917
-1.86478 -0.968146
-2.06352 -1.07029
-2.22441 -0.993511
-2.37268 -0.901482
-2.5241 -1.09688
-2.62505 -1.10564
-2.71338 -0.307895
-2.83957 0.780832
-2.88058 1.1809
-2.71969 0.978496
-2.39161 0.916488
-2.01305 1.05634
-1.65342 1.03057
-1.29694 0.939892
-0.946778 1.0067
-0.621848 1.0496
-0.319 0.966053
-0.0256173 0.970852
0.261456 1.05183
0.501209 1.00026
0.740963 0.941159
0.952325 1.03756
1.14476 1.05027
1.3088 0.910595
1.47915 0.99274
1.62111 1.18104
1.73783 0.727385
1.85771 -0.376374
1.96497 -1.12623
1.90188 -1.08145
1.63688 -0.899091
1.27725 -1.00324
0.923933 -1.06741
0.576921 -0.962288
0.226755 -0.965173
-0.0918655 -1.05158
-0.385248 -1.00326
-0.672322 -0.948656
-0.937313 -1.02642
-1.18969 -1.03846
-1.41367 -0.947235
-1.61556 -0.988359
-1.80484 -1.07357
-1.96258 -0.963924
-2.12662 -0.917137
-2.25596 -1.13864
-2.36322 -1.02276
-2.46732 -0.0958796
-2.58404 0.922412
-2.57773 1.16619
-2.37899 0.941335
-2.03198 0.939265
-1.66288 1.06926
-1.29063 1.00826
-0.927849 0.94079
-0.571373 1.02491
-0.246444 1.0393
0.0595579 0.954527
0.35925 0.987278
0.624241 1.05449
0.873458 0.980946
1.1069 0.949553
1.31826 1.05587
1.49808 1.02759
1.67159 0.899457
1.82932 1.03897
1.95235 1.16458
2.06907 0.550606
2.1921 -0.571356
2.27728 -1.16774
2.17633 -1.03367
1.86717 -0.900163
1.48231 -1.0304
1.12268 -1.05408
0.769355 -0.948293
0.416033 -0.983046
0.0784859 -1.0545
-0.211742 -0.985339
-0.511434 -0.955568
-0.795353 -1.04069
-1.03195 -1.02301
-1.2654 -0.940347
-1.49569 -1.01079
-1.69758 -1.06824
-1.86794 -0.936419
-2.04775 -0.944986
-2.20548 -1.16877
-2.30959 -0.908141
-2.44524 0.119765
-2.5588 1.03354
-2.53988 1.13446
-2.33167 0.914775
-2.00359 0.967172
-1.63449 1.07362
-1.29694 0.98596
-0.931004 0.948382
-0.596611 1.03991
-0.293764 1.02463
0.132114 0.948245
0.283538 1.00527
0.516982 1.05088
0.737808 0.963373
0.94917 0.964181
1.1416 1.06846
1.29934 1.00002
1.46022 0.899732
1.60534 1.08665
1.7126 1.11975
1.81985 0.353709
1.93973 -0.745528
1.9839 -1.18129
1.82616 -0.987907
1.48546 -0.91245
1.11637 -1.05238
0.750427 -1.03527
0.403416 -0.940649
0.0500939 -1.00241
-0.268528 -1.05116
-0.56191 -0.969207
-0.867911 -0.967606
-1.1329 -1.05041
-1.35373 -1.00456
-1.58402 -0.940227
-1.79222 -1.03294
-1.97204 -1.05441
-2.13924 -0.914416
-2.29697 -0.983157
-2.42 -1.18124
-2.51464 -0.763346
-2.63767 0.330879
-2.72285 1.11289
-2.65975 1.09179
-2.40423 0.900528
-2.04144 0.996777
-1.66604 1.06942
-1.30956 0.966135
-0.943622 0.96162
-0.612383 1.0501
-0.296917 1.00728
0.141578 0.947907
0.315083 1.0228
0.557994 1.04131
0.810366 0.949599
1.0375 0.983592
1.25833 1.07357
1.43183 0.970441
1.60534 0.912567
1.75676 1.13015
1.87033 1.04393
1.9839 0.143594
2.10062 -0.893495
2.12586 -1.17114
1.95235 -0.948765
1.60218 -0.933642
1.23309 -1.06711
0.876614 -1.01331
0.535911 -0.939989
0.182589 -1.02107
-0.126567 -1.04202
-0.423105 -0.956673
-0.716487 -0.983423
-0.965705 -1.05443
-1.19284 -0.985164
-1.41367 -0.947112
-1.62187 -1.05222
-1.79853 -1.03314
-1.96258 -0.901009
-2.12031 -1.02839
-2.23703 -1.17056
-2.34113 -0.591848
-2.46101 0.529606
-2.54303 1.16106
-2.44839 1.0443
-2.16763 0.898892
-1.80169 1.02472
-1.43259 1.05759
-1.08558 0.950891
-0.744879 0.978868
-0.416795 1.0544
-0.107639 0.989236
0.188899 0.953552
0.457044 1.03786
0.699952 1.02677
0.920777 0.941317
1.12898 1.00574
1.31195 1.07018
1.46969 0.942174
1.63058 0.937817
1.75676 1.1634
1.87348 0.936305
1.9839 -0.0719492
2.09431 -1.01158
2.07538 -1.14268
1.85456 -0.919651
1.48231 -0.960702
1.10059 -1.07341
0.756736 -0.990785
0.397105 -0.94616
0.0595579 -1.03695
-0.252753 -1.02818
-0.552445 -0.949142
-0.842673 -1.00124
-1.07927 -1.05222
-1.31587 -0.967018
-1.5367 -0.960456
-1.73544 -1.06626
-1.90579 -1.00643
-2.06983 -0.898607
-2.22126 -1.0762
-2.32852 -1.13232
-2.43262 -0.398866
-2.56196 0.708923
-2.61874 1.18049
-2.47678 0.99765
-2.1487 0.908855
-1.78276 1.04806
-1.42628 1.03981
-1.06981 0.941754
-0.716487 0.998093
-0.391558 1.05243
-0.0981749 0.972539
0.204672 0.964549
0.472817 1.04871
0.718881 1.00882
0.946016 0.939645
1.16053 1.02817
1.35928 1.05818
1.51385 0.918663
1.68736 0.973929
1.81354 1.18029
1.92711 0.797982
2.04699 -0.284768
2.14794 -1.098
2.10377 -1.1019
1.86086 -0.902593
1.49493 -0.990228
1.12268 -1.07106
0.769355 -0.970211
0.428653 -0.958266
0.097414 -1.04831
-0.208588 -1.01127
-0.498816 -0.947456
-0.776425 -1.01905
-1.02564 -1.04391
-1.23701 -0.952237
-1.45468 -0.978963
-1.65027 -1.07315
-1.81115 -0.977023
-1.9752 -0.908615
-2.12031 -1.12115
-2.24019 -1.06353
-2.34429 -0.191039
-2.45155 0.863096
-2.49256 1.17518
-2.31274 0.956696
-1.97835 0.92831
-1.59979 1.06454
-1.23701 1.01833
-0.883684 0.939528
-0.536672 1.0171
-0.211742 1.0445
0.08795 0.959067
0.381333 0.979667
0.658942 1.05407
0.886078 0.989444
1.12268 0.944992
1.33404 1.04831
1.5107 1.03842
1.6779 0.903108
1.83563 1.01794
1.96497 1.17518
2.07223 0.632024
2.18579 -0.486892
2.28043 -1.15295
2.18579 -1.05497
1.90188 -0.898199
1.52963 -1.01882
1.16684 -1.0608
0.826139 -0.953794
0.463354 -0.974788
0.138425 -1.05398
-0.161267 -0.9932
-0.45465 -0.951803
-0.72595 -1.03482
-0.972014 -1.03036
-1.18969 -0.942615
-1.4042 -1.0007
-1.59348 -1.07169
-1.76383 -0.948164
-1.92157 -0.93119
-2.05406 -1.15721
-2.16447 -0.962945
-2.27804 0.0239981
-2.39161 0.988041
-2.39476 1.15028
