data = [-0.170733 0.893495
-0.180197 1.18029
-0.126567 1.00263
0.0784848 0.900163
0.289847 1.01271
0.479126 1.07029
0.66525 0.981259
0.848221 0.944233
1.03119 1.02301
1.17315 1.04776
1.30565 0.972539
1.42552 0.956673
1.52963 1.03323
1.59903 1.04131
1.66843 0.958266
1.72522 0.958688
1.76623 1.05587
1.77884 1.0434
1.79146 0.916488
1.80408 0.95267
1.80093 1.15721
1.77253 1.03354
1.75676 0.261508
1.75045 -0.708923
1.66843 -1.17056
1.38767 -1.0603
0.936552 -0.900528
0.434962 -0.977023
-0.028772 -1.07314
-0.460961 -1.00826
-0.896303 -0.939412
-1.29694 -1.00026
-1.66919 -1.05429
-2.00359 -0.9932
-2.32852 -0.948245
-2.61243 -1.01324
-2.86796 -1.05222
-3.10141 -0.978868
-3.3317 -0.944056
-3.52729 -1.03294
-3.69764 -1.06454
-3.83644 -0.945142
-3.98156 -0.917137
-4.09197 -1.11171
-4.17084 -1.12623
-4.24024 -0.508365
-4.32226 0.486892
-4.3475 1.11975
-4.19607 1.11648
-3.86483 0.919651
-3.43895 0.942174
-3.02254 1.0631
-2.61874 1.03527
-2.21495 0.944992
-1.82693 0.976814
-1.46414 1.05158
-1.10136 1.0152
-0.760653 0.948656
-0.432569 0.991211
-0.126567 1.05407
0.163661 1.00241
0.44758 0.939426
0.715725 1.00574
0.94286 1.07341
1.15107 0.980326
1.36558 0.899732
1.55171 1.05497
1.71891 1.17304
1.88295 0.727385
2.05014 -0.238126
2.18895 -1.02276
2.18264 -1.1604
1.97759 -0.956696
1.65897 -0.914416
1.31511 -1.04095
1.01857 -1.05759
0.715725 -0.960456
0.428652 -0.95667
0.160506 -1.03991
-0.0855562 -1.03482
-0.315845 -0.95784
-0.536671 -0.970852
-0.73226 -1.04674
-0.896303 -1.02491
-1.06034 -0.945159
-1.20861 -0.978963
-1.3348 -1.06942
-1.44837 -1.01579
-1.54616 -0.901009
-1.64396 -0.99765
-1.70705 -1.1794
-1.75121 -0.908141
-1.81431 -0.0239981
-1.87109 0.878479
-1.83324 1.1809
-1.58086 1.00768
-1.20861 0.899457
-0.81428 1.00959
-0.416794 1.07106
-0.0571641 0.983592
0.31824 0.943385
0.662097 1.02107
0.971252 1.04871
1.24255 0.974267
1.50754 0.955568
1.75361 1.03159
1.93658 1.04264
2.12586 0.959917
2.29936 0.956988
2.43501 1.05408
2.54542 1.04578
2.63691 0.918663
2.73155 0.948765
2.7978 1.15384
2.83881 1.04393
2.88928 0.284768
2.93029 -0.690149
2.89874 -1.16774
2.51703 -1.06562
2.25204 -0.901482
1.78515 -0.973726
1.34981 -1.07277
0.923933 -1.01079
0.498055 -0.939485
0.110032 -0.998093
-0.265372 -1.05443
-0.612384 -0.9952
-0.949931 -0.947907
-1.25909 -1.01127
-1.54301 -1.05277
-1.80169 -0.980946
-2.06352 -0.943204
-2.2812 -1.03057
-2.53041 -1.06588
-2.64398 -0.948164
-2.79225 -0.914775
-2.93421 -1.10685
-3.04147 -1.13232
-3.14242 -0.529606
-3.25598 0.465196
-3.31592 1.11289
-3.20867 1.12115
-2.91213 0.922315
-2.5241 0.939265
-2.13293 1.06156
-1.76068 1.03756
-1.39789 0.946011
-1.03195 0.974788
-0.700713 1.05088
-0.391558 1.01713
-0.0918655 0.949142
0.195208 0.989236
0.45389 1.05377
0.693643 1.00456
0.90816 0.939528
1.11321 1.00322
1.27725 1.07357
1.43499 0.983631
1.57064 0.899091
1.69998 1.04963
1.80408 1.17518
1.89556 0.745528
1.9902 -0.214633
2.05961 -1.01158
1.9902 -1.1634
1.72837 -0.960839
1.33719 -0.91245
0.920777 -1.03842
0.539064 -1.05923
0.166816 -0.962288
-0.192815 -0.955132
-0.527208 -1.03846
-0.833209 -1.03636
-1.12659 -0.959067
-1.41051 -0.969207
-1.65657 -1.04565
-1.8774 -1.02677
-2.0793 -0.94616
-2.2875 -0.976707
-2.44839 -1.06846
-2.59982 -1.01882
-2.72916 -0.901991
-2.85534 -0.99274
-2.94998 -1.17825
-3.00992 -0.922412
-3.08248 -0.0479849
-3.16134 0.863096
-3.13295 1.18124
-2.90582 1.01278
-2.53988 0.898892
-2.12031 1.00643
-1.71336 1.07174
-1.34426 0.98596
-0.96255 0.942615
-0.606075 1.0191
-0.268526 1.0496
0.0280111 0.976033
0.334013 0.954527
0.614777 1.02991
0.857685 1.04391
1.0722 0.96162
1.29618 0.955356
1.50123 1.05222
1.65266 1.04806
1.80408 0.920937
1.94919 0.944986
2.07223 1.15028
2.15109 1.05393
2.24258 0.307895
2.34668 -0.671069
2.36245 -1.16458
2.20472 -1.07093
1.87033 -0.902593
1.46338 -0.970441
1.06589 -1.07228
0.712571 -1.01331
0.362405 -0.939645
0.0122377 -0.995928
-0.303228 -1.0545
-0.60292 -0.997209
-0.886839 -0.947644
-1.14552 -1.00928
-1.37897 -1.05325
-1.58402 -0.983046
-1.79853 -0.942436
-1.96888 -1.02817
-2.12031 -1.06711
-2.25596 -0.951236
-2.38214 -0.912567
-2.50202 -1.1019
-2.57458 -1.13804
-2.65029 -0.550606
-2.73862 0.443287
-2.78279 1.10564
-2.65345 1.12571
-2.36006 0.925128
-1.95627 0.936419
-1.56193 1.05992
-1.17707 1.03981
-0.833208 0.947112
-0.473578 0.972792
-0.123412 1.0501
0.182589 1.01905
0.469663 0.9497
0.737808 0.987278
0.980716 1.0534
1.18892 1.0067
1.39082 0.939715
1.57379 1.0007
1.72522 1.07362
1.85456 0.986933
1.97759 0.898607
2.09746 1.0443
2.18579 1.17699
2.24573 0.763346
2.33722 -0.191039
2.38769 -1
2.29936 -1.16619
2.01544 -0.965095
1.61165 -0.910595
1.19839 -1.03582
0.804056 -1.0608
0.428653 -0.964181
0.0595591 -0.953654
-0.300073 -1.03695
-0.615539 -1.03786
-0.92785 -0.960354
-1.21808 -0.967606
-1.47991 -1.0445
-1.70705 -1.02858
-1.92157 -0.947235
-2.13608 -0.974494
-2.30328 -1.06741
-2.44839 -1.0218
-2.59035 -0.903108
-2.71338 -0.987907
-2.81118 -1.17684
-2.89004 -0.936305
-2.96891 -0.0719492
-3.04778 0.84735
-3.02254 1.18129
-2.82064 1.01794
-2.46101 0.898472
-2.05091 1.00324
-1.65342 1.07231
-1.27171 0.988359
-0.902612 0.941925
-0.530362 1.0171
-0.208589 1.05041
0.113186 0.977834
0.416033 0.953552
0.690489 1.02818
0.94917 1.04511
1.17631 0.963373
1.39398 0.953794
1.59587 1.05029
1.75045 1.05027
1.91134 0.923306
2.05014 0.941335
2.17633 1.14656
2.27097 1.06353
2.34353 0.330879
2.44132 -0.651692
2.44448 -1.16106
2.26781 -1.0762
1.65897 -0.903862
1.4066 -0.967172
1.1069 -1.07169
0.728345 -1.01583
0.375022 -0.939892
0.0185471 -0.993762
-0.296919 -1.05449
-0.599765 -0.999223
-0.886839 -0.947456
-1.16445 -1.00728
-1.39789 -1.05365
-1.61872 -0.985164
-1.83008 -0.941754
-2.00674 -1.02575
-2.16447 -1.06824
-2.29697 -0.954353
-2.42946 -0.910513
-2.54619 -1.09688
-2.61874 -1.14338
-2.69761 -0.571356
-2.79856 0.421173
-2.83011 1.098
-2.71023 1.13015
-2.40423 0.928087
-2.01305 0.933642
-1.60925 1.05818
-1.24016 1.04201
-0.864756 0.948293
-0.511434 0.97083
-0.173886 1.04924
0.138424 1.02094
0.431807 0.95033
0.709417 0.985339
0.964944 1.05295
1.18892 1.00882
1.39398 0.939989
1.58957 0.998197
1.7473 1.07357
1.87033 0.990228
2.00282 0.898276
2.12586 1.03897
2.21103 1.17848
2.27728 0.780832
2.3593 -0.167356
2.41293 -0.988041
2.33406 -1.16877
2.06276 -0.96946
1.65897 -0.908855
1.23624 -1.03314
0.851377 -1.06229
0.485436 -0.966135
0.110033 -0.952237
-0.240134 -1.03538
-0.558755 -1.0393
-0.861602 -0.961698
-1.15183 -0.966053
-1.41367 -1.04329
-1.62818 -1.03036
-1.8427 -0.948382
-2.05091 -0.972328
-2.2181 -1.06626
-2.36953 -1.02472
-2.51149 -0.904356
-2.64714 -0.983157
-2.73547 -1.17518
-2.80171 -0.949817
-2.87427 -0.0958796
-2.94998 0.831245
-2.92159 1.18104
-2.71023 1.02315
-2.33482 0.898199
-1.93103 1.00002
-1.53985 1.07278
-1.17707 0.990785
-0.798508 0.941317
-0.451496 1.01506
-0.123411 1.05116
0.18259 0.979667
0.469663 0.952644
0.737807 1.02642
0.980716 1.04625
1.19523 0.965173
1.40975 0.952306
1.60218 1.04831
1.73783 1.05238
1.87979 0.925765
2.00913 0.937817
2.11639 1.14268
2.1921 1.07274
2.26466 0.353709
2.35614 -0.632024
2.36876 -1.15719
2.18579 -1.08145
1.84194 -0.905289
1.41606 -0.963924
1.01857 -1.07099
0.64317 -1.01833
0.27723 -0.940227
-0.0792468 -0.9916
-0.407331 -1.0544
-0.713333 -1.00124
-0.994097 -0.947343
-1.26855 -1.00527
-1.51146 -1.05398
-1.72913 -0.987298
-1.94996 -0.941159
-2.13608 -1.02329
-2.28435 -1.06926
-2.42315 -0.95751
-2.5525 -0.908615
-2.66922 -1.09179
-2.74178 -1.14835
-2.80802 -0.591848
-2.88058 0.398866
-2.91844 1.08997
-2.78594 1.13446
-2.4894 0.93119
-2.09192 0.930937
-1.66919 1.05634
-1.29063 1.04416
-0.902611 0.949553
-0.536671 0.968904
-0.189659 1.04831
0.132116 1.0228
0.438117 0.951031
0.725191 0.983423
0.980717 1.05243
1.21416 1.01092
1.43183 0.940347
1.64004 0.995708
1.81985 1.07341
1.9492 0.993511
2.09431 0.898099
2.22049 1.03367
2.3246 1.17964
2.40031 0.797982
2.48864 -0.143594
2.55173 -0.975687
2.48233 -1.17114
2.23627 -0.973929
1.84825 -0.907233
1.43183 -1.0304
1.04696 -1.0637
0.687334 -0.968146
0.330859 -0.950885
-0.0193079 -1.03376
-0.337928 -1.04069
-0.63762 -0.963097
