data = [-0.177042 0.962945
-0.173887 1.1604
-0.117104 0.937817
0.0942582 0.939265
0.293002 1.06824
0.482281 1.01331
0.671561 0.939715
0.860841 1.0171
1.03119 1.04565
1.16684 0.961698
1.30565 0.974267
1.42868 1.05243
1.51385 1.00026
1.59587 0.940649
1.66843 1.03294
1.71891 1.05634
1.75045 0.918663
1.77569 0.96946
1.79146 1.17825
1.79146 0.84735
1.79462 -0.191039
1.78831 -1.05393
1.65581 -1.13015
1.32142 -0.914775
0.848222 -0.963924
0.387642 -1.07341
-0.0477 -0.993236
-0.476733 -0.944233
-0.883683 -1.03208
-1.24016 -1.03482
-1.59664 -0.952644
-1.92157 -0.989236
-2.23072 -1.05449
-2.4894 -0.983046
-2.74493 -0.947112
-2.96576 -1.05029
-3.15188 -1.03842
-3.31908 -0.904356
-3.48943 -1.00768
-3.61246 -1.17964
-3.71657 -0.708923
-3.84906 0.376374
-3.92162 1.11975
-3.86168 1.09179
-3.57461 0.901482
-3.20867 0.990228
-2.8238 1.07174
-2.47048 0.974494
-2.10138 0.953654
-1.75121 1.04391
-1.43259 1.02094
-1.10135 0.947907
-0.792198 1.00527
-0.511434 1.05158
-0.246444 0.967018
0.00277366 0.958688
0.242527 1.0637
0.453889 1.01579
0.662096 0.898199
0.85453 1.04963
1.02804 1.16106
1.18261 0.550606
1.34981 -0.550606
1.46022 -1.16106
1.40975 -1.04963
1.16369 -0.898199
0.845066 -1.01579
0.5296 -1.0637
0.248837 -0.958688
-0.0413907 -0.967018
-0.306381 -1.05158
-0.542982 -1.00527
-0.770117 -0.947907
-0.978324 -1.02094
-1.16129 -1.04391
-1.31587 -0.953654
-1.46414 -0.974494
-1.59664 -1.07174
-1.70389 -0.990228
-1.80169 -0.901482
-1.89317 -1.09179
-1.94996 -1.11975
-2.00674 -0.376374
-2.06352 0.708923
-2.07614 1.17964
-1.89948 1.00768
-1.5367 0.904356
-1.12659 1.03842
-0.722797 1.05029
-0.350547 0.947112
0.0311658 0.983046
0.375023 1.05449
0.696799 0.989236
1.00911 0.952644
1.29303 1.03482
1.54855 1.03208
1.75676 0.944233
1.95866 0.993236
2.1574 1.07341
2.31829 0.963924
2.47287 0.914775
2.59905 1.13015
2.68423 1.05393
2.7631 0.191039
2.83881 -0.84735
2.87035 -1.17825
2.67477 -0.96946
2.29936 -0.918663
1.64004 -1.05634
1.38136 -1.03294
1.12583 -0.940649
0.753581 -1.00026
0.40026 -1.05243
0.0784848 -0.974267
-0.252752 -0.961698
-0.571372 -1.04565
-0.839518 -1.0171
-1.10451 -0.939715
-1.36004 -1.01331
-1.57771 -1.06824
-1.78591 -0.939265
-1.97835 -0.937817
-2.15185 -1.1604
-2.36322 -0.962945
-2.46101 -2.41578e-13
-2.59666 0.962945
-2.64714 1.1604
-2.46732 0.937817
-2.15501 0.939265
-1.82062 1.06824
-1.49569 1.01331
-1.17391 0.939715
-0.839518 1.0171
-0.54298 1.04565
-0.268525 0.961698
0.0059295 0.974267
0.251992 1.05243
0.460199 1.00026
0.67787 0.940649
0.870303 1.03294
1.04066 1.05634
1.26148 0.918663
1.36243 0.96946
1.46022 1.17825
1.57379 0.84735
1.6842 -0.191039
1.77569 -1.05393
1.74414 -1.13015
1.49808 -0.914775
1.11952 -0.963924
0.744117 -1.07341
0.381333 -0.993236
0.0311658 -0.944233
-0.309536 -1.03208
-0.612383 -1.03482
-0.905766 -0.952644
-1.19284 -0.989236
-1.45152 -1.05449
-1.66604 -0.983046
-1.88687 -0.947112
-2.07299 -1.05029
-2.2528 -1.03842
-2.41369 -0.904356
-2.55881 -1.00768
-2.67553 -1.17964
-2.76701 -0.708923
-2.88689 0.376374
-2.95629 1.11975
-2.86481 1.09179
-2.59982 0.901482
-2.23072 0.990228
-1.85532 1.07174
-1.48938 0.974494
-1.12659 0.953654
-0.776425 1.04391
-0.464114 1.02094
-0.154959 0.947907
0.135269 1.00527
0.397105 1.05158
0.633705 0.967018
0.863994 0.958688
1.06905 1.0637
1.25202 1.01579
1.41921 0.898199
1.57695 1.04963
1.7126 1.16106
1.81354 0.550606
1.93027 -0.550606
2.0186 -1.16106
1.91449 -1.04963
1.61165 -0.898199
1.2394 -1.01579
0.882922 -1.0637
0.539064 -0.958688
0.182589 -0.967018
-0.145495 -1.05158
-0.435723 -1.00527
-0.741724 -0.947907
-1.01933 -1.02094
-1.25278 -1.04391
-1.47991 -0.953654
-1.69443 -0.974494
-1.89002 -1.07174
-2.04775 -0.990228
-2.19918 -0.901482
-2.34113 -1.09179
-2.43893 -1.11975
-2.53672 -0.376374
-2.64083 0.708923
-2.68499 1.17964
-2.5241 1.00768
-2.20548 0.904356
-1.82377 1.03842
-1.46099 1.05029
-1.09189 0.947112
-0.732261 0.983046
-0.401022 1.05449
-0.0792468 0.989236
0.2236 0.952644
0.510673 1.03482
0.7662 1.03208
1.0028 0.944233
1.21732 0.993236
1.40975 1.07341
1.5801 0.963924
1.74099 0.914775
1.8861 1.13015
1.99021 1.05393
2.10062 0.191039
2.21103 -0.84735
2.23311 -1.17825
2.04383 -0.96946
1.69051 -0.918663
1.3088 -1.05634
0.933396 -1.03294
0.567456 -0.940649
0.226755 -1.00026
-0.107639 -1.05243
-0.41364 -0.974267
-0.707023 -0.961698
-0.978323 -1.04565
-1.22754 -1.0171
-1.47045 -0.939715
-1.68812 -1.01331
-1.88371 -1.06824
-2.05406 -0.939265
-2.2181 -0.937817
-2.37899 -1.1604
-2.48309 -0.962945
-2.59666 -1.12636e-12
-2.72285 0.962945
-2.73547 1.1604
-2.52726 0.937817
-2.17394 0.939265
-1.79853 1.06824
-1.44521 1.01331
-0.96255 0.939715
-0.744878 1.0171
-0.429414 1.04565
-0.136031 0.961698
0.147889 0.974267
0.41288 1.05243
0.64317 1.00026
0.86715 0.940649
1.0722 1.03294
1.24886 1.05634
1.40975 0.918663
1.55171 0.96946
1.69051 1.17825
1.80724 0.84735
1.91134 -0.191039
2.00913 -1.05393
1.98705 -1.13015
1.75361 -0.914775
1.38451 -0.963924
0.99649 -1.07341
0.658942 -0.993236
0.308775 -0.944233
-0.0477 -1.03208
-0.356856 -1.03482
-0.662859 -0.952644
-0.949933 -0.989236
-1.21177 -1.05449
-1.43575 -0.983046
-1.65657 -0.947112
-1.93103 -1.05029
-2.03513 -1.03842
-2.18025 -0.904356
-2.32536 -1.00768
-2.43893 -1.17964
-2.53988 -0.708923
-2.65975 0.376374
-2.72285 1.11975
-2.65345 1.09179
-2.13608 0.901482
-1.92472 0.990228
-1.63134 1.07174
-1.25593 0.974494
-0.899456 0.953654
-0.542981 1.04391
-0.23698 1.02094
0.0721766 0.947907
0.368714 1.00527
0.62424 1.05158
0.848221 0.967018
1.07851 0.958688
1.27725 1.0637
1.45076 1.01579
1.61165 0.898199
1.76623 1.04963
1.87979 1.16106
1.98705 0.550606
2.10377 -0.550606
2.17318 -1.16106
2.07538 -1.04963
1.77884 -0.898199
1.39713 -1.01579
1.02488 -1.0637
0.665252 -0.958688
0.305621 -0.967018
-0.0224638 -1.05158
-0.328465 -1.00527
-0.625003 -0.947907
-0.902612 -1.02094
-1.14867 -1.04391
-1.37266 -0.953654
-1.59348 -0.974494
-1.79222 -1.07174
-1.96573 -0.990228
-2.13608 -0.901482
-2.28435 -1.09179
-2.39161 -1.11975
-2.49571 -0.376374
-2.61559 0.708923
-2.66606 1.17964
-2.52726 1.00768
-2.21179 0.904356
-1.84901 1.03842
-1.47991 1.05029
-1.12975 0.947112
-0.77958 0.983046
-0.457805 1.05449
-0.154959 0.989236
0.144733 0.952644
0.403414 1.03482
0.646324 1.03208
0.870303 0.944233
1.09428 0.993236
1.28356 1.07341
1.44445 0.963924
1.60218 0.914775
1.74414 1.13015
1.85456 1.05393
1.95235 0.191039
2.06276 -0.84735
2.09116 -1.17825
1.91765 -0.96946
1.57064 -0.918663
1.2047 -1.05634
0.835602 -1.03294
0.485436 -0.940649
0.135269 -1.00026
-0.192815 -1.05243
-0.476734 -0.974267
-0.773272 -0.961698
-1.03195 -1.04565
-1.26224 -1.0171
-1.47991 -0.939715
-1.68812 -1.01331
-1.87109 -1.06824
-2.02882 -0.939265
-2.19287 -0.937817
-2.32221 -1.1604
-2.41369 -0.962945
-2.52726 5.13813e-13
-2.63452 0.962945
-2.62821 1.1604
-2.42 0.937817
-2.05722 0.939265
-1.68181 1.06824
-1.31587 1.01331
-0.968859 0.939715
-0.612383 1.0171
-0.296919 1.04565
0.0122377 0.961698
0.318239 0.974267
0.576921 1.05243
0.81983 1.00026
1.05012 0.940649
1.26463 1.03294
1.44445 1.05634
1.61165 0.918663
1.76307 0.96946
1.89556 1.17825
2.01229 0.84735
2.11955 -0.191039
2.2268 -1.05393
2.17317 -1.13015
1.95235 -0.914775
1.58641 -0.963924
1.20785 -1.07341
0.857686 -0.993236
0.504364 -0.944233
0.166817 -1.03208
-0.139185 -1.03482
-0.432567 -0.952644
-0.719641 -0.989236
-0.972014 -1.05449
-1.19915 -0.983046
-1.41367 -0.947112
-1.61556 -1.05029
-1.78276 -1.03842
-1.94365 -0.904356
-2.08876 -1.00768
-2.21495 -1.17964
-2.30959 -0.708923
-2.42316 0.376374
-2.50202 1.11975
-2.41685 1.09179
-2.14555 0.901482
-1.77014 0.990228
-1.39789 1.07174
-1.05719 0.974494
-0.688096 0.953654
-0.350547 1.04391
-0.0445454 1.02094
0.258301 0.947907
0.545375 1.00527
0.807211 1.05158
1.04381 0.967018
1.2741 0.958688
1.47284 1.0637
1.64319 1.01579
1.80408 0.898199
1.93973 1.04963
2.06907 1.16106
2.16371 0.550606
2.28043 -0.550606
2.35299 -1.16106
2.23627 -1.04963
1.93973 -0.898199
1.56433 -1.01579
1.19523 -1.0637
0.845067 -0.958688
0.491747 -0.967018
0.157353 -1.05158
-0.148649 -1.00527
-0.438878 -0.947907
-0.707023 -1.02094
-0.96255 -1.04391
-1.18969 -0.953654
