data = [-0.136031 0.908141
-0.136031 1.17825
-0.0887109 0.987907
0.113186 0.904356
0.327703 1.02759
0.532755 1.0637
0.699952 0.966135
0.876613 0.953654
1.05643 1.03846
1.18577 1.03482
1.32457 0.956673
1.45076 0.974267
1.54855 1.0496
1.62427 1.0171
1.69051 0.941317
1.75361 0.993236
1.78831 1.07341
1.81039 0.990228
1.82616 0.898607
1.83878 1.04963
1.82616 1.17304
1.80093 0.708923
1.79777 -0.284768
1.77254 -1.05393
1.58641 -1.14656
1.21732 -0.937817
0.728345 -0.92831
0.264611 -1.05634
-0.180197 -1.04201
-0.615539 -0.947112
-1.03195 -0.974788
-1.41051 -1.05158
-1.76383 -1.01324
-2.09192 -0.947907
-2.40107 -0.997209
-2.68184 -1.05449
-2.91528 -0.9916
-3.14873 -0.940649
-3.36009 -1.02329
-3.52729 -1.06824
-3.67871 -0.951236
-3.81436 -0.914775
-3.94055 -1.11171
-4.02888 -1.11975
-4.10143 -0.465196
-4.18661 0.550606
-4.21185 1.14338
-4.05727 1.09179
-3.72918 0.906873
-3.31277 0.963924
-2.90897 1.07169
-2.51464 1.01331
-2.12346 0.939485
-1.7386 1.00026
-1.36635 1.05407
-1.03511 0.989236
-0.700714 0.9497
-0.391558 1.02094
-0.0950202 1.04831
0.182589 0.967018
0.457044 0.952306
0.696797 1.05029
0.923933 1.04806
1.12268 0.918663
1.33088 0.95267
1.51385 1.1604
1.66843 1.01158
1.81985 0.191039
1.98705 -0.780832
2.06592 -1.17964
1.95235 -1.02839
1.66212 -0.898199
1.32773 -1.00324
1.01857 -1.07174
0.731499 -0.983592
0.431807 -0.944233
0.147889 -1.02491
-0.0887109 -1.04565
-0.331619 -0.967606
-0.549289 -0.961698
-0.748033 -1.04069
-0.92785 -1.03208
-1.08243 -0.948382
-1.237 -0.974494
-1.36635 -1.06846
-1.46729 -1.01579
-1.57455 -0.900163
-1.65657 -1.00768
-1.71336 -1.18124
-1.77014 -0.84735
-1.83008 0.0958796
-1.88055 0.962945
-1.81431 1.17114
-1.54932 0.96946
-1.15183 0.910595
-0.741725 1.03842
-0.363166 1.05759
-0.000379858 0.958688
0.378179 0.959917
0.71888 1.04391
1.02173 1.02818
1.31511 0.952644
1.57695 0.981531
1.80093 1.05243
2.00282 1.00882
2.21734 0.939715
2.40031 1.00322
2.53911 1.07341
2.65268 0.977023
2.75048 0.901482
2.83565 1.07093
2.92083 1.16106
2.94922 0.632024
2.98392 -0.376374
3.01862 -1.08997
2.8672 -1.13015
2.53281 -0.925128
2.11324 -0.939265
1.28356 -1.0631
1.05643 -1.03294
0.835602 -0.943204
0.4602 -0.983046
0.0690219 -1.05365
-0.284299 -1.00527
-0.631311 -0.947305
-0.959395 -1.00527
-1.25593 -1.05365
-1.52723 -0.983046
-1.78907 -0.943204
-2.12977 -1.03294
-2.2528 -1.0631
-2.41369 -0.939265
-2.57458 -0.925128
-2.726 -1.13015
-2.84903 -1.08997
-2.95945 -0.376374
-3.08879 0.632024
-3.1298 1.16106
-2.99415 1.07093
-2.69446 0.901482
-2.32221 0.977023
-1.94365 1.07341
-1.59033 1.00322
-1.237 0.939715
-0.893147 1.00882
-0.470425 1.05243
-0.271681 0.981531
0.0185471 0.952644
0.283538 1.02818
0.526446 1.04391
0.747272 0.959917
0.968097 0.958688
1.15422 1.05759
1.3088 1.03842
1.45707 0.910595
1.59903 0.96946
1.71575 1.17114
1.80408 0.962945
1.89872 0.0958796
1.99021 -0.84735
1.97128 -1.18124
1.76307 -1.00768
1.39398 -0.900163
0.983871 -1.01579
0.599003 -1.06846
0.239372 -0.974494
-0.126567 -0.948382
-0.476734 -1.03208
-0.782734 -1.04069
-1.08874 -0.961698
-1.37897 -0.967606
-1.62503 -1.04565
-1.8427 -1.02491
-2.05722 -0.944233
-2.25596 -0.983592
-2.42947 -1.07174
-2.56512 -1.00324
-2.70707 -0.898199
-2.83957 -1.02839
-2.9279 -1.17964
-3.00677 -0.780832
-3.09194 0.191039
-3.15188 1.01158
-3.08563 1.1604
-2.82695 0.95267
-2.43893 0.918663
-2.03513 1.04806
-1.64395 1.05029
-1.28117 0.952306
-0.905766 0.967018
-0.561909 1.04831
-0.243289 1.02094
0.0532485 0.9497
0.346631 0.989236
0.605313 1.05407
0.845067 1.00026
1.07536 0.939485
1.27725 1.01331
1.44761 1.07169
1.59903 0.963924
1.75361 0.906873
1.89241 1.09179
1.99336 1.14338
2.07538 0.550606
2.18895 -0.465196
2.23311 -1.11975
2.14478 -1.11171
1.84509 -0.914775
1.45391 -0.951236
1.05958 -1.06824
0.699952 -1.02329
0.334013 -0.940649
-0.0129997 -0.9916
-0.337928 -1.05449
-0.631311 -0.997209
-0.908921 -0.947907
-1.18022 -1.01324
-1.40105 -1.05158
-1.61556 -0.974788
-1.81746 -0.947112
-2.00674 -1.04201
-2.15501 -1.05634
-2.29381 -0.92831
-2.42316 -0.937817
-2.53357 -1.14656
-2.60297 -1.05393
-2.68815 -0.284768
-2.76701 0.708923
-2.76701 1.17304
-2.59666 1.04963
-2.24965 0.898607
-1.85216 0.990228
-1.46098 1.07341
-1.09505 0.993236
-0.738569 0.941317
-0.388403 1.0171
-0.0824015 1.0496
0.2236 0.974267
0.510674 0.956673
0.763046 1.03482
0.999643 1.03846
1.21731 0.953654
1.40975 0.966135
1.59587 1.0637
1.73468 1.02759
1.86402 0.904356
1.9839 0.987907
2.07223 1.17825
2.13848 0.908141
2.2205 1.02054e-12
2.2899 -0.908141
2.25835 -1.17825
1.87348 -0.987907
1.64319 -0.904356
1.27725 -1.02759
0.873459 -1.0637
0.501209 -0.966135
0.116342 -0.953654
-0.243288 -1.03846
-0.561908 -1.03482
-0.867911 -0.956673
-1.16129 -0.974267
-1.43259 -1.0496
-1.66604 -1.0171
-1.90264 -0.941317
-2.09823 -0.993236
-2.27173 -1.07341
-2.42316 -0.990228
-2.57142 -0.898607
-2.70077 -1.04963
-2.81118 -1.17304
-2.88058 -0.708923
-2.97207 0.284768
-3.03831 1.05393
-2.94998 1.14656
-2.67553 0.937817
-2.2812 0.92831
-1.89317 1.05634
-1.51462 1.04201
-1.13606 0.947112
-0.766962 0.974788
-0.41995 1.05158
-0.104484 1.01324
0.198363 0.947907
0.491744 0.997209
0.747273 1.05449
0.971253 0.9916
1.19839 0.940649
1.40975 1.02329
1.5801 1.06824
1.73468 0.951236
1.95866 0.914775
2.02806 1.11171
2.10693 1.11975
2.21419 0.465196
2.31513 -0.550606
2.36246 -1.14338
2.2205 -1.09179
1.91449 -0.906873
1.50123 -0.963924
0.923933 -1.07169
0.709417 -1.01331
0.381332 -0.939485
0.0374751 -1.00026
-0.2843 -1.05407
-0.571373 -0.989236
-0.852137 -0.9497
-1.12028 -1.02094
-1.36004 -1.04831
-1.58086 -0.967018
-1.77961 -0.952306
-1.97519 -1.05029
-2.12031 -1.04806
-2.25911 -0.918663
-2.38845 -0.95267
-2.49256 -1.1604
-2.57773 -1.01158
-2.66922 -0.191039
-2.75439 0.780832
-2.74808 1.17964
-2.56196 1.02839
-2.22126 0.898199
-1.81115 1.00324
-1.42944 1.07174
-1.06665 0.983592
-0.69125 0.944233
-0.341083 1.02491
-0.0256173 1.04565
0.283539 0.967606
0.570611 0.961698
0.835603 1.04069
1.0722 1.03208
1.29934 0.948382
1.50439 0.974494
1.6779 1.06846
1.82616 1.01579
1.96497 0.900163
2.08485 1.00768
2.18264 1.18124
2.25835 0.84735
2.35615 -0.0958796
2.42555 -0.962945
2.36876 -1.17114
2.11955 -0.96946
1.72837 -0.910595
1.31511 -1.03842
0.942861 -1.05759
0.557994 -0.958688
0.185744 -0.959917
-0.158114 -1.04391
-0.470425 -1.02818
-0.776426 -0.952644
-1.06665 -0.981531
-1.31587 -1.05243
-1.54301 -1.00882
-1.76383 -0.939715
-1.96573 -1.00322
-2.13924 -1.07341
-2.29066 -0.977023
-2.43262 -0.901482
-2.56511 -1.07093
-2.65345 -1.16106
-2.726 -0.632024
-2.8238 0.376374
-2.88689 1.08997
-2.77332 1.13015
-2.4894 0.925128
-2.09507 0.939265
-1.69443 1.0631
-1.32218 1.03294
-0.943622 0.943204
-0.583991 0.983046
-0.255907 1.05365
0.0532485 1.00527
0.356095 0.947305
0.627395 1.00527
0.879769 1.05365
1.1069 0.983046
1.3088 0.943204
1.52016 1.03294
1.67474 1.0631
1.82301 0.939265
1.97128 0.925128
2.08169 1.13015
2.16371 1.08997
2.26466 0.376374
2.34984 -0.632024
2.36876 -1.16106
2.21103 -1.07093
1.85771 -0.901482
1.45391 -0.977023
1.05012 -1.07341
0.681025 -1.00322
0.308775 -0.939715
-0.0508547 -1.00882
-0.369475 -1.05243
-0.675477 -0.981531
-0.965705 -0.952644
-1.24331 -1.02818
-1.4736 -1.04391
-1.68181 -0.959917
-1.89002 -0.958688
-2.08245 -1.05759
-2.22441 -1.03842
-2.36953 -0.910595
-2.50202 -0.96946
-2.60297 -1.17114
-2.68499 -0.962945
-2.77332 -0.0958796
-2.84903 0.84735
-2.8238 1.18124
-2.60613 1.00768
-2.2528 0.900163
-1.84585 1.01579
-1.45783 1.06846
-1.08874 0.974494
-0.713332 0.948382
-0.369475 1.03208
-0.0445454 1.04069
0.251992 0.961698
0.557993 0.967606
0.832447 1.04565
1.06274 1.02491
1.28987 0.944233
1.49808 0.983592
1.67159 1.07174
1.83878 1.00324
1.98705 0.898199
2.12586 1.02839
2.22365 1.17964
2.29936 0.780832
2.39716 -0.191039
2.47287 -1.01158
2.40346 -1.1604
2.14794 -0.95267
1.75676 -0.918663
1.35297 -1.04806
0.977563 -1.05029
0.605313 -0.952306
0.242528 -0.967018
-0.0887109 -1.04831
-0.397866 -1.02094
-0.691249 -0.9497
-0.978322 -0.989236
-1.21492 -1.05407
-1.44837 -1.00026
-1.65342 -0.939485
-1.85847 -1.01331
-2.01936 -1.07169
-2.16763 -0.963924
-2.30328 -0.906873
-2.42 -1.09179
