data = [-0.154959 0.949817
-0.158114 1.16619
-0.0824027 0.948765
0.116341 0.92831
0.318239 1.06156
0.507518 1.02817
0.699953 0.940227
0.879769 1.00026
1.0375 1.05295
1.17946 0.977834
1.31196 0.95784
1.43814 1.04069
1.52963 1.02677
1.60849 0.942615
1.69367 0.995708
1.74414 1.07341
1.75045 0.967172
1.80408 0.910513
1.82932 1.11648
1.81355 1.08997
1.8167 0.307895
1.81986 -0.745528
1.75676 -1.18049
1.48546 -1.00768
1.05958 -0.903108
0.573767 -1.03314
0.132115 -1.05587
-0.296917 -0.952306
-0.72595 -0.972792
-1.10451 -1.05277
-1.47045 -1.00326
-1.81115 -0.947907
-2.12662 -1.01905
-2.41054 -1.04625
-2.66291 -0.958266
-2.91213 -0.966135
-3.11718 -1.06741
-3.30015 -1.00959
-3.47681 -0.898074
-3.62192 -1.04963
-3.74496 -1.16458
-3.84275 -0.591848
-3.95632 0.486892
-4.02257 1.14338
-3.909 1.0762
-3.62193 0.899732
-3.23075 0.993511
-2.84588 1.07174
-2.47994 0.976707
-2.10453 0.950885
-1.74806 1.03991
-1.40736 1.02818
-1.08874 0.95033
-0.776425 0.9932
-0.479888 1.0544
-0.208588 0.983046
0.0406298 0.946011
0.299311 1.04626
0.510674 1.04578
0.712571 0.910595
0.917624 0.983157
1.10059 1.18029
1.25202 0.831245
1.40975 -0.191039
1.56117 -1.04393
1.58326 -1.13864
1.40028 -0.922315
1.08482 -0.951236
0.7662 -1.07099
0.472817 -1.00826
0.173125 -0.939989
-0.104484 -1.0171
-0.363166 -1.04674
-0.587147 -0.964549
-0.804817 -0.969207
-1.01302 -1.0496
-1.1676 -1.01092
-1.32849 -0.939426
-1.48307 -1.01583
-1.6061 -1.06824
-1.70074 -0.942174
-1.79853 -0.93119
-1.88686 -1.15028
-1.93734 -1.01158
-1.98781 -0.119765
-2.0509 0.878479
-2.02567 1.17684
-1.80169 0.96946
-1.43259 0.916488
-1.01618 1.05238
-0.628156 1.03981
-0.252753 0.943204
0.13527 0.989444
0.479127 1.05443
0.788283 0.987278
1.08482 0.952644
1.34666 1.03323
1.58641 1.03538
1.80724 0.947235
2.01544 0.983592
2.19841 1.07315
2.34984 0.983631
2.51072 0.902593
2.62114 1.09179
2.71262 1.12623
2.81357 0.421173
2.8672 -0.651692
2.89875 -1.17304
2.78202 -1.03367
2.42555 -0.898892
2.0186 -1.01882
1.60218 -1.0637
1.21101 -0.960456
0.813519 -0.963373
0.434961 -1.04924
0.103722 -1.01324
-0.23067 -0.947343
-0.5556 -1.00928
-0.842673 -1.05088
-1.20546 -0.967018
-1.40105 -0.956988
-1.63765 -1.0608
-1.84585 -1.02472
-2.0446 -0.900163
-2.24334 -1.02315
-2.40107 -1.17699
-2.53041 -0.690149
-2.67553 0.376374
-2.7891 1.11289
-2.73862 1.1019
-2.50518 0.905289
-2.16132 0.977023
-1.82377 1.07357
-1.49253 0.988359
-1.15183 0.945159
-0.713333 1.03208
-0.542981 1.03636
-0.27799 0.954527
-0.00353453 0.983423
0.239373 1.05407
0.457044 0.993762
0.658942 0.941754
0.85453 1.03527
1.02173 1.05634
1.16684 0.920937
1.30565 0.960839
1.43499 1.17328
1.53278 0.908141
1.64319 -0.0719492
1.73152 -0.988041
1.70629 -1.15721
1.49493 -0.937817
1.13214 -0.936419
0.753582 -1.06588
0.387642 -1.02082
0.0311658 -0.939485
-0.325309 -1.0067
-0.640775 -1.05116
-0.946777 -0.972539
-1.22754 -0.961698
-1.48307 -1.0445
-1.7102 -1.02107
-1.92472 -0.94079
-2.12977 -1.00322
-2.29066 -1.07228
-2.45155 -0.95751
-2.60613 -0.917137
-2.72916 -1.13015
-2.83011 -1.06353
-2.91528 -0.238126
-3.03516 0.797982
-3.05409 1.18124
-2.87743 0.99274
-2.53988 0.907233
-2.13924 1.04095
-1.76699 1.05029
-1.40105 0.948293
-1.0288 0.978868
-0.688095 1.05398
-0.369475 0.997209
-0.0445465 0.949142
0.236218 1.02463
0.491744 1.04264
0.728344 0.953654
0.95548 0.972328
1.17315 1.07029
1.35297 1.00002
1.51701 0.898607
1.66843 1.06562
1.77884 1.15295
1.8861 0.529606
2.00282 -0.550606
2.06907 -1.15719
1.96812 -1.0603
1.66843 -0.898276
1.28356 -1.00324
0.914468 -1.06942
0.564302 -0.970211
0.210981 -0.955132
-0.117102 -1.04391
-0.426258 -1.0228
-0.713332 -0.948656
-0.990941 -0.999223
-1.237 -1.05365
-1.46098 -0.976814
-1.66919 -0.949553
-1.86794 -1.05222
-2.03198 -1.03842
-2.18025 -0.905732
-2.3159 -0.99765
-2.43262 -1.18129
-2.50833 -0.780832
-2.60928 0.261508
-2.68184 1.07274
-2.61243 1.12571
-2.3506 0.914775
-1.97204 0.960702
-1.57771 1.07277
-1.20861 1.0007
-0.842673 0.941317
-0.479888 1.02301
-0.167578 1.04329
0.141578 0.960354
0.428652 0.974267
0.703107 1.05183
0.936552 1.00456
1.16053 0.939645
1.36874 1.02329
1.55171 1.06454
1.69998 0.933642
1.8514 0.941335
1.9839 1.1604
2.07538 0.975687
2.16371 0.0479849
2.26151 -0.922412
2.23942 -1.17114
2.02806 -0.956696
1.66528 -0.923306
1.26148 -1.05818
0.898697 -1.03294
0.5296 -0.941159
0.160506 -0.995928
-0.170733 -1.05377
-0.486198 -0.981531
-0.782736 -0.955568
-1.06665 -1.03786
-1.31903 -1.03036
-1.54616 -0.944233
-1.78592 -0.990785
-1.97519 -1.07362
-2.15186 -0.973726
-2.30328 -0.906873
-2.47994 -1.10685
-2.55881 -1.10564
-2.64714 -0.353709
-2.77017 0.708923
-2.83957 1.17848
-2.70392 1.01794
-2.40423 0.901009
-2.03198 1.02759
-1.67235 1.05923
-1.31903 0.955356
-0.956241 0.968904
-0.621848 1.05158
-0.325309 1.00728
-0.00668922 0.947456
0.280384 1.0152
0.539066 1.04831
0.7662 0.96162
0.990181 0.962288
1.17315 1.06502
1.34981 1.01579
1.50439 0.898472
1.65897 1.03897
1.77884 1.17056
1.87348 0.632024
1.99021 -0.443287
2.06592 -1.13232
1.97443 -1.08665
1.69051 -0.901482
1.30565 -0.986933
0.923933 -1.07278
0.576922 -0.981259
0.217292 -0.948382
-0.113947 -1.03695
-0.416795 -1.03159
-0.697559 -0.951803
-0.975169 -0.989236
-1.2307 -1.0545
-1.45468 -0.987298
-1.81115 -0.944056
-1.91526 -1.04201
-2.03829 -1.05027
-2.18656 -0.914416
-2.32536 -0.973929
-2.4547 -1.17825
-2.53041 -0.863096
-2.63136 0.143594
-2.72285 1.02276
-2.67553 1.14656
-2.43577 0.928087
-2.06668 0.945142
-1.67866 1.06926
-1.32534 1.01331
-0.968859 0.939528
-0.606075 1.01301
-0.27799 1.04871
0.0280111 0.967606
0.324549 0.966053
0.589539 1.04776
0.841911 1.01506
1.0722 0.939715
1.28041 1.01079
1.46338 1.07018
1.62111 0.948164
1.782 0.925128
1.92711 1.14268
2.03122 1.03354
2.13532 0.167356
2.24573 -0.84735
2.25204 -1.1794
2.06907 -0.978496
1.72206 -0.91245
1.32142 -1.04806
0.95548 -1.04416
0.592695 -0.944992
0.226754 -0.985164
-0.0981749 -1.05449
-0.41364 -0.991211
-0.707023 -0.951031
-0.981478 -1.02991
-1.23701 -1.03846
-1.45783 -0.949599
-1.6755 -0.978963
-1.8774 -1.07231
-2.03513 -0.990228
-2.19918 -0.900528
-2.34429 -1.08145
-2.46417 -1.13804
-2.56196 -0.465196
-2.67237 0.612074
-2.73231 1.16774
-2.60928 1.0443
-2.30959 0.898199
-1.92157 1.01271
-1.54616 1.06626
-1.18968 0.964181
-0.833209 0.959917
-0.505125 1.04732
-0.195969 1.01713
0.097414 0.947644
0.387642 1.00527
0.627396 1.05222
0.863994 0.97083
1.08167 0.953794
1.28672 1.05759
1.45076 1.0304
1.60218 0.901991
1.75045 1.01278
1.87348 1.17964
1.97128 0.727385
2.07538 -0.330879
2.1574 -1.098
2.09116 -1.11171
1.8167 -0.908615
1.43814 -0.970441
1.05327 -1.07357
0.696797 -0.993236
0.334013 -0.943385
-0.000381013 -1.02858
-0.315847 -1.0393
-0.615539 -0.956673
-0.893148 -0.979667
-1.16129 -1.0534
-1.3695 -0.998093
-1.59033 -0.940649
-1.78907 -1.03057
-1.96258 -1.05992
-2.114 -0.925765
-2.26227 -0.95267
-2.3853 -1.16877
-2.48309 -0.936305
-2.59351 0.0239981
-2.67553 0.962945
-2.65975 1.1634
-2.44208 0.944986
-2.08245 0.930937
-1.70074 1.0631
-1.33165 1.02575
-0.972013 0.939892
-0.621846 1.00241
-0.290609 1.05243
0.0217017 0.976033
0.31193 0.959067
0.592694 1.04202
0.835602 1.02491
1.06905 0.941925
1.28987 0.998197
1.47284 1.07314
1.64319 0.963924
1.80093 0.912567
1.94289 1.12115
2.05014 1.08155
2.15109 0.284768
2.26781 -0.763346
2.30567 -1.18104
2.13847 -1.00263
1.79146 -0.904356
1.40029 -1.03582
1.03435 -1.05408
0.696798 -0.950891
0.330858 -0.974788
0.0153935 -1.05325
-0.296917 -1.00124
-0.580836 -0.948245
-0.858446 -1.02094
-1.10451 -1.04511
-1.32218 -0.95667
-1.53039 -0.968146
-1.71651 -1.06846
-1.87109 -1.00643
-2.02251 -0.898099
-2.16447 -1.05497
-2.27489 -1.16106
-2.36322 -0.571356
-2.47363 0.508365
-2.54934 1.14835
-2.43262 1.07093
-2.14555 0.899091
-1.75752 0.996777
-1.37581 1.07106
-1.01302 0.974494
-0.65655 0.952237
-0.309537 1.04131
-0.000381028 1.02642
0.311931 0.9497
0.592695 0.9952
0.860841 1.05423
1.09113 0.980946
1.31511 0.947112
1.52016 1.04831
1.69998 1.0434
1.85771 0.908855
2.01229 0.987907
2.12901 1.1809
2.24258 0.814788
2.34353 -0.214633
2.43501 -1.05393
2.37507 -1.13446
2.13532 -0.919651
1.75045 -0.954353
1.35297 -1.07169
