data = [-0.173887 0.863096
-0.180197 1.18104
-0.126567 1.03367
0.0784848 0.898607
0.296157 0.980326
0.494899 1.07277
0.67156 1.01583
0.857685 0.940649
1.03119 0.985164
1.17315 1.05277
1.29934 1.0152
1.42237 0.9497
1.53278 0.983423
1.62111 1.05116
1.69051 1.0191
1.74099 0.944233
1.79462 0.976707
1.81985 1.06626
1.81985 1.0304
1.83247 0.910595
1.81986 0.956696
1.8167 1.15384
1.76938 1.06353
1.74099 0.376374
1.71891 -0.571356
1.64635 -1.13232
1.38767 -1.11648
0.95548 -0.925128
0.4602 -0.930937
-0.0129986 -1.05238
-0.46096 -1.05222
-0.886838 -0.958688
-1.29694 -0.955132
-1.67235 -1.03538
-2.01936 -1.04202
-2.34429 -0.967606
-2.65029 -0.95784
-2.92475 -1.03159
-3.17396 -1.04511
-3.38848 -0.967018
-3.59038 -0.948293
-3.76073 -1.03756
-3.89954 -1.06454
-4.02888 -0.951236
-4.15506 -0.908615
-4.24655 -1.08145
-4.31279 -1.16458
-4.36012 -0.708923
-4.41374 0.214633
-4.44529 0.988041
-4.32226 1.17328
-4.01626 0.987907
-3.59984 0.901009
-3.13926 1.00959
-2.71023 1.07231
-2.30643 0.993236
-1.88686 0.939989
-1.48307 1.00456
-1.10135 1.05429
-0.760653 0.997209
-0.404176 0.947343
-0.0760921 1.00124
0.226754 1.0545
0.520136 1.00026
0.797747 0.939528
1.05958 0.998197
1.28672 1.07315
1.48862 1.00324
1.69367 0.899457
1.89557 0.99765
2.0533 1.17684
2.19526 0.962945
2.34984 0.167356
2.49495 -0.745528
2.55489 -1.17056
2.41608 -1.07093
2.12586 -0.905289
1.76938 -0.95751
1.4413 -1.06711
1.15422 -1.03294
0.848222 -0.946011
0.539066 -0.97083
0.267766 -1.04732
0.0185471 -1.02818
-0.211742 -0.955568
-0.442031 -0.970852
-0.65655 -1.0445
-0.830056 -1.03208
-0.990942 -0.952237
-1.15498 -0.962288
-1.28117 -1.05587
-1.38843 -1.04806
-1.49253 -0.925765
-1.59033 -0.93119
-1.66919 -1.12571
-1.72598 -1.11975
-1.77961 -0.529606
-1.86794 0.421173
-1.88686 1.08155
-1.7386 1.14656
-1.42313 0.948765
-1.0288 0.914416
-0.618692 1.03582
-0.23067 1.0637
0.12265 0.972328
0.706261 0.94616
0.892386 1.02301
1.05958 1.0496
1.31826 0.979667
1.56117 0.951031
1.78831 1.01905
1.96497 1.05158
2.13847 0.980946
2.29936 0.941754
2.43817 1.02082
2.54227 1.07169
2.62114 0.973726
2.70631 0.899732
2.77571 1.0443
2.79464 1.17964
2.81041 0.831245
2.83565 -0.0479849
2.86089 -0.893495
2.75048 -1.18124
2.43501 -1.02315
1.99336 -0.898099
1.51385 -0.986933
1.0722 -1.07341
0.662097 -1.01079
0.226755 -0.939892
-0.173886 -0.989444
-0.539827 -1.05365
-0.883683 -1.01127
-1.2307 -0.948656
-1.53354 -0.987278
-1.89002 -1.05243
-2.04775 -1.01506
-2.2875 -0.942615
-2.49571 -0.981259
-2.68184 -1.06846
-2.83957 -1.02472
-2.98153 -0.907233
-3.12033 -0.965095
-3.22759 -1.1604
-3.30015 -1.04393
-3.38533 -0.330879
-3.46419 0.612074
-3.47681 1.14338
-3.30015 1.10685
-2.95945 0.919651
-2.53988 0.936419
-2.12346 1.05634
-1.7449 1.04831
-1.36004 0.955356
-0.990942 0.958266
-0.64393 1.03846
-0.322156 1.0393
-0.0129997 0.964549
0.293002 0.960354
0.561147 1.03482
0.804056 1.04264
1.02488 0.963373
1.24255 0.950891
1.40659 1.04201
1.56748 1.06156
1.71575 0.945142
1.8514 0.912567
1.95235 1.09179
2.02806 1.15719
2.10693 0.671069
2.1921 -0.261508
2.23627 -1.01158
2.1574 -1.16877
1.86717 -0.978496
1.45391 -0.903108
1.03435 -1.01579
0.646324 -1.07106
0.289847 -0.988359
-0.0887109 -0.94079
-0.451497 -1.00882
-0.754342 -1.05377
-1.0635 -0.9932
-1.34426 -0.947644
-1.59664 -1.00527
-1.82693 -1.0544
-2.0446 -0.995928
-2.23388 -0.939412
-2.41054 -1.00322
-2.54934 -1.07357
-2.68184 -0.996777
-2.80487 -0.898472
-2.91844 -1.00768
-2.98468 -1.1794
-3.04147 -0.936305
-3.11087 -0.119765
-3.16765 0.780832
-3.12664 1.17518
-2.89951 1.0603
-2.52726 0.902593
-2.08876 0.963924
-1.68181 1.06926
-1.29694 1.02817
-0.90892 0.944056
-0.542981 0.974788
-0.199123 1.04924
0.125806 1.02463
0.428652 0.953552
0.715725 0.974267
0.977562 1.04674
1.21732 1.02858
1.4413 0.949599
1.64635 0.966135
1.81985 1.05923
1.97759 1.0434
2.11324 0.920937
2.25204 0.937817
2.37507 1.13446
2.44448 1.10564
2.53596 0.486892
2.62114 -0.465196
2.65899 -1.098
2.5265 -1.13864
2.21103 -0.941335
1.78831 -0.918663
1.3782 -1.04095
1.0028 -1.0608
0.624241 -0.968146
0.261456 -0.948382
-0.0729375 -1.02677
-0.382094 -1.04776
-0.681786 -0.976033
-0.965705 -0.952644
-1.22123 -1.0228
-1.45468 -1.0501
-1.67866 -0.976814
-1.87425 -0.943204
-2.05406 -1.02575
-2.20548 -1.07018
-2.34429 -0.967172
-2.47678 -0.901482
-2.59035 -1.05497
-2.66291 -1.17699
-2.74178 -0.797982
-2.82064 0.0958796
-2.89635 0.922412
-2.85219 1.18029
-2.59982 1.01278
-2.22126 0.898199
-1.81431 0.993511
-1.4389 1.07362
-1.07296 1.00574
-0.719641 0.939485
-0.120258 0.993762
0.0627114 1.05423
0.270919 1.00728
0.510672 0.947907
0.775663 0.991211
1.0028 1.0534
1.2047 1.01092
1.40975 0.941317
1.59272 0.98596
1.73783 1.07029
1.86718 1.01882
1.99021 0.904356
2.09746 0.973929
2.1921 1.16619
2.25835 1.02276
2.31198 0.284768
2.39716 -0.651692
2.40031 -1.15295
2.21103 -1.09688
1.86717 -0.914775
1.43814 -0.942174
1.00911 -1.05992
0.633705 -1.04416
0.248837 -0.952306
-0.117103 -0.96162
-0.464115 -1.04131
-0.766962 -1.03636
-1.06035 -0.961698
-1.34426 -0.963097
-1.59979 -1.03786
-1.83324 -1.03991
-2.03513 -0.959917
-2.23072 -0.953794
-2.39476 -1.04626
-2.53041 -1.05818
-2.64714 -0.939265
-2.77017 -0.917137
-2.86796 -1.1019
-2.9279 -1.14835
-2.99415 -0.632024
-3.0951 0.307895
-3.10772 1.03354
-3.02885 1.1634
-2.74178 0.96946
-2.33167 0.905732
-1.90579 1.0218
-1.502 1.06942
-1.11713 0.983592
-0.73857 0.941925
-0.369475 1.01301
-0.0350825 1.05295
0.283538 0.989236
0.576921 0.948245
0.85453 1.00928
1.11321 1.05398
1.33404 0.9916
1.54225 0.939645
1.73783 1.00826
1.89872 1.07357
2.04068 0.990228
2.18895 0.898074
2.30252 1.01794
2.40031 1.1809
2.46656 0.908141
2.55173 0.0719492
2.61798 -0.814788
2.57697 -1.17848
2.36245 -1.04963
1.99967 -0.900528
1.56433 -0.970441
1.17315 -1.07099
0.810366 -1.02329
0.434961 -0.942436
0.0753313 -0.978868
-0.265372 -1.05088
-0.574528 -1.02094
-0.867911 -0.951803
-1.12975 -0.977834
-1.38212 -1.04871
-1.6061 -1.02491
-1.81115 -0.947235
-2.01305 -0.970211
-2.15501 -1.06229
-2.29697 -1.03842
-2.43577 -0.916488
-2.5588 -0.944986
-2.6566 -1.14268
-2.73231 -1.08997
-2.80171 -0.443287
-2.89004 0.508365
-2.91213 1.11289
-2.7607 1.13015
-2.44839 0.934434
-2.0446 0.923306
-1.64396 1.04578
-1.26855 1.05759
-0.902611 0.964181
-0.539827 0.950885
-0.202278 1.03036
0.113187 1.04565
0.397105 0.972539
0.677869 0.954527
0.930243 1.02642
1.14791 1.04831
1.36558 0.972792
1.55486 0.944992
1.72206 1.03057
1.85771 1.06824
1.98074 0.960702
2.10377 0.903862
2.20788 1.06562
2.28359 1.17304
2.34984 0.763346
2.4287 -0.143594
2.47287 -0.949817
2.40031 -1.17825
2.12901 -1.00263
1.72522 -0.898892
1.29618 -1.00002
0.90185 -1.07341
0.532756 -1.0007
0.173125 -0.939426
-0.18335 -0.998093
-0.50828 -1.05449
-0.798508 -1.00326
-1.08558 -0.947456
-1.36004 -0.9952
-1.59663 -1.05407
-1.80169 -1.0067
-2.00359 -0.940347
-2.19287 -0.990785
-2.34113 -1.07174
-2.47994 -1.01271
-2.59351 -0.901991
-2.71654 -0.983157
-2.79856 -1.17114
-2.86796 -1
-2.93736 -0.238126
-3.00046 0.690149
-2.99099 1.16106
-2.79225 1.08665
-2.43577 0.910513
-2.01936 0.948164
-1.61241 1.0631
-1.237 1.03981
-0.864755 0.949553
-0.492506 0.965173
-0.148649 1.04391
0.157353 1.03323
0.457045 0.959067
0.737809 0.966053
0.996491 1.04069
1.22047 1.03695
1.43183 0.95667
1.63373 0.956988
1.79777 1.05029
1.94289 1.05441
2.07538 0.933642
2.20157 0.922315
2.30567 1.11171
2.38138 1.13804
2.45079 0.591848
2.53912 -0.353709
2.57697 -1.05393
2.45709 -1.15721
2.14794 -0.960839
1.74414 -0.908855
1.32457 -1.02759
0.94917 -1.06741
0.580076 -0.978963
0.220445 -0.943385
-0.129721 -1.0171
-0.438877 -1.05183
-0.735414 -0.985339
-1.00672 -0.949142
-1.26224 -1.01324
-1.48307 -1.05325
-1.69443 -0.987298
-1.88686 -0.940227
-2.05722 -1.01331
-2.19602 -1.07314
-2.32536 -0.983631
-2.45786 -0.898276
-2.56827 -1.02839
-2.64083 -1.18129
-2.70707 -0.878479
-2.77648 -0.0239981
-2.83326 0.84735
-2.7954 1.18049
-2.5525 1.03897
-2.17078 0.899091
-1.7449 0.977023
-1.34426 1.07228
-0.972014 1.01833
-0.599764 0.941159
-0.23698 0.983046
0.0879512 1.05222
0.390798 1.01713
0.690489 0.95033
0.95548 0.981531
1.21732 1.05041
1.43814 1.02107
