data = [-0.0887109 0.936305
-0.0824015 1.17114
-0.0224638 0.960839
0.182589 0.918663
0.390797 1.05238
0.580075 1.04201
0.7662 0.944992
0.961789 0.983046
1.11952 1.05423
1.25202 0.997209
1.39713 0.948656
1.51385 1.02094
1.59903 1.04625
1.69051 0.959917
1.75992 0.962288
1.81355 1.0637
1.8514 1.0218
1.86087 0.900163
1.88926 1.01794
1.88926 1.17964
1.87664 0.745528
1.88295 -0.284768
1.85456 -1.07274
1.69367 -1.13015
1.33088 -0.919651
0.845067 -0.951236
0.371869 -1.07018
-0.0634734 -1.01331
-0.498816 -0.939426
-0.908922 -1.00882
-1.28117 -1.05116
-1.62818 -0.974267
-1.96573 -0.959067
-2.25911 -1.04069
-2.52095 -1.02858
-2.76386 -0.944233
-3.00046 -0.988359
-3.1992 -1.07341
-3.36009 -0.983631
-3.52098 -0.901482
-3.66294 -1.08145
-3.76704 -1.14338
-3.85537 -0.508365
-3.96578 0.550606
-4.00995 1.15295
-3.88692 1.07093
-3.57461 0.899732
-3.17712 0.990228
-2.78594 1.07278
-2.41369 0.983592
-2.03198 0.94616
-1.66288 1.03208
-1.32533 1.03786
-1.00041 0.956673
-0.681786 0.977834
-0.385248 1.05243
-0.110794 1.00456
0.157352 0.939485
0.41288 1.01833
0.640014 1.06824
0.848222 0.945142
1.05012 0.925128
1.23309 1.13864
1.38451 1.05393
1.5454 0.238126
1.70944 -0.780832
1.79146 -1.18104
1.6842 -1.00768
1.40344 -0.901991
1.07536 -1.02759
0.772511 -1.0608
0.488591 -0.958688
0.198363 -0.963373
-0.0634734 -1.04831
-0.306381 -1.01713
-0.527208 -0.947907
-0.751188 -1.00124
-0.931003 -1.05365
-1.0982 -0.978868
-1.25593 -0.947112
-1.39789 -1.04626
-1.49884 -1.04806
-1.60295 -0.914416
-1.68812 -0.96946
-1.76383 -1.17518
-1.81746 -0.908141
-1.86794 0.0479849
-1.92787 0.962945
-1.87425 1.16619
-1.61872 0.95267
-1.22754 0.923306
-0.811127 1.05634
-0.416795 1.03756
-0.0476989 0.943204
0.327704 0.987298
0.655788 1.05449
0.95548 0.9932
1.25517 0.9497
1.52963 1.02463
1.77253 1.04391
1.9839 0.95667
2.17948 0.966135
2.37192 1.06626
2.51388 1.01579
2.62114 0.898892
2.78518 1.02839
2.8325 1.17699
2.88613 0.708923
2.96184 -0.330879
3.00285 -1.08997
2.89244 -1.12115
2.57697 -0.914775
2.16687 -0.95751
1.74414 -1.07169
1.3435 -1.00826
0.946016 -0.939715
0.561147 -1.01301
0.195208 -1.0496
-0.151804 -0.970852
-0.489353 -0.961698
-0.792198 -1.04329
-1.06981 -1.02491
-1.34111 -0.942615
-1.59663 -0.993236
-1.808 -1.07362
-2.01305 -0.977023
-2.1834 -0.903862
-2.37268 -1.09179
-2.51779 -1.13232
-2.64713 -0.465196
-2.79856 0.591848
-2.88373 1.16106
-2.66606 1.0603
-2.49571 0.898607
-2.16447 0.996777
-1.79853 1.07174
-1.44521 0.978963
-1.11082 0.948382
-0.773272 1.03538
-0.476734 1.03482
-0.199125 0.954527
0.0690219 0.981531
0.321394 1.0534
0.542219 1.00026
0.756736 0.939892
0.958633 1.02329
1.12898 1.06588
1.28672 0.939265
1.43499 0.93119
1.56433 1.14656
1.65581 1.03354
1.76307 0.191039
1.86402 -0.814788
1.88926 -1.18124
1.69998 -0.99765
1.3435 -0.904356
0.952324 -1.03314
0.580075 -1.05759
0.226754 -0.955356
-0.136031 -0.967018
-0.457806 -1.0501
-0.770117 -1.01324
-1.05403 -0.947456
-1.32218 -1.00527
-1.57455 -1.05277
-1.79222 -0.974788
-2.01305 -0.949553
-2.20233 -1.05029
-2.36637 -1.0434
-2.52095 -0.910595
-2.66606 -0.978496
-2.77648 -1.17825
-2.86165 -0.878479
-2.9626 0.0958796
-3.05093 0.988041
-3.00992 1.1604
-2.77648 0.944986
-2.41054 0.92831
-2.01305 1.05992
-1.65026 1.03294
-1.27802 0.941754
-0.912075 0.9916
-0.580837 1.05443
-0.265372 0.989236
0.0437845 0.951031
0.327703 1.02818
0.58323 1.04131
0.813519 0.953654
1.05012 0.970211
1.25202 1.06846
1.42237 1.00959
1.57695 0.898199
1.72837 1.03897
1.85456 1.17304
1.95866 0.671069
2.07223 -0.376374
2.15109 -1.10564
2.07854 -1.11171
1.81354 -0.910513
1.42868 -0.963924
1.04065 -1.07277
0.684179 -1.00322
0.327703 -0.940347
-0.00984506 -1.0171
-0.33162 -1.04776
-0.621847 -0.967606
-0.902612 -0.964549
-1.16129 -1.04565
-1.38212 -1.02107
-1.60295 -0.941317
-1.79538 -0.998197
-1.96573 -1.07341
-2.11085 -0.970441
-2.24965 -0.906873
-2.37899 -1.1019
-2.46732 -1.11975
-2.54934 -0.421173
-2.65029 0.632024
-2.68184 1.16774
-2.53988 1.04963
-2.20548 0.898099
-1.81115 1.00324
-1.42628 1.07029
-1.06981 0.974494
-0.700714 0.950885
-0.353702 1.03846
-0.0413907 1.03159
0.267766 0.952644
0.557994 0.985339
0.807211 1.05407
1.04381 0.995928
1.26464 0.940649
1.46338 1.02817
1.64319 1.0631
1.79462 0.933642
1.93658 0.937817
2.05014 1.15384
2.13216 1.01158
2.21734 0.143594
2.31198 -0.84735
2.31514 -1.18029
2.10062 -0.987907
1.73783 -0.907233
1.32457 -1.03842
0.946016 -1.05408
0.573766 -0.952306
0.204672 -0.97083
-0.139186 -1.05158
-0.457806 -1.00928
-0.757498 -0.947305
-1.05088 -1.00928
-1.30325 -1.05158
-1.54932 -0.97083
-1.78592 -0.952306
-1.99728 -1.05408
-2.17394 -1.03842
-2.34744 -0.907233
-2.49571 -0.987907
-2.61874 -1.18029
-2.71654 -0.84735
-2.82064 0.143594
-2.90897 1.01158
-2.89005 1.15384
-2.66291 0.937817
-2.30012 0.933642
-1.90895 1.0631
-1.55563 1.02817
-1.19915 0.940649
-0.842673 0.995928
-0.514589 1.05407
-0.218052 0.985339
0.08795 0.952644
0.35925 1.03159
0.605314 1.03846
0.835603 0.950885
1.05327 0.974494
1.26464 1.07029
1.42868 1.00324
1.58641 0.898099
1.73783 1.04963
1.84509 1.16774
1.95235 0.632024
2.05645 -0.421173
2.14478 -1.11975
2.05014 -1.1019
1.77884 -0.906873
1.39082 -0.970441
1.00911 -1.07341
0.649478 -0.998197
0.293002 -0.941317
-0.0445454 -1.02107
-0.36632 -1.04565
-0.647086 -0.964549
-0.92785 -0.967606
-1.18653 -1.04776
-1.41682 -1.0171
-1.62818 -0.940347
-1.83955 -1.00322
-2.00043 -1.07277
-2.15817 -0.963924
-2.30328 -0.910513
-2.42947 -1.11171
-2.52726 -1.10564
-2.61559 -0.376374
-2.71023 0.671069
-2.74809 1.17304
-2.5872 1.03897
-2.26542 0.898199
-1.86163 1.00959
-1.4736 1.06846
-1.11397 0.970211
-0.748034 0.953654
-0.410486 1.04131
-0.0855562 1.02818
0.207827 0.951031
0.498055 0.989236
0.756737 1.05443
0.987027 0.9916
1.21732 0.941754
1.41606 1.03294
1.58326 1.05992
1.75045 0.92831
1.88926 0.944986
2.00598 1.1604
2.10062 0.988041
2.18579 0.0958796
2.27728 -0.878479
2.26466 -1.17825
2.06592 -0.978496
1.69367 -0.910595
1.28987 -1.0434
0.90185 -1.05029
0.535911 -0.949553
0.16997 -0.974788
-0.173886 -1.05277
-0.486197 -1.00527
-0.792198 -0.947456
-1.06665 -1.01324
-1.32218 -1.0501
-1.56194 -0.967018
-1.78907 -0.955356
-1.98466 -1.05759
-2.15186 -1.03314
-2.31274 -0.904356
-2.46101 -0.99765
-2.57458 -1.18124
-2.65975 -0.814788
-2.77963 0.191039
-2.85534 1.03354
-2.80171 1.14656
-2.56512 0.93119
-2.19918 0.939265
-1.81746 1.06588
-1.45783 1.02329
-1.09189 0.939892
-0.754344 1.00026
-0.426259 1.0534
-0.129722 0.981531
0.18259 0.954527
0.428653 1.03482
0.668406 1.03538
0.901851 0.948382
1.11952 0.978963
1.3088 1.07174
1.476 0.996777
1.63373 0.898607
1.77569 1.0603
1.88295 1.16106
1.98705 0.591848
2.09431 -0.465196
2.14478 -1.13232
2.04383 -1.09179
1.74414 -0.903862
1.34981 -0.977023
0.961789 -1.07362
0.605313 -0.993236
0.236218 -0.942615
-0.104484 -1.02491
-0.416795 -1.04329
-0.719642 -0.961698
-1.00672 -0.970852
-1.2654 -1.0496
-1.49569 -1.01301
-1.71967 -0.939715
-1.92472 -1.00826
-2.09507 -1.07169
-2.2528 -0.95751
-2.39792 -0.914775
-2.52726 -1.12115
-2.62505 -1.08997
-2.71969 -0.330879
-2.81118 0.708923
-2.84588 1.17699
-2.68815 1.02839
-2.35691 0.898892
-1.97519 1.01579
-1.59664 1.06626
-1.2307 0.966135
-0.864756 0.95667
-0.520898 1.04391
-0.199123 1.02463
0.103723 0.9497
0.393952 0.9932
0.658942 1.05449
0.892386 0.987298
1.13214 0.943204
1.32142 1.03756
1.50439 1.05634
1.66212 0.923306
1.81986 0.95267
1.94289 1.16619
2.0533 0.962945
2.15425 0.0479849
2.2552 -0.908141
2.24258 -1.17518
2.03122 -0.96946
1.6779 -0.914416
1.28041 -1.04806
0.923932 -1.04626
0.557992 -0.947112
0.198363 -0.978868
-0.123412 -1.05365
-0.429414 -1.00124
-0.716487 -0.947907
-0.990942 -1.01713
-1.22754 -1.04831
-1.45468 -0.963373
-1.67866 -0.958688
-1.85532 -1.0608
-2.01305 -1.02759
-2.15816 -0.901991
-2.30328 -1.00768
-2.40107 -1.18104
-2.49571 -0.780832
-2.59982 0.238126
-2.67553 1.05393
-2.61244 1.13864
-2.3506 0.925128
-1.9752 0.945142
-1.58086 1.06824
-1.21492 1.01833
-0.839518 0.939485
-0.492506 1.00456
-0.170731 1.05243
0.13527 0.977834
0.425498 0.956673
0.709417 1.03786
0.95548 1.03208
1.18262 0.94616
1.39082 0.983592
1.57695 1.07278
1.74099 0.990228
