data = [-0.221205 0.84735
-0.211742 1.17964
-0.167577 1.04963
0.0343205 0.901482
0.248837 0.963924
0.444426 1.06824
0.624241 1.03294
0.800902 0.947112
0.964944 0.967018
1.11952 1.04391
1.24886 1.03482
1.37189 0.961698
1.48546 0.961698
1.56117 1.03482
1.62111 1.04391
1.67474 0.967018
1.71575 0.947112
1.75676 1.03294
1.75361 1.06824
1.76623 0.963924
1.76307 0.901482
1.75045 1.04963
1.71891 1.17964
1.6842 0.84735
1.66212 5.54208e-15
1.63373 -0.84735
1.48546 -1.17964
1.15107 -1.04963
0.671561 -0.901482
0.17628 -0.963924
-0.293763 -1.06824
-0.719642 -1.03294
-1.15498 -0.947112
-1.55878 -0.967018
-1.92787 -1.04391
-2.2528 -1.03482
-2.56827 -0.961698
-2.86796 -0.961698
-3.12664 -1.03482
-3.35378 -1.04391
-3.56514 -0.967018
-3.77019 -0.947112
-3.92477 -1.03294
-4.06358 -1.06824
-4.18661 -0.963924
-4.29387 -0.901482
-4.38535 -1.04963
-4.43898 -1.17964
-4.47684 -0.84735
-4.53047 -2.69357e-15
-4.56201 0.84735
-4.48315 1.17964
-4.20238 1.04963
-3.78597 0.901482
-3.31908 0.963924
-2.86796 1.06824
-2.44208 1.03294
-2.03198 0.947112
-1.60925 0.967018
-1.21177 1.04391
-0.864756 1.03482
-0.498816 0.961698
-0.14865 0.961698
0.179435 1.03482
0.482281 1.04391
0.763046 0.967018
1.03435 0.947112
1.28041 1.03294
1.50123 1.06824
1.70944 0.963924
1.91449 0.901482
2.09431 1.04963
2.24889 1.17964
2.39085 0.84735
2.5612 -5.55942e-14
2.68423 -0.84735
2.70947 -1.17964
2.54858 -1.04963
2.22996 -0.901482
1.87033 -0.963924
1.54225 -1.06824
1.22993 -1.03294
0.930242 -0.947112
0.624242 -0.967018
0.346632 -1.04391
0.097414 -1.03482
-0.145495 -0.961698
-0.378939 -0.961698
-0.574528 -1.03482
-0.770117 -1.04391
-0.946778 -0.967018
-1.10766 -0.947112
-1.237 -1.03294
-1.36004 -1.06824
-1.46414 -0.963924
-1.57455 -0.901482
-1.67235 -1.04963
-1.7449 -1.17964
-1.79222 -0.84735
-1.85847 -5.52267e-14
-1.92787 0.84735
-1.8774 1.17964
-1.63134 1.04963
-1.25278 0.901482
-0.858446 0.963924
-0.265371 1.06824
-0.0193079 1.03294
0.201517 0.947112
0.526447 0.967018
0.829295 1.04391
1.10375 1.03482
1.35297 0.961698
1.58641 0.961698
1.80093 1.03482
1.97759 1.04391
2.14163 0.967018
2.28674 0.947112
2.40977 1.03294
2.50441 1.06824
2.57066 0.963924
2.66214 0.901482
2.70316 1.04963
2.72839 1.17964
2.74732 0.84735
2.77571 2.00538e-13
2.77571 -0.84735
2.66846 -1.17964
2.38138 -1.04963
1.93027 -0.901482
1.45391 -0.963924
0.993335 -1.06824
0.58323 -1.03294
0.163661 -0.947112
-0.252753 -0.967018
-0.64393 -1.04391
-0.984633 -1.03482
-1.44521 -0.961698
-1.61872 -0.961698
-1.89948 -1.03482
-2.15185 -1.04391
-2.37583 -0.967018
-2.59982 -0.947112
-2.78279 -1.03294
-2.9279 -1.06824
-3.06986 -0.963924
-3.1992 -0.901482
-3.30646 -1.04963
-3.37271 -1.17964
-3.42949 -0.84735
-3.50836 -3.53336e-13
-3.56199 0.84735
-3.51151 1.17964
-3.26229 1.04963
-2.87743 0.901482
-2.44839 0.963924
-2.03198 1.06824
-1.6408 1.03294
-1.26224 0.947112
-0.877375 0.967018
-0.530362 1.04391
-0.192815 1.03482
0.100568 0.961698
0.406569 0.961698
0.66525 1.03482
0.911314 1.04391
1.13214 0.967018
1.33088 0.947112
1.51701 1.03294
1.66212 1.06824
1.80723 0.963924
1.93658 0.901482
2.04383 1.04963
2.1227 1.17964
2.1921 0.84735
2.27412 5.07744e-13
2.33091 -0.84735
2.29305 -1.17964
2.05014 -1.04963
1.66843 -0.901482
1.23309 -0.963924
0.845066 -1.06824
0.457044 -1.03294
0.0847953 -0.947112
-0.281145 -0.967018
-0.612384 -1.04391
-0.912076 -1.03482
-1.2023 -0.961698
-1.47676 -0.961698
-1.72913 -1.03482
-1.94996 -1.04391
-2.15816 -0.967018
-2.34113 -0.947112
-2.49571 -1.03294
-2.63136 -1.06824
-2.75755 -0.963924
-2.87112 -0.901482
-2.96576 -1.04963
-3.032 -1.17964
-3.08248 -0.84735
-3.14557 -6.44286e-13
-3.19289 0.84735
-3.13611 1.17964
-2.87427 1.04963
-2.48625 0.901482
-2.04775 0.963924
-1.62503 1.06824
-1.24331 1.03294
-0.848983 0.947112
-0.470424 0.967018
-0.120258 1.04391
0.201517 1.03482
0.513828 0.961698
0.804056 0.961698
1.05643 1.03482
1.30565 1.04391
1.52963 0.967018
1.70629 0.947112
1.89872 1.03294
2.06276 1.06824
2.20472 0.963924
2.33406 0.901482
2.44448 1.04963
2.51703 1.17964
2.5959 0.84735
2.67792 7.90552e-13
2.73786 -0.84735
2.68738 -1.17964
2.46025 -1.04963
2.06907 -0.901482
1.64319 -0.963924
1.2394 -1.06824
0.863995 -1.03294
0.4949 -0.947112
0.125806 -0.967018
-0.218052 -1.04391
-0.524052 -1.03482
-0.820589 -0.961698
-1.10135 -0.961698
-1.37265 -1.03482
-1.59664 -1.04391
-1.81115 -0.967018
-2.01305 -0.947112
-2.18971 -1.03294
-2.34113 -1.06824
-2.46732 -0.963924
-2.61559 -0.901482
-2.73547 -1.04963
-2.81118 -1.17964
-2.88689 -0.84735
-2.97522 -9.33455e-13
-3.04147 0.84735
-2.99099 1.17964
-2.76386 1.04963
-2.15501 0.901482
-1.88371 0.963924
-1.53985 1.06824
-1.16129 1.03294
-0.798509 0.947112
-0.442033 0.967018
-0.126568 1.04391
0.179435 1.03482
0.466508 0.961698
0.740963 0.961698
0.987025 1.03482
1.20785 1.04391
1.38136 0.967018
1.58326 0.947112
1.75045 1.03294
1.88295 1.06824
1.99967 0.963924
2.11324 0.901482
2.21103 1.04963
2.28043 1.17964
2.33091 0.84735
2.40031 1.08827e-12
2.45394 -0.84735
2.39085 -1.17964
2.14794 -1.04963
1.7473 -0.901482
1.31511 -0.963924
0.911314 -1.06824
0.529602 -1.03294
0.154197 -0.947112
-0.227516 -0.967018
-0.561909 -1.04391
-0.861601 -1.03482
-1.14237 -0.961698
-1.40736 -0.961698
-1.65342 -1.03482
-1.86794 -1.04391
-2.06983 -0.967018
-2.26227 -0.947112
-2.41054 -1.03294
-2.53988 -1.06824
-2.66291 -0.963924
-2.8238 -0.901482
-2.89004 -1.04963
-2.95945 -1.17964
-3.00677 -0.84735
-3.0667 -1.23775e-12
-3.11403 0.84735
-3.05724 1.17964
-2.80171 1.04963
-2.41054 0.901482
-1.9815 0.963924
-1.56509 1.06824
-1.17707 1.03294
-0.795353 0.947112
-0.410486 0.967018
-0.0760922 1.04391
0.248837 1.03482
0.557994 0.961698
0.848222 0.961698
1.11006 1.03482
1.34035 1.04391
1.55802 0.967018
1.75045 0.947112
1.93027 1.03294
2.06907 1.06824
2.20157 0.963924
2.33406 0.901482
2.44132 1.04963
2.52019 1.17964
2.58328 0.84735
2.66215 9.3313e-13
2.73155 -0.84735
2.67792 -1.17964
2.43817 -1.04963
2.05014 -0.901482
1.61165 -0.963924
1.20785 -1.06824
0.829294 -1.03294
0.450735 -0.947112
0.0847953 -0.967018
-0.259062 -1.04391
-0.571372 -1.03482
-0.864755 -0.961698
-1.15498 -0.961698
-1.40736 -1.03482
-1.63449 -1.04391
-1.84585 -0.967018
-2.05406 -0.947112
-2.2181 -1.03294
-2.36637 -1.06824
-2.50202 -0.963924
-2.63136 -0.901482
-2.73547 -1.04963
-2.82064 -1.17964
-2.88373 -0.84735
-2.96576 -2.67417e-13
-3.032 0.84735
-2.98784 1.17964
-2.75439 1.04963
-2.38845 0.901482
-1.96258 0.963924
-1.55562 1.06824
-1.18022 1.03294
-0.820591 0.947112
-0.460959 0.967018
-0.132876 1.04391
0.173126 1.03482
0.4602 0.961698
0.753583 0.961698
0.999645 1.03482
1.22994 1.04391
1.42868 0.967018
1.62111 0.947112
1.78831 1.03294
1.93027 1.06824
2.06907 0.963924
2.19526 0.901482
2.30252 1.04963
2.37823 1.17964
2.43501 0.84735
2.51703 -4.34516e-13
2.57697 -0.84735
2.52019 -1.17964
2.27412 -1.04963
1.8861 -0.901482
1.45391 -0.963924
1.04696 -1.06824
0.671561 -1.03294
0.308776 -0.947112
-0.0634734 -0.967018
-0.394711 -1.04391
-0.694403 -1.03482
-0.984632 -0.961698
-1.25909 -0.961698
-1.5083 -1.03482
-1.72598 -1.04391
-1.93419 -0.967018
-2.12031 -0.947112
-2.2812 -1.03294
-2.41685 -1.06824
-2.55565 -0.963924
-2.68815 -0.901482
-2.7891 -1.04963
-2.84904 -1.17964
-2.91844 -0.84735
-2.98784 1.11295e-12
-3.04778 0.84735
-2.99415 1.17964
-2.75439 1.04963
-2.37268 0.901482
-1.94996 0.963924
-1.54301 1.06824
-1.17076 1.03294
-0.7922 0.947112
-0.429414 0.967018
-0.0824015 1.04391
0.233063 1.03482
0.523291 0.961698
0.816674 0.961698
1.06589 1.03482
1.30249 1.04391
1.50439 0.967018
1.70629 0.947112
1.87664 1.03294
2.0186 1.06824
2.15425 0.963924
2.28359 0.901482
2.39716 1.04963
2.47602 1.17964
2.54542 0.84735
2.62429 -1.79349e-12
2.68107 -0.84735
2.6306 -1.17964
2.39085 -1.04963
2.00282 -0.901482
1.57695 -0.963924
1.1763 -1.06824
0.816675 -1.03294
0.447581 -0.947112
0.0942605 -0.967018
-0.252752 -1.04391
-0.546136 -1.03482
-0.839519 -0.961698
-1.11082 -0.961698
-1.35057 -1.03482
-1.57455 -1.04391
-1.7796 -0.967018
-1.96888 -0.947112
-2.13293 -1.03294
-2.26227 -1.06824
-2.39161 -0.963924
-2.51148 -0.901482
-2.61559 -1.04963
-2.67868 -1.17964
-2.74178 -0.84735
-2.81749 2.49542e-12
