data = [-0.151804 0.878479
-0.14865 1.18124
-0.0855562 1.01794
0.0974129 0.898199
0.318239 0.996777
0.507518 1.07341
0.696797 0.998197
0.86715 0.939715
1.04697 1.00456
1.19839 1.05407
1.31511 0.9932
1.42868 0.947907
1.53594 1.00928
1.62111 1.05365
1.6842 0.987298
1.7473 0.940649
1.78831 1.01833
1.80724 1.07169
1.81986 0.970441
1.82301 0.901482
1.83563 1.0603
1.81355 1.17304
1.782 0.745528
1.76307 -0.191039
1.72522 -0.988041
1.54855 -1.17114
1.18262 -0.978496
0.703108 -0.904356
0.210982 -1.0218
-0.233824 -1.06846
-0.666011 -0.978963
-1.08243 -0.944233
-1.47991 -1.02107
-1.84585 -1.0496
-2.1834 -0.977834
-2.49256 -0.952644
-2.77648 -1.02463
-3.01623 -1.04831
-3.24652 -0.97083
-3.45788 -0.947112
-3.64085 -1.03756
-3.79228 -1.0631
-3.92162 -0.945142
-4.05096 -0.914775
-4.16137 -1.1019
-4.23077 -1.14338
-4.29387 -0.591848
-4.37273 0.376374
-4.38535 1.07274
-4.2497 1.14656
-3.92793 0.944986
-3.50205 0.918663
-3.05409 1.0434
-2.64398 1.05759
-2.23072 0.962288
-1.83008 0.953654
-1.44206 1.03538
-1.07927 1.04069
-0.741725 0.964549
-0.401022 0.961698
-0.0824015 1.03786
0.217291 1.03846
0.491745 0.95667
0.7662 0.958688
1.0028 1.05408
1.22363 1.04806
1.43499 0.923306
1.64004 0.937817
1.82301 1.13864
1.97759 1.08997
2.12901 0.421173
2.29936 -0.550606
2.38769 -1.13232
2.32775 -1.11171
2.06276 -0.919651
1.72521 -0.939265
1.38767 -1.05992
1.08167 -1.04201
0.788283 -0.949553
0.488592 -0.967018
0.220447 -1.04625
-0.0224626 -1.02818
-0.246442 -0.954527
-0.46727 -0.974267
-0.659704 -1.04776
-0.83321 -1.02491
-1.00041 -0.94616
-1.15183 -0.974494
-1.28748 -1.06626
-1.39158 -1.02759
-1.49569 -0.907233
-1.59664 -0.96946
-1.65973 -1.16619
-1.70705 -1.01158
-1.75752 -0.238126
-1.82377 0.708923
-1.82377 1.16774
-1.62818 1.07093
-1.27802 0.903862
-0.864756 0.963924
-0.473577 1.07018
-0.104484 1.02329
0.267766 0.941754
0.611622 0.983046
0.920778 1.05277
1.27094 1.01324
1.46653 0.948656
1.70313 0.989236
1.9208 1.0534
2.10062 1.00882
2.27728 0.940347
2.4287 0.993236
2.54543 1.07278
2.63375 1.00324
2.73155 0.898892
2.81357 1.00768
2.85773 1.18029
2.88297 0.908141
2.91767 0.0479849
2.92083 -0.84735
2.91452 -1.18104
2.78518 -1.02839
2.37823 -0.898099
1.91449 -0.990228
1.46653 -1.07362
1.02173 -1.00322
0.592694 -0.939426
0.173125 -1.00026
-0.221206 -1.05443
-0.583991 -0.997209
-0.934158 -0.947456
-1.27802 -1.00527
-1.57771 -1.05423
-1.83639 -0.9916
-2.18025 -0.939892
-2.34113 -1.01331
-2.54303 -1.07277
-2.70707 -0.977023
-2.88689 -0.899732
-3.03516 -1.04963
-3.15504 -1.17699
-3.25283 -0.780832
-3.3664 0.143594
-3.45473 0.962945
-3.39479 1.17518
-3.14873 0.987907
-2.77963 0.901991
-2.37583 1.01579
-1.99097 1.07029
-1.63134 0.983592
-1.24962 0.942615
-0.908922 1.0171
-0.574528 1.05116
-0.2843 0.981531
0.00908303 0.951031
0.283538 1.02094
0.523291 1.0501
0.740963 0.974788
0.961788 0.944992
1.15107 1.03294
1.3088 1.06588
1.44761 0.951236
1.5801 0.910513
1.69998 1.09179
1.782 1.15295
1.86402 0.632024
1.9555 -0.330879
1.99967 -1.05393
1.88926 -1.15384
1.59587 -0.95267
1.19523 -0.914416
0.788282 -1.03842
0.409724 -1.0608
0.0500938 -0.966135
-0.306383 -0.950885
-0.631311 -1.03208
-0.940467 -1.04329
-1.2307 -0.967606
-1.50831 -0.959067
-1.75121 -1.03482
-1.96573 -1.04131
-2.17078 -0.959917
-2.36006 -0.955356
-2.53357 -1.05029
-2.66922 -1.05238
-2.78594 -0.92831
-2.90582 -0.93119
-3.00677 -1.13015
-3.06355 -1.10564
-3.12349 -0.465196
-3.20236 0.508365
-3.21813 1.11975
-3.05093 1.12115
-2.726 0.925128
-2.31274 0.933642
-1.89317 1.05634
-1.51146 1.04626
-1.12028 0.952306
-0.741725 0.963373
-0.394712 1.04391
-0.0571652 1.03159
0.261455 0.956673
0.551683 0.970852
0.826138 1.04565
1.06589 1.02858
1.28672 0.948382
1.50754 0.970211
1.6842 1.0637
1.84194 1.03314
1.98705 0.910595
2.13216 0.960839
2.24258 1.1604
2.32775 1.03354
2.42239 0.284768
2.51388 -0.671069
2.53281 -1.16106
2.36561 -1.08145
2.02491 -0.906873
1.61165 -0.95751
1.21101 -1.06824
0.863995 -1.02817
0.498055 -0.943204
0.147889 -0.978868
-0.173887 -1.05158
-0.479889 -1.01713
-0.776426 -0.9497
-1.04142 -0.985339
-1.29379 -1.05243
-1.51146 -1.01301
-1.72282 -0.941317
-1.92157 -0.988359
-2.08876 -1.07174
-2.22126 -1.00959
-2.35691 -0.900163
-2.49256 -0.99765
-2.58404 -1.17825
-2.65029 -0.936305
-2.74493 -0.0958796
-2.82064 0.814788
-2.80802 1.17964
-2.59351 1.03897
-2.24334 0.898607
-1.83323 0.983631
-1.45152 1.07341
-1.09189 1.00826
-0.735414 0.939485
-0.404176 0.995928
-0.0760933 1.05449
0.21729 1.00124
0.498055 0.947305
0.756736 1.00124
0.99018 1.05449
1.2741 0.995928
1.40028 0.939485
1.56117 1.00826
1.7126 1.07341
1.82616 0.983631
1.94289 0.898607
2.05014 1.03897
2.12901 1.17964
2.17633 0.814788
2.25835 -0.0958796
2.31829 -0.936305
2.24889 -1.17825
2.00282 -0.99765
1.59587 -0.900163
1.16053 -1.00959
0.77251 -1.07174
0.387642 -0.988359
0.0153924 -0.941317
-0.347392 -1.01301
-0.681786 -1.05243
-0.981479 -0.985339
-1.27486 -0.9497
-1.5367 -1.01713
-1.77014 -1.05158
-1.99412 -0.978868
-2.20864 -0.943204
-2.38845 -1.02817
-2.54619 -1.06824
-2.67868 -0.95751
-2.81118 -0.906873
-2.9279 -1.08145
-2.98468 -1.16106
-3.04778 -0.671069
-3.10772 0.284768
-3.16765 1.03354
-3.04462 1.1604
-2.75755 0.960839
-2.35691 0.910595
-1.93734 1.03314
-1.41367 1.0637
-1.18653 0.970211
-0.814282 0.948382
-0.460961 1.02858
-0.129721 1.04565
0.192054 0.970852
0.491745 0.956673
0.763046 1.03159
1.00911 1.04391
1.2394 0.963373
1.44761 0.952306
1.63058 1.04626
1.79462 1.05634
1.93342 0.933642
2.07854 0.925128
2.18895 1.12115
2.27412 1.11975
2.3593 0.508365
2.45078 -0.465196
2.48864 -1.10564
2.37507 -1.13015
2.06276 -0.93119
1.65266 -0.92831
1.24886 -1.05238
0.879769 -1.05029
0.513828 -0.955356
0.151042 -0.959917
-0.180197 -1.04131
-0.483043 -1.03482
-0.773272 -0.959067
-1.05404 -0.967606
-1.32534 -1.04329
-1.54616 -1.03208
-1.7449 -0.950885
-1.92787 -0.966135
-2.114 -1.0608
-2.2465 -1.03842
-2.37268 -0.914416
-2.50518 -0.95267
-2.61559 -1.15384
-2.68184 -1.05393
-2.75755 -0.330879
-2.84903 0.632024
-2.85219 1.15295
-2.68184 1.09179
-2.3506 0.910513
-1.93418 0.951236
-1.5367 1.06588
-1.1676 1.03294
-0.804817 0.944992
-0.454651 0.974788
-0.14234 1.0501
0.166816 1.02094
0.45389 0.951031
0.728345 0.981531
0.977562 1.05116
1.18892 1.0171
1.39713 0.942615
1.58326 0.983592
1.73783 1.07029
1.87979 1.01579
1.99651 0.901991
2.12586 0.987907
2.2205 1.17518
2.28359 0.962945
2.36245 0.143594
2.4287 -0.780832
2.41293 -1.17699
2.18579 -1.04963
1.80724 -0.899732
1.36874 -0.977023
0.964944 -1.07277
0.599005 -1.01331
0.233063 -0.939892
-0.129722 -0.9916
-0.451497 -1.05423
-0.751189 -1.00527
-1.05088 -0.947456
-1.32534 -0.997209
-1.56824 -1.05443
-1.77961 -1.00026
-1.98781 -0.939426
-2.18025 -1.00322
-2.33798 -1.07362
-2.47994 -0.990228
-2.60612 -0.898099
-2.71654 -1.02839
-2.79225 -1.18104
-2.84903 -0.84735
-2.93106 0.0479849
-3.00046 0.908141
-2.94998 1.18029
-2.70392 1.00768
-2.3159 0.898892
-1.89948 1.00324
-1.50515 1.07278
-1.13605 0.993236
-0.776425 0.940347
-0.416794 1.00882
-0.0950202 1.0534
0.207827 0.989236
0.507519 0.948656
0.769354 1.01324
1.01542 1.05277
1.22993 0.983046
1.43814 0.941754
1.61796 1.02329
1.77569 1.07018
1.90819 0.963924
2.03122 0.903862
2.14163 1.07093
2.22365 1.16774
2.28359 0.708923
2.37823 -0.238126
2.42239 -1.01158
2.34668 -1.16619
2.07538 -0.96946
1.68105 -0.907233
1.25517 -1.02759
0.879769 -1.06626
0.498056 -0.974494
0.132114 -0.94616
-0.214897 -1.02491
-0.533517 -1.04776
-0.830055 -0.974267
-1.11397 -0.954527
-1.36635 -1.02818
-1.59348 -1.04625
-1.79853 -0.967018
-1.99097 -0.949553
-2.16132 -1.04201
-2.29066 -1.05992
-2.42315 -0.939265
-2.54934 -0.919651
-2.65345 -1.11171
-2.72285 -1.13232
-2.78279 -0.550606
-2.87112 0.421173
-2.89951 1.08997
-2.7544 1.13864
-2.44524 0.937817
-2.04144 0.923306
-1.63134 1.04806
-1.24331 1.05408
-0.86791 0.958688
-0.498816 0.95667
-0.151803 1.03846
0.173126 1.03786
0.485436 0.961698
0.778819 0.964549
1.01542 1.04069
1.24571 1.03538
1.48231 0.953654
1.69367 0.962288
1.85456 1.05759
1.99336 1.0434
2.11324 0.918663
2.2552 0.944986
2.34353 1.14656
2.41608 1.07274
2.48864 0.376374
2.58013 -0.591848
2.60536 -1.14338
