data = [-0.139186 0.988041
-0.139186 1.14656
-0.0760922 0.919651
0.138424 0.963924
0.340322 1.07362
0.532755 0.983592
0.731499 0.950885
0.90816 1.04391
1.06589 1.01713
1.21416 0.947305
1.35297 1.01713
1.46969 1.04391
1.56433 0.950885
1.64635 0.983592
1.71891 1.07362
1.77253 0.963924
1.81354 0.919651
1.84509 1.14656
1.84194 0.988041
1.84509 -3.35111e-15
1.8514 -0.988041
1.76623 -1.14656
1.46653 -0.919651
1.02488 -0.963924
0.561148 -1.07362
0.12896 -0.983592
-0.300073 -0.950885
-0.707023 -1.04391
-1.06981 -1.01713
-1.41682 -0.947305
-1.74806 -1.01713
-2.04144 -1.04391
-2.3159 -0.950885
-2.57773 -0.983592
-2.80487 -1.07362
-3.00361 -0.963924
-3.19289 -0.919651
-3.35062 -1.14656
-3.47366 -0.988041
-3.59038 -3.25252e-14
-3.71026 0.988041
-3.72287 1.14656
-3.52098 0.919651
-3.17081 0.963924
-2.80487 1.07362
-2.45786 0.983592
-2.09823 0.950885
-1.75437 1.04391
-1.42628 1.01713
-1.12344 0.947305
-0.811127 1.01713
-0.536672 1.04391
-0.290608 0.950885
-0.028772 0.983592
0.207827 1.07362
0.416034 0.963924
0.611622 0.919651
0.794592 1.14656
0.95548 0.988041
1.11321 -2.76186e-14
1.27095 -0.988041
1.31826 -1.14656
1.1763 -0.919651
0.870303 -0.963924
0.561148 -1.07362
0.261456 -0.983592
-0.0193079 -0.950885
-0.296919 -1.04391
-0.542981 -1.01713
-0.782736 -0.947305
-0.997252 -1.01713
-1.18022 -1.04391
-1.3348 -0.950885
-1.48938 -0.983592
-1.62818 -1.07362
-1.72598 -0.963924
-1.83008 -0.919651
-1.91841 -1.14656
-1.96258 -0.988041
-2.01305 7.78927e-14
-2.07614 0.988041
-2.04775 1.14656
-1.78276 0.919651
-1.39158 0.963924
-0.994097 1.07362
-0.60292 0.983592
-0.214898 0.950885
0.160506 1.04391
0.498055 1.01713
0.81983 0.947305
1.12583 1.01713
1.39713 1.04391
1.63689 0.950885
1.87348 0.983592
2.07538 1.07362
2.27413 0.963924
2.40978 0.919651
2.55173 1.14656
2.6653 0.988041
2.77887 6.69429e-14
2.88928 -0.988041
2.88297 -1.14656
2.68738 -0.919651
2.32775 -0.963924
1.94289 -1.07362
1.46969 -0.983592
1.20785 -0.950885
0.832447 -1.04391
0.513827 -1.01713
0.198363 -0.947305
-0.117103 -1.01713
-0.394714 -1.04391
-0.653395 -0.950885
-0.893148 -0.983592
-1.12344 -1.07362
-1.3348 -0.963924
-1.52092 -0.919651
-1.70389 -1.14656
-1.85532 -0.988041
-2.07299 -2.12784e-13
-2.17078 0.988041
-2.27804 1.14656
-2.16763 0.919651
-1.86163 0.963924
-1.55563 1.07362
-1.21177 0.983592
-0.886838 0.950885
-0.558756 1.04391
-0.27799 1.01713
-0.00668922 0.947305
0.248837 1.01713
0.482281 1.04391
0.690489 0.950885
0.895541 0.983592
1.15738 1.07362
1.25202 0.963924
1.36243 0.919651
1.51385 1.14656
1.6148 0.988041
1.7189 3.62668e-13
1.81985 -0.988041
1.82301 -1.14656
1.60849 -0.919651
1.2394 -0.963924
0.86715 -1.07362
0.513828 -0.983592
0.169972 -0.950885
-0.173886 -1.04391
-0.470424 -1.01713
-0.760652 -0.947305
-1.06034 -1.01713
-1.3001 -1.04391
-1.52408 -0.950885
-1.75121 -0.983592
-1.93734 -1.07362
-2.09823 -0.963924
-2.26227 -0.919651
-2.41054 -1.14656
-2.5241 -0.988041
-2.64083 -5.13055e-13
-2.7607 0.988041
-2.76701 1.14656
-2.55881 0.919651
-2.2181 0.963924
-1.85847 1.07362
-1.51146 0.983592
-1.16445 0.950885
-0.820591 1.04391
-0.517744 1.01713
-0.214897 0.947305
0.0753313 1.01713
0.321394 1.04391
0.557994 0.950885
0.778819 0.983592
0.980717 1.07362
1.16369 0.963924
1.32457 0.919651
1.46969 1.14656
1.58641 0.988041
1.70313 6.5636e-13
1.81985 -0.988041
1.82301 -1.14656
1.63058 -0.919651
1.28672 -0.963924
0.920778 -1.07362
0.564302 -0.983592
0.214136 -0.950885
-0.110794 -1.04391
-0.41995 -1.01713
-0.722797 -0.947305
-0.997252 -1.01713
-1.25278 -1.04391
-1.47045 -0.950885
-1.69443 -0.983592
-1.89317 -1.07362
-2.06352 -0.963924
-2.23072 -0.919651
-2.36953 -1.14656
-2.47678 -0.988041
-2.59351 -7.97097e-13
-2.71969 0.988041
-2.73231 1.14656
-2.5241 0.919651
-2.18971 0.963924
-1.81746 1.07362
-1.46414 0.983592
-1.11713 0.950885
-0.776425 1.04391
-0.451495 1.01713
-0.154959 0.947305
0.141578 1.01713
0.384486 1.04391
0.630549 0.950885
0.870303 0.983592
1.08482 1.07362
1.27094 0.963924
1.42237 0.919651
1.58325 1.14656
1.69051 0.988041
1.81985 9.5175e-13
1.94604 -0.988041
1.95235 -1.14656
1.75676 -0.919651
1.4129 -0.963924
1.04696 -1.07362
0.706262 -0.983592
0.349786 -0.950885
0.0153924 -1.04391
-0.281145 -1.01713
-0.574528 -0.947305
-0.852137 -1.01713
-1.0982 -1.04391
-1.32849 -0.950885
-1.55563 -0.983592
-1.7449 -1.07362
-1.92472 -0.963924
-2.09192 -0.919651
-2.24965 -1.14656
-2.35691 -0.988041
-2.47994 -1.09546e-12
-2.59982 0.988041
-2.62505 1.14656
-2.42315 0.919651
-2.09192 0.963924
-1.7386 1.07362
-1.39158 0.983592
-1.05404 0.950885
-0.725951 1.04391
-0.419949 1.01713
-0.123411 0.947305
0.154198 1.01713
0.409725 1.04391
0.712572 0.950885
0.876613 0.983592
1.08167 1.07362
1.25202 0.963924
1.40975 0.919651
1.55802 1.14656
1.66528 0.988041
1.76938 1.24494e-12
1.89556 -0.988041
1.89872 -1.14656
1.71575 -0.919651
1.37189 -0.963924
0.990181 -1.07362
0.63055 -0.983592
0.296156 -0.950885
-0.038236 -1.04391
-0.344238 -1.01713
-0.659703 -0.947305
-0.940467 -1.01713
-1.2023 -1.04391
-1.43259 -0.950885
-1.64711 -0.983592
-1.84585 -1.07362
-2.02567 -0.963924
-2.1834 -0.919651
-2.33798 -1.14656
-2.44524 -0.988041
-2.56196 -1.3902e-12
-2.66922 0.988041
-2.68499 1.14656
-2.47679 0.919651
-2.13608 0.963924
-1.76699 1.07362
-1.41682 0.983592
-1.06035 0.950885
-0.707023 1.04391
-0.397867 1.01713
-0.10133 0.947305
0.192054 1.01713
0.441272 1.04391
0.794594 0.950885
0.91447 0.983592
1.11637 1.07362
1.31196 0.963924
1.47284 0.919651
1.63688 1.14656
1.75361 0.988041
1.87979 1.54114e-12
2.00282 -0.988041
2.01544 -1.14656
1.81039 -0.919651
1.46338 -0.963924
1.09744 -1.07362
0.753582 -0.983592
0.409724 -0.950885
0.0721754 -1.04391
-0.23067 -1.01713
-0.524053 -0.947305
-0.801663 -1.01713
-1.04457 -1.04391
-1.2654 -0.950885
-1.48622 -0.983592
-1.68181 -1.07362
-1.85216 -0.963924
-2.00674 -0.919651
-2.15501 -1.14656
-2.26542 -0.988041
-2.37899 -1.35027e-12
-2.48625 0.988041
-2.49887 1.14656
-2.29066 0.919651
-1.94365 0.963924
-1.59348 1.07362
-1.23385 0.983592
-0.896302 0.950885
-0.558753 1.04391
-0.249598 1.01713
0.0469392 0.947305
0.327702 1.01713
0.580075 1.04391
0.810364 0.950885
1.03119 0.983592
1.23309 1.07362
1.40659 0.963924
1.56748 0.919651
1.71575 1.14656
1.81355 0.988041
1.92396 6.604e-13
2.04383 -0.988041
2.02806 -1.14656
1.84825 -0.919651
1.50439 -0.963924
1.13214 -1.07362
0.775664 -0.983592
0.419189 -0.950885
0.0847942 -1.04391
-0.230671 -1.01713
-0.533518 -0.947305
-0.817437 -1.01713
-1.06981 -1.04391
-1.30956 -0.950885
-1.53039 -0.983592
-1.72913 -1.07362
-1.89633 -0.963924
-2.07299 -0.919651
-2.21495 -1.14656
-2.33167 -0.988041
-2.44839 3.11934e-14
-2.56827 0.988041
-2.58404 1.14656
-2.36953 0.919651
-2.03198 0.963924
-1.66604 1.07362
-1.31903 0.983592
-0.975169 0.950885
-0.631311 1.04391
-0.322156 1.01713
-0.0287731 0.947305
0.255146 1.01713
0.507518 1.04391
0.744117 0.950885
0.968097 0.983592
1.16369 1.07362
1.34035 0.963924
1.50439 0.919651
1.65897 1.14656
1.77253 0.988041
1.8861 -7.02476e-13
2.00282 -0.988041
2.00913 -1.14656
1.80093 -0.919651
1.45076 -0.963924
1.08167 -1.07362
0.734654 -0.983592
0.381332 -0.950885
0.0469392 -1.04391
-0.262217 -1.01713
-0.5556 -0.947305
-0.830055 -1.01713
-1.08874 -1.04391
-1.31587 -0.950885
-1.53985 -0.983592
-1.74175 -1.07362
-1.91841 -0.963924
-2.07299 -0.919651
-2.22441 -1.14656
-2.33798 -0.988041
-2.44839 1.39407e-12
-2.57142 0.988041
-2.58404 1.14656
-2.38845 0.919651
-2.05091 0.963924
-1.67866 1.07362
-1.3348 0.983592
-0.984633 0.950885
-0.640776 1.04391
-0.33162 1.01713
-0.0319278 0.947305
0.261455 1.01713
0.513827 1.04391
0.756736 0.950885
0.987027 0.983592
1.17631 1.07362
1.36558 0.963924
1.52332 0.919651
1.68105 1.14656
1.78831 0.988041
1.91134 -2.08566e-12
2.02806 -0.988041
2.02806 -1.14656
1.84825 -0.919651
1.49808 -0.963924
1.13845 -1.07362
0.791439 -0.983592
0.438117 -0.950885
0.103722 -1.04391
-0.199125 -1.01713
-0.483043 -0.947305
-0.770117 -1.01713
-1.00987 -1.04391
-1.24016 -0.950885
-1.4673 -0.983592
-1.66288 -1.07362
-1.83008 -0.963924
-1.99412 -0.919651
-2.13293 -1.14656
-2.24965 -0.988041
-2.35691 2.76237e-12
-2.46732 0.988041
-2.48625 1.14656
