data = [-0.136031 0.922412
-0.132876 1.17518
-0.0887109 0.973929
0.125805 0.910595
0.337167 1.04095
0.5296 1.05408
0.722035 0.953794
0.90185 0.967018
1.06905 1.04924
1.20785 1.01713
1.3435 0.948245
1.45391 0.997209
1.55171 1.0544
1.62742 0.987298
1.70944 0.942436
1.75676 1.03294
1.78831 1.06156
1.80408 0.933642
1.82301 0.934434
1.82616 1.14656
1.80093 1.04393
1.79777 0.238126
1.79146 -0.763346
1.7126 -1.17964
1.43183 -1.02315
0.990181 -0.898892
0.504365 -1.01271
0.0500938 -1.06846
-0.388403 -0.972328
-0.814281 -0.950885
-1.20861 -1.03695
-1.56509 -1.03482
-1.90579 -0.955568
-2.22126 -0.977834
-2.51149 -1.05183
-2.76701 -1.00882
-3.00992 -0.939528
-3.22759 -1.00826
-3.41372 -1.07228
-3.5746 -0.963924
-3.73234 -0.908615
-3.86799 -1.1019
-3.95316 -1.12623
-4.03834 -0.465196
-4.13298 0.571356
-4.16768 1.15295
-4.02572 1.0762
-3.70395 0.901482
-3.297 0.980326
-2.90582 1.07362
-2.50518 0.995708
-2.12031 0.941317
-1.7449 1.0191
-1.38843 1.04776
-1.03511 0.969207
-0.732261 0.961698
-0.423105 1.04202
-0.139186 1.02858
0.135269 0.945159
0.390797 0.983592
0.636859 1.07231
0.841911 0.996777
1.05012 0.898276
1.24571 1.04963
1.4129 1.17056
1.57379 0.671069
1.74099 -0.353709
1.87348 -1.08997
1.87033 -1.12571
1.65581 -0.919651
1.34035 -0.948164
1.01542 -1.06824
0.71888 -1.02082
0.422343 -0.939892
0.141578 -0.998093
-0.0950202 -1.05407
-0.328464 -0.987278
-0.555599 -0.951031
-0.744878 -1.02642
-0.92785 -1.04391
-1.09505 -0.958266
-1.24331 -0.962288
-1.37896 -1.06229
-1.47676 -1.02759
-1.58086 -0.903108
-1.6755 -0.99765
-1.72598 -1.1809
-1.77645 -0.84735
-1.83008 0.119765
-1.88055 0.988041
-1.80169 1.1634
-1.5367 0.95267
-1.14867 0.920937
-0.735415 1.05238
-0.344238 1.04416
0.0248564 0.947112
0.393953 0.976814
0.722036 1.05277
1.02488 1.00728
1.32457 0.947305
1.58326 1.00728
1.82616 1.05277
2.04699 0.976814
2.24573 0.947112
2.40662 1.04416
2.60221 1.05238
2.6653 0.920937
2.75679 0.95267
2.84827 1.1634
2.91136 0.988041
2.9713 0.119765
3.03124 -0.84735
2.98392 -1.1809
2.74417 -0.99765
2.34984 -0.903108
1.90188 -1.02759
1.49493 -1.06229
1.09744 -0.962288
0.674716 -0.958266
0.179436 -1.04391
-0.0477 -1.02642
-0.372629 -0.951031
-0.710177 -0.987278
-1.00356 -1.05407
-1.28433 -0.998093
-1.54616 -0.939892
-1.78591 -1.02082
-1.99728 -1.06824
-2.19287 -0.948164
-2.38215 -0.919651
-2.55565 -1.12571
-2.68499 -1.08997
-2.81749 -0.353709
-2.95629 0.671069
-2.9973 1.17056
-2.87743 1.04963
-2.60613 0.898276
-2.23388 0.996777
-1.8774 1.07231
-1.53985 0.983592
-1.18968 0.945159
-0.855291 1.02858
-0.558753 1.04202
-0.27168 0.961698
0.00908418 0.969207
0.264611 1.04776
0.491745 1.0191
0.722036 0.941317
0.933397 0.995708
1.11637 1.07362
1.2741 0.980326
1.41921 0.901482
1.56748 1.0762
1.66843 1.15295
1.76938 0.571356
1.87033 -0.465196
1.92396 -1.12623
1.81354 -1.1019
1.51385 -0.908615
1.11321 -0.963924
0.725189 -1.07228
0.35925 -1.00826
0.00277481 -0.939528
-0.344238 -1.00882
-0.666013 -1.05183
-0.965703 -0.977834
-1.24962 -0.955568
-1.50831 -1.03482
-1.73859 -1.03695
-1.96258 -0.950885
-2.16447 -0.972328
-2.34113 -1.06846
-2.4894 -1.01271
-2.63136 -0.898892
-2.76701 -1.02315
-2.8585 -1.17964
-2.9279 -0.763346
-3.02885 0.238126
-3.09194 1.04393
-3.01623 1.14656
-2.73862 0.934434
-2.36006 0.933642
-1.96258 1.06156
-1.58717 1.03294
-1.22123 0.942436
-0.861601 0.987298
-0.527209 1.0544
-0.214898 0.997209
0.0847942 0.948245
0.362404 1.01713
0.611622 1.04924
0.848222 0.967018
1.06274 0.953794
1.26464 1.05408
1.43183 1.04095
1.58641 0.910595
1.74099 0.973929
1.85771 1.17518
1.94604 0.922412
2.05014 7.14237e-13
2.14163 -0.922412
2.11639 -1.17518
1.89557 -0.973929
1.52963 -0.910595
1.13214 -1.04095
0.759891 -1.05408
0.40026 -0.953794
0.0500927 -0.967018
-0.274836 -1.04924
-0.577683 -1.01713
-0.864756 -0.948245
-1.13606 -0.997209
-1.39158 -1.0544
-1.6061 -0.987298
-1.81746 -0.942436
-1.99728 -1.03294
-2.15501 -1.06156
-2.29382 -0.933642
-2.43893 -0.934434
-2.54303 -1.14656
-2.62821 -1.04393
-2.71023 -0.238126
-2.79856 0.763346
-2.81433 1.17964
-2.62821 1.02315
-2.27804 0.898892
-1.88686 1.01271
-1.50515 1.06846
-1.1329 0.972328
-0.763808 0.950885
-0.429414 1.03695
-0.117102 1.03482
0.1889 0.955568
0.469664 0.977834
0.722036 1.05183
0.94917 1.00882
1.17315 0.939528
1.36243 1.00826
1.52963 1.07228
1.66843 0.963924
1.81355 0.908615
1.93973 1.1019
2.02491 1.12623
2.10377 0.465196
2.20788 -0.571356
2.21734 -1.15295
2.09115 -1.0762
1.75361 -0.901482
1.33719 -0.980326
0.930242 -1.07362
0.561148 -0.995708
0.185744 -0.941317
-0.167577 -1.0191
-0.486197 -1.04776
-0.807972 -0.969207
-1.0982 -0.961698
-1.37896 -1.04202
-1.61556 -1.02858
-1.83954 -0.945159
-2.05722 -0.983592
-2.24019 -1.07231
-2.39792 -0.996777
-2.53988 -0.898276
-2.68815 -1.04963
-2.78279 -1.17056
-2.86165 -0.671069
-2.9626 0.353709
-3.04462 1.08997
-2.96576 1.12571
-2.71023 0.919651
-2.32852 0.948164
-1.93103 1.06824
-1.55563 1.02082
-1.18338 0.939892
-0.823745 0.998093
-0.492506 1.05407
-0.177041 0.987278
0.128961 0.951031
0.416034 1.02642
0.665252 1.04391
0.90185 0.958266
1.12899 0.962288
1.32142 1.06229
1.49493 1.02759
1.6495 0.903108
1.80723 0.99765
1.93342 1.1809
2.03122 0.84735
2.13847 -0.119765
2.2268 -0.988041
2.19526 -1.1634
1.94604 -0.95267
1.45707 -0.920937
1.1763 -1.05238
0.781974 -1.04416
0.44758 -0.947112
0.0911046 -0.976814
-0.218053 -1.05277
-0.524054 -1.00728
-0.804818 -0.947305
-1.07296 -1.00728
-1.30956 -1.05277
-1.5367 -0.976814
-1.73544 -0.947112
-1.92157 -1.04416
-2.09192 -1.05238
-2.2181 -0.920937
-2.35375 -0.95267
-2.4547 -1.1634
-2.53672 -0.988041
-2.61559 -0.119765
-2.69761 0.84735
-2.69446 1.1809
-2.4894 0.99765
-2.13293 0.903108
-1.73544 1.02759
-1.35057 1.06229
-0.981478 0.962288
-0.599764 0.958266
-0.262217 1.04391
0.0595579 1.02642
0.368714 0.951031
0.662097 0.987278
0.920778 1.05407
1.14791 0.998093
1.36874 0.939892
1.57379 1.02082
1.74414 1.06824
1.89557 0.948164
2.04068 0.919651
2.16371 1.12571
2.25835 1.08997
2.34037 0.353709
2.43817 -0.671069
2.46025 -1.17056
2.28359 -1.04963
1.93342 -0.898276
1.52332 -0.996777
1.1353 -1.07231
0.756737 -0.983592
0.384486 -0.945159
0.0280111 -1.02858
-0.296919 -1.04202
-0.609229 -0.961698
-0.899458 -0.969207
-1.17391 -1.04776
-1.41051 -1.0191
-1.62818 -0.941317
-1.84585 -0.995708
-2.02567 -1.07362
-2.18025 -0.980326
-2.32852 -0.901482
-2.46417 -1.0762
-2.57458 -1.15295
-2.66291 -0.571356
-2.77017 0.465196
-2.82064 1.12623
-2.71023 1.1019
-2.41685 0.908615
-2.03829 0.963924
-1.63765 1.07228
-1.27486 1.00826
-0.905766 0.939528
-0.549289 1.00882
-0.227516 1.05183
0.0816407 0.977834
0.371869 0.955568
0.646324 1.03482
0.886078 1.03695
1.10059 0.950885
1.31196 0.972328
1.50123 1.06846
1.65897 1.01271
1.79777 0.898892
1.93973 1.02315
2.03753 1.17964
2.13216 0.763346
2.23311 -0.238126
2.29936 -1.04393
2.24258 -1.14656
1.98074 -0.934434
1.58326 -0.933642
1.18892 -1.06156
0.81352 -1.03294
0.444425 -0.942436
0.0911047 -0.987298
-0.243289 -1.0544
-0.5556 -0.997209
-0.852138 -0.948245
-1.12659 -1.01713
-1.36635 -1.04924
-1.59348 -0.967018
-1.81115 -0.953794
-2.00043 -1.05408
-2.16763 -1.04095
-2.30643 -0.910595
-2.44524 -0.973929
-2.56196 -1.17518
-2.64713 -0.922412
-2.74808 1.28365e-12
-2.82064 0.922412
-2.81749 1.17518
-2.58404 0.973929
-2.22126 0.910595
-1.82062 1.04095
-1.45152 1.05408
-1.08243 0.953794
-0.710178 0.967018
-0.363167 1.04924
-0.0571652 1.01713
0.2583 0.948245
0.545374 0.997209
0.794591 1.0544
1.03119 0.987298
1.26148 0.942436
1.45391 1.03294
1.63373 1.06156
1.77253 0.933642
1.91765 0.934434
2.05014 1.14656
2.14794 1.04393
2.24258 0.238126
2.34353 -0.763346
2.3593 -1.17964
2.17633 -1.02315
1.82301 -0.898892
1.42868 -1.01271
1.05327 -1.06846
0.687334 -0.972328
0.330858 -0.950885
-0.00353454 -1.03695
-0.315845 -1.03482
-0.615538 -0.955568
-0.908921 -0.977834
-1.16445 -1.05183
-1.38527 -1.00882
-1.61556 -0.939528
-1.81431 -1.00826
-1.98466 -1.07228
-2.13924 -0.963924
-2.27804 -0.908615
-2.40423 -1.1019
-2.50202 -1.12623
-2.59351 -0.465196
-2.68184 0.571356
-2.72285 1.15295
-2.56827 1.0762
-2.2528 0.901482
-1.85532 0.980326
-1.4673 1.07362
-1.0982 0.995708
