data = [0.00484667 0.169255 -0.18301 0.0627905 100
-0.033006 0.140863 -0.164082 0.125333 100
-0.506204 0.131399 -0.154617 0.187381 100
-1.08351 0.103007 -0.154617 0.24869 100
-1.76491 0.0935425 -0.173546 0.309017 100
-2.40846 0.0935425 -0.220866 0.368125 100
-3.04255 0.0462223 -0.258718 0.425779 100
-3.75234 -0.00109788 -0.296575 0.481754 100
-4.12144 -0.00109788 -0.306039 0.535827 100
-3.66717 -0.02949 -0.324967 0.587785 100
-2.8438 -0.0578752 -0.306039 0.637424 100
-2.06776 -0.0673392 -0.277647 0.684547 100
-1.40528 -0.133587 -0.23033 0.728969 100
-1.07404 -0.105195 -0.18301 0.770513 100
-0.752269 -0.105195 -0.135689 0.809017 100
-0.600845 -0.0484181 -0.0978333 0.844328 100
-0.326391 -0.0484181 -0.0599771 0.876307 100
-0.288535 0.00836615 -0.022121 0.904827 100
-0.118182 0.0651504 -0.022121 0.929776 100
0.0616309 0.0840784 0.0157352 0.951056 100
0.108951 0.197647 -0.0031929 0.968583 100
0.36448 0.207111 0.0157352 0.982287 100
0.36448 0.244967 0.0157352 0.992115 100
0.582149 0.311215 0.0157352 0.998027 100
0.686254 0.339607 0.0157352 1 100
0.714646 0.368 -0.0126569 0.998027 100
0.875531 0.377464 -0.022121 0.992115 100
0.790358 0.396392 -0.0694412 0.982287 100
0.932315 0.386928 -0.0789052 0.968583 100
0.884995 0.41532 -0.0883692 0.951057 100
0.894459 0.368 -0.107297 0.929776 100
0.941779 0.368 -0.0978333 0.904827 100
0.866071 0.358535 -0.107297 0.876307 100
0.970172 0.301751 -0.0789052 0.844328 100
0.913387 0.282823 -0.0599771 0.809017 100
0.913387 0.216575 -0.031585 0.770513 100
0.941779 0.169255 -0.0126569 0.728968 100
0.856607 0.140863 0.0157352 0.684547 100
0.913387 0.112471 0.0251992 0.637424 100
0.828214 0.0840784 0.0346633 0.587785 100
0.960707 0.112471 0.0346633 0.535827 100
1.52855 0.112471 0.0535913 0.481753 100
2.04906 0.178719 0.0914475 0.425779 100
2.56012 0.140863 0.100912 0.368125 100
2.05853 0.178719 0.11984 0.309017 100
1.52855 0.226039 0.0819834 0.24869 100
0.761966 0.263895 0.0535913 0.187382 100
-0.127646 0.330143 -0.0031929 0.125334 100
-0.742805 0.263895 -0.022121 0.0627911 100
-1.67974 0.292287 -0.0505131 6.55387e-07 100
-2.1624 0.197647 -0.0978333 -0.0627898 100
-2.60721 0.244967 -0.126225 -0.125332 100
-2.08669 0.188183 -0.173546 -0.18738 100
-1.4526 0.103007 -0.135689 -0.248689 100
-0.818518 0.0746144 -0.116761 -0.309016 100
0.156271 -0.020026 -0.0505131 -0.368123 100
0.72411 0.0462223 -0.0126569 -0.425778 100
1.61372 0.0556863 0.0157352 -0.481752 100
2.13424 0.0651504 0.0441273 -0.535825 100
2.79672 0.112471 0.100912 -0.587784 100
3.40241 0.207111 0.11984 -0.637423 100
3.78097 0.263895 0.129304 -0.684546 100
4.39613 0.320679 0.148232 -0.728967 100
4.63273 0.443712 0.148232 -0.770512 100
5.06807 0.481568 0.148232 -0.809016 100
5.32359 0.566744 0.138768 -0.844327 100
5.56966 0.680313 0.0914475 -0.876305 100
5.80626 0.661385 0.0819834 -0.904826 100
5.82518 0.670849 0.0819834 -0.929775 100
6.03339 0.718169 0.0441273 -0.951056 100
6.03339 0.746554 -0.0031929 -0.968582 100
6.06178 0.718169 -0.0599771 -0.982287 100
6.05232 0.680313 -0.0789052 -0.992114 100
5.92929 0.614065 -0.107297 -0.998027 100
5.93875 0.547816 -0.107297 -1 100
5.83465 0.55728 -0.145153 -0.998027 100
5.75894 0.481568 -0.18301 -0.992115 100
5.59805 0.368 -0.192474 -0.982288 100
5.35199 0.263895 -0.173546 -0.968584 100
5.21003 0.178719 -0.173546 -0.951058 100
4.96396 0.121935 -0.211402 -0.929778 100
4.80308 0.0462223 -0.268182 -0.904829 100
4.50969 -0.0673392 -0.287111 -0.876309 100
4.22578 -0.16198 -0.324967 -0.84433 100
3.97971 -0.25662 -0.343895 -0.80902 100
3.65794 -0.313404 -0.410143 -0.770516 100
3.44973 -0.360724 -0.485855 -0.728972 100
3.05224 -0.445901 -0.54264 -0.684551 100
2.70208 -0.521613 -0.580496 -0.637428 100
2.40869 -0.531077 -0.646744 -0.587789 100
2.05853 -0.540541 -0.731917 -0.535831 100
1.77461 -0.587861 -0.788701 -0.481758 100
1.41498 -0.559469 -0.817093 -0.425784 100
1.0932 -0.568933 -0.845485 -0.36813 100
0.809286 -0.559469 -0.864413 -0.309022 100
0.534829 -0.474293 -0.911734 -0.248695 100
0.231984 -0.455365 -0.959054 -0.187387 100
-0.108718 -0.512149 -0.930662 -0.125339 100
-0.354783 -0.483757 -0.921198 -0.0627964 100
-0.610309 -0.426973 -0.911734 -5.99211e-06 100
-1.20654 -0.474293 -0.892805 0.0627844 100
-3.51575 -0.483757 -0.902269 0.125327 100
-4.48107 -0.531077 -0.892805 0.187375 100
-5.46532 -0.531077 -0.873877 0.248684 100
-6.61993 -0.531077 -0.883341 0.309011 100
-7.86917 -0.625717 -0.892805 0.368118 100
-9.0427 -0.691962 -0.873877 0.425773 100
-10.1595 -0.824459 -0.836021 0.481748 100
-11.0869 -0.871779 -0.798165 0.535821 100
-10.8692 -0.947491 -0.769773 0.58778 100
-10.6894 -1.00428 -0.703525 0.637418 100
-10.2257 -1.04213 -0.627816 0.684542 100
-9.83768 -1.1557 -0.533176 0.728964 100
-9.89446 -1.1557 -0.523711 0.770508 100
-9.87553 -1.21248 -0.504783 0.809013 100
-10.0837 -1.23141 -0.495319 0.844324 100
-10.027 -1.1557 -0.504783 0.876303 100
-10.2257 -1.1273 -0.504783 0.904824 100
-10.1973 -1.09891 -0.523711 0.929774 100
-10.0648 -1.05159 -0.514247 0.951054 100
-10.1878 -0.966419 -0.552104 0.968581 100
-10.008 -0.928563 -0.580496 0.982286 100
-10.008 -0.871779 -0.599424 0.992114 100
-9.83768 -0.767674 -0.656208 0.998026 100
-9.59161 -0.748746 -0.694061 1 100
-9.54429 -0.71089 -0.722453 0.998027 100
-9.20359 -0.66357 -0.779237 0.992116 100
-9.01431 -0.654106 -0.798165 0.982289 100
-8.68307 -0.616253 -0.788701 0.968585 100
-8.32344 -0.606789 -0.798165 0.951059 100
-8.03006 -0.568933 -0.817093 0.92978 100
-7.48115 -0.578397 -0.807629 0.904831 100
-7.22562 -0.578397 -0.779237 0.876311 100
-6.7051 -0.606789 -0.779237 0.844333 100
-6.16566 -0.644642 -0.722453 0.809023 100
-5.80603 -0.644642 -0.722453 0.770519 100
-5.02052 -0.644642 -0.6846 0.728975 100
-4.62303 -0.578397 -0.675136 0.684554 100
-3.96055 -0.597325 -0.646744 0.637432 100
-3.34539 -0.578397 -0.599424 0.587794 100
-2.66399 -0.455365 -0.580496 0.535836 100
-1.26332 -0.455365 -0.504783 0.481763 100
-0.13711 -0.285012 -0.438535 0.425789 100
1.14052 -0.2093 -0.362823 0.368134 100
1.36766 -0.143051 -0.258718 0.309027 100
1.41498 -0.0105619 -0.18301 0.2487 100
1.42444 0.150327 -0.0694412 0.187392 100
1.23516 0.405856 0.0725194 0.125344 100
1.24463 0.727633 0.195552 0.0628017 100
0.922851 1.00208 0.223941 1.13288e-05 100
0.960707 1.16297 0.346973 -0.0627791 100
1.31087 1.35225 0.441613 -0.125322 100
2.37084 1.51313 0.545718 -0.18737 100
3.57276 1.56992 0.630894 -0.248679 100
4.68005 1.65509 0.697139 -0.309006 100
5.94821 1.68349 0.782315 -0.368113 100
6.98925 1.70241 0.839099 -0.425768 100
8.01136 1.73081 0.876956 -0.481743 100
8.95775 1.74974 0.93374 -0.535816 100
9.74326 1.81598 0.952668 -0.587775 100
10.4909 1.8633 0.962132 -0.637414 100
11.0587 1.85384 0.98106 -0.684538 100
11.5698 1.87277 1.00945 -0.72896 100
11.9484 1.92955 1.03784 -0.770505 100
12.2891 1.92009 1.05677 -0.809009 100
12.5257 1.98634 1.04731 -0.844321 100
12.7149 2.02419 1.01892 -0.8763 100
12.7244 1.96741 1.01892 -0.904821 100
12.7339 1.98634 1.02838 -0.929772 100
12.6676 2.01473 1.00945 -0.951052 100
12.5351 1.98634 0.98106 -0.96858 100
12.3932 1.93902 0.952668 -0.982285 100
12.0714 1.95794 0.924276 -0.992113 100
11.7307 1.8917 0.88642 -0.998026 100
11.4846 1.84438 0.867492 -1 100
10.9168 1.81598 0.810707 -0.998028 100
10.6139 1.70241 0.801243 -0.992117 100
10.0556 1.59831 0.791779 -0.98229 100
9.54452 1.48475 0.744459 -0.968587 100
9.19435 1.37118 0.697139 -0.951061 100
8.56027 1.23868 0.630894 -0.929782 100
8.106 1.0494 0.57411 -0.904833 100
7.5003 0.907443 0.498398 -0.876314 100
6.923 0.78441 0.422685 -0.844336 100
6.39302 0.642457 0.375365 -0.809026 100
5.77786 0.519424 0.299653 -0.770523 100
5.16271 0.424784 0.242869 -0.728979 100
4.51916 0.263895 0.195552 -0.684558 100
3.97971 0.169255 0.157696 -0.637436 100
3.39295 0.0840784 0.0914475 -0.587798 100
2.8535 -0.020026 0.0251992 -0.53584 100
2.32352 -0.133587 -0.0126569 -0.481768 100
1.71783 -0.247156 -0.0599771 -0.425794 100
1.24463 -0.360724 -0.107297 -0.368139 100
0.72411 -0.39858 -0.154617 -0.309032 100
0.213055 -0.455365 -0.201938 -0.248706 100
