data = [-0.133395 0.35591 -0.236232 0.0627905 100
-0.123933 0.327523 -0.22677 0.125333 100
-0.133395 0.336985 -0.236232 0.187381 100
-0.142857 0.318061 -0.22677 0.24869 100
-0.161782 0.308599 -0.236232 0.309017 100
-0.171244 0.318061 -0.22677 0.368125 100
-0.161782 0.308599 -0.217311 0.425779 100
-0.171244 0.308599 -0.22677 0.481754 100
-0.152319 0.299136 -0.198387 0.535827 100
-0.161782 0.308599 -0.188925 0.587785 100
-0.180706 0.289674 -0.179462 0.637424 100
-0.190168 0.289674 -0.17 0.684547 100
-0.180706 0.289674 -0.151076 0.728969 100
-0.19963 0.280212 -0.160538 0.770513 100
-0.190168 0.280212 -0.151076 0.809017 100
-0.190168 0.289674 -0.151076 0.844328 100
-0.180706 0.280212 -0.141614 0.876307 100
-0.180706 0.280212 -0.132151 0.904827 100
-0.171244 0.280212 -0.122689 0.929776 100
-0.190168 0.27075 -0.132151 0.951057 100
-0.161782 0.289674 -0.132151 0.968583 100
-0.171244 0.280212 -0.132151 0.982287 100
-0.161782 0.27075 -0.151076 0.992115 100
-0.161782 0.27075 -0.132151 0.998027 100
-0.161782 0.27075 -0.141614 1 100
-0.152319 0.280212 -0.132151 0.998027 100
-0.161782 0.280212 -0.141614 0.992115 100
-0.161782 0.280212 -0.141614 0.982287 100
-0.142857 0.280212 -0.132151 0.968583 100
-0.142857 0.280212 -0.141614 0.951057 100
-0.152319 0.280212 -0.132151 0.929776 100
-0.161782 0.27075 -0.141614 0.904827 100
-0.152319 0.27075 -0.132151 0.876307 100
-0.152319 0.261288 -0.132151 0.844328 100
-0.161782 0.251825 -0.141614 0.809017 100
-0.152319 0.261288 -0.132151 0.770513 100
-0.161782 0.251825 -0.132151 0.728969 100
-0.161782 0.232901 -0.132151 0.684547 100
-0.152319 0.242363 -0.122689 0.637424 100
-0.152319 0.242363 -0.132151 0.587785 100
-0.152319 0.232901 -0.122689 0.535827 100
-0.152319 0.213977 -0.122689 0.481754 100
-0.152319 0.232901 -0.122689 0.425779 100
-0.152319 0.223439 -0.132151 0.368125 100
-0.161782 0.223439 -0.132151 0.309017 100
-0.161782 0.223439 -0.113227 0.24869 100
-0.152319 0.223439 -0.132151 0.187381 100
-0.152319 0.223439 -0.132151 0.125333 100
-0.142857 0.242363 -0.132151 0.0627905 100
-0.161782 0.223439 -0.132151 7.02201e-08 100
-0.152319 0.213977 -0.113227 -0.0627906 100
-0.152319 0.213977 -0.122689 -0.125333 100
-0.152319 0.213977 -0.113227 -0.187381 100
-0.171244 0.204514 -0.113227 -0.24869 100
-0.180706 0.195052 -0.113227 -0.309017 100
-0.142857 0.18559 -0.103765 -0.368124 100
-0.171244 0.18559 -0.103765 -0.425779 100
-0.180706 0.176128 -0.0848403 -0.481754 100
-0.171244 0.18559 -0.0943025 -0.535827 100
-0.190168 0.18559 -0.0564537 -0.587785 100
-0.171244 0.166666 -0.0659159 -0.637424 100
-0.190168 0.18559 -0.0753781 -0.684547 100
-0.180706 0.166666 -0.0753781 -0.728969 100
-0.171244 0.176128 -0.0659159 -0.770513 100
-0.190168 0.157203 -0.0753781 -0.809017 100
-0.161782 0.147741 -0.0659159 -0.844328 100
-0.190168 0.157203 -0.0753781 -0.876307 100
-0.190168 0.147741 -0.0659159 -0.904827 100
-0.190168 0.147741 -0.0659159 -0.929776 100
-0.19963 0.147741 -0.0753781 -0.951057 100
-0.190168 0.128817 -0.0659159 -0.968583 100
-0.190168 0.138279 -0.0753781 -0.982287 100
-0.190168 0.138279 -0.0753781 -0.992115 100
-0.180706 0.119354 -0.0753781 -0.998027 100
-0.190168 0.128817 -0.0753781 -1 100
-0.190168 0.128817 -0.0848403 -0.998027 100
-0.19963 0.138279 -0.0659159 -0.992115 100
-0.19963 0.119354 -0.0659159 -0.982287 100
-0.19963 0.119354 -0.0848403 -0.968583 100
-0.209089 0.119354 -0.0659159 -0.951056 100
-0.218551 0.109892 -0.0753781 -0.929776 100
-0.209089 0.10043 -0.0848403 -0.904827 100
-0.209089 0.0909678 -0.0848403 -0.876307 100
-0.209089 0.0815056 -0.0848403 -0.844328 100
-0.209089 0.0815056 -0.0848403 -0.809017 100
-0.209089 0.0720434 -0.0659159 -0.770513 100
-0.218551 0.0720434 -0.0753781 -0.728969 100
-0.209089 0.0625812 -0.0848403 -0.684547 100
-0.218551 0.0625812 -0.0753781 -0.637424 100
-0.218551 0.0720434 -0.0848403 -0.587785 100
-0.218551 0.053119 -0.0848403 -0.535827 100
-0.218551 0.053119 -0.0943025 -0.481754 100
-0.209089 0.0436568 -0.0753781 -0.425779 100
-0.209089 0.0436568 -0.0848403 -0.368125 100
-0.218551 0.053119 -0.0848403 -0.309017 100
-0.218551 0.053119 -0.0848403 -0.24869 100
-0.209089 0.0436568 -0.0943025 -0.187381 100
-0.237476 0.0341946 -0.0943025 -0.125333 100
-0.228014 0.0341946 -0.0943025 -0.0627906 100
-0.228014 0.0341946 -0.0943025 -1.4044e-07 100
-0.209089 0.053119 -0.0943025 0.0627903 100
-0.209089 0.0436568 -0.0848403 0.125333 100
-0.19963 0.0436568 -0.0848403 0.187381 100
-0.19963 0.0436568 -0.103765 0.24869 100
-0.218551 0.0341946 -0.0943025 0.309017 100
-0.218551 0.0436568 -0.0943025 0.368124 100
-0.218551 0.053119 -0.103765 0.42578 100
-0.228014 0.0341946 -0.103765 0.481754 100
-0.218551 0.0341946 -0.0943025 0.535827 100
-0.237476 0.0152701 -0.122689 0.587785 100
-0.228014 0.00580794 -0.113227 0.637424 100
-0.228014 0.0152701 -0.132151 0.684547 100
-0.237476 0.0152701 -0.141614 0.728969 100
-0.237476 0.0341946 -0.141614 0.770513 100
-0.246938 0.0152701 -0.151076 0.809017 100
-0.228014 0.0152701 -0.141614 0.844328 100
-0.228014 0.0152701 -0.151076 0.876307 100
-0.218551 0.0341946 -0.141614 0.904827 100
-0.218551 0.0436568 -0.141614 0.929777 100
-0.19963 0.053119 -0.132151 0.951057 100
-0.19963 0.053119 -0.132151 0.968583 100
-0.19963 0.053119 -0.160538 0.982287 100
-0.218551 0.0625812 -0.160538 0.992115 100
-0.209089 0.0436568 -0.17 0.998027 100
-0.209089 0.0436568 -0.179462 1 100
-0.209089 0.0436568 -0.17 0.998027 100
-0.218551 0.0341946 -0.17 0.992115 100
-0.218551 0.0341946 -0.179462 0.982287 100
-0.209089 0.0341946 -0.17 0.968583 100
-0.19963 0.0341946 -0.179462 0.951056 100
-0.209089 0.053119 -0.188925 0.929776 100
-0.19963 0.053119 -0.179462 0.904827 100
-0.19963 0.0436568 -0.188925 0.876307 100
-0.218551 0.0247324 -0.17 0.844328 100
-0.209089 0.0341946 -0.188925 0.809017 100
-0.209089 0.0341946 -0.188925 0.770513 100
-0.209089 0.0436568 -0.198387 0.728969 100
-0.209089 0.0436568 -0.188925 0.684547 100
-0.19963 0.053119 -0.188925 0.637424 100
-0.19963 0.053119 -0.198387 0.587785 100
-0.209089 0.053119 -0.188925 0.535827 100
-0.19963 0.0436568 -0.188925 0.481754 100
-0.209089 0.0625812 -0.198387 0.425779 100
-0.19963 0.0341946 -0.207849 0.368125 100
-0.209089 0.053119 -0.188925 0.309017 100
-0.209089 0.0625812 -0.198387 0.24869 100
-0.218551 0.053119 -0.188925 0.187381 100
-0.218551 0.0625812 -0.188925 0.125333 100
-0.209089 0.053119 -0.198387 0.0627906 100
-0.228014 0.0815056 -0.198387 2.1066e-07 100
-0.209089 0.0720434 -0.217311 -0.0627908 100
-0.237476 0.0625812 -0.217311 -0.125333 100
-0.237476 0.0625812 -0.207849 -0.187381 100
-0.218551 0.0625812 -0.217311 -0.24869 100
-0.237476 0.0625812 -0.207849 -0.309017 100
-0.237476 0.053119 -0.207849 -0.368124 100
-0.237476 0.0436568 -0.207849 -0.425779 100
-0.228014 0.0341946 -0.207849 -0.481753 100
-0.237476 0.0436568 -0.217311 -0.535827 100
-0.2564 0.053119 -0.207849 -0.587786 100
-0.2564 0.0436568 -0.217311 -0.637424 100
-0.2564 0.0436568 -0.22677 -0.684547 100
-0.2564 0.0341946 -0.217311 -0.728969 100
-0.2564 0.053119 -0.22677 -0.770513 100
-0.2564 0.0341946 -0.207849 -0.809017 100
-0.2564 0.0341946 -0.198387 -0.844328 100
-0.2564 0.0341946 -0.207849 -0.876307 100
-0.246938 0.0247324 -0.207849 -0.904827 100
-0.2564 0.0341946 -0.207849 -0.929776 100
-0.2564 0.0247324 -0.207849 -0.951057 100
-0.246938 0.0341946 -0.188925 -0.968583 100
-0.2564 0.053119 -0.198387 -0.982287 100
-0.2564 0.0436568 -0.179462 -0.992115 100
-0.2564 0.0341946 -0.198387 -0.998027 100
-0.2564 0.0341946 -0.179462 -1 100
-0.2564 0.0436568 -0.17 -0.998027 100
-0.265862 0.053119 -0.17 -0.992115 100
-0.275325 0.0341946 -0.160538 -0.982287 100
-0.275325 0.0436568 -0.151076 -0.968583 100
-0.275325 0.0436568 -0.151076 -0.951057 100
-0.275325 0.0341946 -0.141614 -0.929776 100
-0.284787 0.0436568 -0.141614 -0.904827 100
-0.265862 0.0436568 -0.132151 -0.876307 100
-0.275325 0.0341946 -0.132151 -0.844328 100
-0.284787 0.0247324 -0.113227 -0.809017 100
-0.284787 0.0436568 -0.122689 -0.770513 100
-0.275325 0.0152701 -0.113227 -0.728969 100
