data = [0.0001 -0.00444954
0.0002 -0.0291514
0.0003 -0.0821037
0.0004 -0.165145
0.0005 -0.277553
0.0006 -0.417495
0.0007 -0.58262
0.0008 -0.770309
0.0009 -0.977783
0.001 -1.20216
0.0011 -1.44047
0.0012 -1.68972
0.0013 -1.94687
0.0014 -2.20887
0.0015 -2.47268
0.0016 -2.73528
0.0017 -2.99369
0.0018 -3.24499
0.0019 -3.48633
0.002 -3.71494
0.0021 -3.92817
0.0022 -4.12347
0.0023 -4.29842
0.0024 -4.45075
0.0025 -4.57834
0.0026 -4.67922
0.0027 -4.75161
0.0028 -4.79392
0.0029 -4.80473
0.003 -4.78282
0.0031 -4.72719
0.0032 -4.63704
0.0033 -4.51177
0.0034 -4.351
0.0035 -4.15459
0.0036 -3.92259
0.0037 -3.65528
0.0038 -3.35314
0.0039 -3.01688
0.004 -2.64741
0.0041 -2.24584
0.0042 -1.81349
0.0043 -1.35186
0.0044 -0.862654
0.0045 -0.347724
0.0046 0.190892
0.0047 0.751005
0.0048 1.33028
0.0049 1.92624
0.005 2.5363
0.0051 3.15775
0.0052 3.7878
0.0053 4.42355
0.0054 5.06206
0.0055 5.70032
0.0056 6.33528
0.0057 6.96387
0.0058 7.58301
0.0059 8.18961
0.006 8.78061
0.0061 9.35298
0.0062 9.90376
0.0063 10.43
0.0064 10.9289
0.0065 11.3977
0.0066 11.8338
0.0067 12.2346
0.0068 12.5978
0.0069 12.9211
0.007 13.2023
0.0071 13.4397
0.0072 13.6314
0.0073 13.7758
0.00739999 13.8716
0.00749999 13.9176
0.00759999 13.9129
0.00769999 13.8566
0.00779999 13.7482
0.00789999 13.5874
0.00799999 13.3741
0.00809999 13.1085
0.00819999 12.7909
0.00829999 12.4218
0.00839999 12.0022
0.00849999 11.5329
0.00859999 11.0153
0.00869999 10.4509
0.00879999 9.84124
0.00889999 9.18832
0.00899999 8.49421
0.00909999 7.76116
0.00919999 6.99166
0.00929999 6.18832
0.00939999 5.35395
0.00949999 4.49151
0.00959999 3.60407
0.00969999 2.69486
0.00979999 1.76722
0.00989999 0.824588
0.00999999 -0.129516
0.0101 -1.09149
0.0102 -2.05766
0.0103 -3.02434
0.0104 -3.98778
0.0105 -4.94423
0.0106 -5.88995
0.0107 -6.8212
0.0108 -7.73428
0.0109 -8.62554
0.011 -9.4914
0.0111 -10.3283
0.0112 -11.1329
0.0113 -11.9019
0.0114 -12.632
0.0115 -13.3202
0.0116 -13.9636
0.0117 -14.5594
0.0118 -15.1051
0.0119 -15.5983
0.012 -16.0368
0.0121 -16.4186
0.0122 -16.7418
0.0123 -17.0051
0.0124 -17.207
0.0125 -17.3463
0.0126 -17.4224
0.0127 -17.4345
0.0128 -17.3824
0.0129 -17.2658
0.013 -17.0849
0.0131 -16.8402
0.0132 -16.5322
0.0133 -16.1619
0.0134 -15.7304
0.0135 -15.2391
0.0136 -14.6896
0.0137 -14.0837
0.0138 -13.4236
0.0139 -12.7116
0.014 -11.9501
0.0141 -11.1419
0.0142 -10.2899
0.0143 -9.39716
0.0144 -8.467
0.0145 -7.5028
0.0146 -6.50812
0.0147 -5.48665
0.0148 -4.44219
0.0149 -3.37867
0.015 -2.30006
0.0151 -1.21043
0.0152 -0.113907
0.0153 0.985361
0.0154 2.08319
0.0155 3.1754
0.0156 4.2578
0.0157 5.32626
0.0158 6.37667
0.0159 7.40497
0.016 8.4072
0.0161 9.37949
0.0162 10.3181
0.0163 11.2192
0.0164 12.0795
0.0165 12.8956
0.0166 13.6642
0.0167 14.3823
0.0168 15.0472
0.0169 15.656
0.017 16.2066
0.0171 16.6965
0.0172 17.1239
0.0173 17.4871
0.0174 17.7845
0.0175 18.0149
0.0176 18.1773
0.0177 18.2711
0.0178 18.2957
0.0179 18.251
0.018 18.1371
0.0181 17.9543
0.0182 17.7032
0.0183 17.3847
0.0184 17
0.0185 16.5505
0.0186 16.0378
0.0187 15.4638
0.0188 14.8307
0.0189 14.1408
0.019 13.3968
0.0191 12.6014
0.0192 11.7577
0.0193 10.8689
0.0194 9.93829
0.0195 8.9695
0.0196 7.96619
0.0197 6.93222
0.0198 5.87154
0.0199 4.78821
0.02 3.68639
0.0201 2.57031
0.0202 1.44427
0.0203 0.312594
0.0204 -0.820353
0.0205 -1.95021
0.0206 -3.0726
0.0207 -4.18322
0.0208 -5.27775
0.0209 -6.35198
0.021 -7.40175
0.0211 -8.42299
0.0212 -9.41176
0.0213 -10.3642
0.0214 -11.2767
0.0215 -12.1456
0.0216 -12.9676
0.0217 -13.7395
0.0218 -14.4583
0.0219 -15.1212
0.022 -15.7256
0.0221 -16.2692
0.0222 -16.7499
0.0223 -17.1657
0.0224 -17.5152
0.0225 -17.7968
0.0226 -18.0096
0.0227 -18.1526
0.0228 -18.2254
0.0229 -18.2275
0.023 -18.1591
0.0231 -18.0204
0.0232 -17.8119
0.0233 -17.5345
0.0234 -17.1891
0.0235 -16.7772
0.0236 -16.3003
0.0237 -15.7603
0.0238 -15.1593
0.0239 -14.4997
0.024 -13.784
0.0241 -13.015
0.0242 -12.1956
0.0243 -11.3292
0.0244 -10.4191
0.0245 -9.4687
0.0246 -8.48187
0.0247 -7.46241
0.0248 -6.4143
0.0249 -5.34161
0.025 -4.24855
0.0251 -3.13937
0.0252 -2.0184
0.0253 -0.890008
0.0254 0.241391
0.0255 1.37139
0.0256 2.49557
0.0257 3.60955
0.0258 4.70899
0.0259 5.78958
0.026 6.84712
0.0261 7.87748
0.0262 8.87663
0.0263 9.84068
0.0264 10.7659
0.0265 11.6486
0.0266 12.4854
0.0267 13.273
0.0268 14.0084
0.0269 14.6886
0.027 15.3111
0.0271 15.8734
0.0272 16.3733
0.0273 16.8089
0.0274 17.1785
0.0275 17.4807
0.0276 17.7142
0.0277 17.8783
0.0278 17.9722
0.0279 17.9956
0.028 17.9484
0.0281 17.8309
0.0282 17.6436
0.0283 17.387
0.0284 17.0624
0.0285 16.671
0.0286 16.2142
0.0287 15.6941
0.0288 15.1125
0.0289 14.4718
0.029 13.7745
0.0291 13.0234
0.0292 12.2215
0.0293 11.3718
0.0294 10.4778
0.0295 9.5429
0.0296 8.57088
0.0297 7.56552
0.0298 6.53079
0.0299 5.47076
0.03 4.38961
0.0301 3.29157
0.0302 2.18098
0.0303 1.06219
0.0304 -0.0603812
0.0305 -1.18233
0.0306 -2.29925
0.0307 -3.40674
0.0308 -4.50046
0.0309 -5.5761
0.031 -6.62944
0.0311 -7.65635
0.0312 -8.65278
0.0313 -9.61484
0.0314 -10.5387
0.0315 -11.4209
0.0316 -12.2577
0.0317 -13.046
0.0318 -13.7827
0.0319 -14.4649
0.032 -15.0899
0.0321 -15.6553
0.0322 -16.1588
0.0323 -16.5985
0.0324 -16.9726
0.0325 -17.2798
0.0326 -17.5187
0.0327 -17.6886
0.0328 -17.7887
0.0329 -17.8186
0.033 -17.7782
0.0331 -17.6678
0.0332 -17.4877
0.0333 -17.2388
0.0334 -16.9219
0.0335 -16.5383
0.0336 -16.0896
0.0337 -15.5776
0.0338 -15.0042
0.0339 -14.3718
0.034 -13.6829
0.0341 -12.9401
0.0342 -12.1464
0.0343 -11.305
0.0344 -10.4192
0.0345 -9.49244
0.0346 -8.52843
0.0347 -7.53096
0.0348 -6.50398
0.0349 -5.45154
0.035 -4.37779
0.0351 -3.28698
0.0352 -2.1834
0.0353 -1.07141
0.0354 0.0446
0.0355 1.16023
0.0356 2.27108
0.0357 3.37277
0.0358 4.46095
0.0359 5.53134
0.036 6.57971
0.0361 7.60193
0.0362 8.59397
0.0363 9.55193
0.0364 10.472
0.0365 11.3506
0.0366 12.1843
0.0367 12.9697
0.0368 13.7038
0.0369001 14.3837
0.0370001 15.0067
0.0371001 15.5704
0.0372001 16.0724
0.0373001 16.511
0.0374001 16.8843
0.0375001 17.1909
0.0376001 17.4296
0.0377001 17.5994
0.0378001 17.6996
0.0379001 17.73
0.0380001 17.6903
0.0381001 17.5808
0.0382001 17.4019
0.0383001 17.1543
0.0384001 16.8389
0.0385001 16.4571
0.0386001 16.0103
0.0387001 15.5004
0.0388001 14.9292
0.0389001 14.2992
0.0390001 13.6128
0.0391001 12.8726
0.0392001 12.0817
0.0393001 11.2431
0.0394001 10.3602
0.0395001 9.43647
0.0396001 8.47554
0.0397001 7.48121
0.0398001 6.45742
0.0399001 5.4082
0.0400001 4.3377
0.0401001 3.25015
0.0402001 2.14984
0.0403001 1.04112
0.0404001 -0.0716329
0.0405001 -1.18403
0.0406001 -2.29167
0.0407001 -3.39018
0.0408001 -4.47524
0.0409001 -5.54255
0.0410001 -6.58791
0.0411001 -7.60718
0.0412001 -8.59635
0.0413001 -9.5515
0.0414001 -10.4689
0.0415001 -11.3449
0.0416001 -12.176
0.0417001 -12.959
0.0418001 -13.6907
0.0419001 -14.3684
0.0420001 -14.9893
0.0421001 -15.5509
0.0422001 -16.0511
0.0423001 -16.4879
0.0424001 -16.8596
0.0425001 -17.1646
0.0426001 -17.4018
0.0427001 -17.5703
0.0428002 -17.6694
0.0429002 -17.6987
0.0430002 -17.6581
0.0431002 -17.5478
0.0432002 -17.3682
0.0433002 -17.1199
0.0434002 -16.8041
0.0435002 -16.4219
0.0436002 -15.9749
0.0437002 -15.4648
0.0438002 -14.8936
0.0439002 -14.2636
0.0440002 -13.5773
0.0441002 -12.8374
0.0442002 -12.0468
0.0443002 -11.2087
0.0444002 -10.3263
0.0445002 -9.40316
0.0446002 -8.4429
0.0447002 -7.44931
0.0448002 -6.42633
0.0449002 -5.37798
0.0450002 -4.30842
0.0451002 -3.22186
0.0452002 -2.12259
0.0453002 -1.01496
0.0454002 0.0966566
0.0455002 1.20788
0.0456002 2.31432
0.0457002 3.4116
0.0458002 4.4954
0.0459002 5.56143
0.0460002 6.60549
0.0461002 7.62346
0.0462002 8.61131
0.0463002 9.56515
0.0464002 10.4812
0.0465002 11.3559
0.0466002 12.1857
0.0467002 12.9674
0.0468002 13.6979
0.0469002 14.3742
0.0470002 14.9939
0.0471002 15.5543
0.0472002 16.0533
0.0473002 16.4889
0.0474002 16.8594
0.0475002 17.1633
0.0476002 17.3995
0.0477002 17.5669
0.0478002 17.665
0.0479002 17.6934
0.0480002 17.6518
0.0481002 17.5406
0.0482002 17.3602
0.0483002 17.1112
0.0484002 16.7946
0.0485002 16.4117
0.0486002 15.964
0.0487003 15.4533
0.0488003 14.8816
