data = [-0.0237041 0.0502443
-0.0268588 0.100362
-0.0268588 0.150226
-0.0205494 0.19971
0.00468801 0.24869
0.0393883 0.297042
0.0867085 0.344643
0.140338 0.391374
0.20343 0.437116
0.279143 0.481754
0.358009 0.525175
0.430566 0.567269
0.515741 0.60793
0.600918 0.647056
0.695557 0.684547
0.780732 0.720309
0.862754 0.754251
0.947929 0.786288
1.02995 0.816339
1.10566 0.844328
1.18453 0.870184
1.26024 0.893841
1.32333 0.915241
1.39589 0.934329
1.46845 0.951057
1.52839 0.965382
1.57255 0.977268
1.60725 0.986686
1.64195 0.993611
1.66404 0.998027
1.69243 0.999921
1.69874 0.999289
1.69558 0.996134
1.69874 0.990461
1.6735 0.982287
1.65142 0.971632
1.62303 0.958522
1.58833 0.942991
1.53785 0.925077
1.4716 0.904827
1.39274 0.882291
1.30441 0.857527
1.20661 0.830596
1.10251 0.801567
0.998405 0.770513
0.869064 0.737513
0.746032 0.70265
0.610382 0.666012
0.468422 0.627691
0.31069 0.587785
0.149802 0.546394
-0.0173947 0.503623
-0.19721 0.45958
-0.358098 0.414376
-0.544221 0.368125
-0.724037 0.320944
-0.916471 0.272952
-1.10575 0.224271
-1.29503 0.175023
-1.49377 0.125333
-1.6799 0.0753268
-1.86918 0.0251301
-2.07423 -0.0251301
-2.2572 -0.0753268
-2.43702 -0.125333
-2.61368 -0.175023
-2.79349 -0.224271
-2.94807 -0.272952
-3.09949 -0.320944
-3.25723 -0.368125
-3.40234 -0.414376
-3.54114 -0.45958
-3.67048 -0.503623
-3.79352 -0.546394
-3.91339 -0.587785
-4.01434 -0.627691
-4.09005 -0.666012
-4.17208 -0.70265
-4.22886 -0.737513
-4.30457 -0.770513
-4.35189 -0.801567
-4.38028 -0.830596
-4.40237 -0.857527
-4.41814 -0.882291
-4.41183 -0.904827
-4.39606 -0.925077
-4.35505 -0.942991
-4.32034 -0.958522
-4.25725 -0.971632
-4.19416 -0.982287
-4.1216 -0.990461
-4.03327 -0.996134
-3.92917 -0.999289
-3.81244 -0.999921
-3.67995 -0.998027
-3.55376 -0.993611
-3.38657 -0.986686
-3.21937 -0.977268
-3.0364 -0.965382
-2.85027 -0.951057
-2.65153 -0.934329
-2.43702 -0.915241
-2.21619 -0.893841
-1.99221 -0.870184
-1.75245 -0.844328
-1.51585 -0.816339
-1.14991 -0.786288
-0.970099 -0.754251
-0.74612 -0.720309
-0.47482 -0.684547
-0.18459 -0.647056
0.118256 -0.60793
0.399021 -0.567269
0.705021 -0.525175
0.992096 -0.481754
1.28548 -0.437116
1.59148 -0.391374
1.87224 -0.344643
2.17194 -0.297042
2.4527 -0.24869
2.87227 -0.19971
3.05839 -0.150226
3.27606 -0.100362
3.53475 -0.0502443
3.79658 -1.00149e-14
4.03634 0.0502443
4.25401 0.100362
4.47168 0.150226
4.67673 0.19971
4.89755 0.24869
5.08683 0.297042
5.26665 0.344643
5.42438 0.391374
5.56949 0.437116
5.69884 0.481754
5.82818 0.525175
5.91651 0.567269
5.99537 0.60793
6.07108 0.647056
6.12471 0.684547
6.15941 0.720309
6.19096 0.754251
6.20673 0.786288
6.20042 0.816339
6.17834 0.844328
6.16257 0.870184
6.1184 0.893841
6.05216 0.915241
5.97329 0.934329
5.88811 0.951057
5.79347 0.965382
5.67675 0.977268
5.54741 0.986686
5.40861 0.993611
5.26034 0.998027
5.09314 0.999921
4.91333 0.999289
4.72089 0.996134
4.52846 0.990461
4.30132 0.982287
4.0805 0.971632
3.85021 0.958522
3.6073 0.942991
3.36439 0.925077
3.10887 0.904827
2.84387 0.882291
2.57257 0.857527
2.29497 0.830596
2.00789 0.801567
1.72713 0.770513
1.44321 0.737513
1.14352 0.70265
0.84698 0.666012
0.544133 0.627691
0.238132 0.587785
-0.0710231 0.546394
-0.389643 0.503623
-0.705109 0.45958
-1.02057 0.414376
-1.32973 0.368125
-1.64204 0.320944
-1.95435 0.272952
-2.25089 0.224271
-2.56636 0.175023
-2.8692 0.125333
-3.17205 0.0753268
-3.46228 0.0251301
-3.74935 -0.0251301
-4.03327 -0.0753268
-4.30457 -0.125333
-4.56641 -0.175023
-4.82509 -0.224271
-5.06484 -0.272952
-5.30144 -0.320944
-5.51911 -0.368125
-5.72732 -0.414376
-5.90083 -0.45958
-6.09326 -0.503623
-6.25415 -0.546394
-6.39926 -0.587785
-6.54122 -0.627691
-6.6611 -0.666012
-6.7589 -0.70265
-6.84407 -0.737513
-6.91663 -0.770513
-6.96395 -0.801567
-7.00811 -0.830596
-7.02073 -0.857527
-7.02389 -0.882291
-7.01127 -0.904827
-6.98603 -0.925077
-6.93556 -0.942991
-6.86616 -0.958522
-6.78413 -0.971632
-6.68318 -0.982287
-6.57593 -0.990461
-6.45289 -0.996134
-6.30147 -0.999289
-6.14689 -0.999921
-5.97338 -0.998027
-5.78726 -0.993611
-5.59483 -0.986686
-5.38031 -0.977268
-5.15002 -0.965382
-4.91342 -0.951057
-4.67367 -0.934329
-4.43076 -0.915241
-4.17523 -0.893841
-3.90078 -0.870184
-3.62317 -0.844328
-3.33294 -0.816339
-3.03955 -0.786288
-2.7304 -0.754251
-2.41493 -0.720309
-2.09631 -0.684547
-1.76192 -0.647056
-1.41806 -0.60793
-1.07736 -0.567269
-0.727191 -0.525175
-0.358095 -0.481754
0.00468802 -0.437116
0.354854 -0.391374
0.714485 -0.344643
1.08043 -0.297042
1.44952 -0.24869
1.80284 -0.19971
2.15932 -0.150226
2.5221 -0.100362
2.85965 -0.0502443
3.1972 -4.84515e-14
3.52213 0.0502443
3.85337 0.100362
4.16883 0.150226
4.47798 0.19971
4.7903 0.24869
5.07737 0.297042
5.34236 0.344643
5.60104 0.391374
5.83448 0.437116
6.06793 0.481754
6.27929 0.525175
6.46541 0.567269
6.63577 0.60793
6.78719 0.647056
6.91968 0.684547
7.05533 0.720309
7.15313 0.754251
7.2383 0.786288
7.29193 0.816339
7.33925 0.844328
7.34871 0.870184
7.35187 0.893841
7.3361 0.915241
7.29509 0.934329
7.25723 0.951057
7.18467 0.965382
7.09634 0.977268
6.98909 0.986686
6.85975 0.993611
6.7241 0.998027
6.56636 0.999921
6.37393 0.999289
6.18781 0.996134
5.95121 0.990461
5.74931 0.982287
5.50009 0.971632
5.24772 0.958522
4.98273 0.942991
4.71143 0.925077
4.42751 0.904827
4.13097 0.882291
3.82182 0.857527
3.50635 0.830596
3.18773 0.801567
2.8628 0.770513
2.52526 0.737513
2.18771 0.70265
1.83754 0.666012
1.49684 0.627691
1.14352 0.587785
0.790196 0.546394
0.417948 0.503623
0.0646257 0.45958
-0.295003 0.414376
-0.67987 0.368125
-1.0395 0.320944
-1.41806 0.272952
-1.76823 0.224271
-2.13101 0.175023
-2.48749 0.125333
-2.83135 0.0753268
-3.16259 0.0251301
-3.50644 -0.0251301
-3.82822 -0.0753268
-4.15946 -0.125333
-4.46861 -0.175023
-4.762 -0.224271
-5.05538 -0.272952
-5.32668 -0.320944
-5.58221 -0.368125
-5.83458 -0.414376
-6.0491 -0.45958
-6.26361 -0.503623
-6.45289 -0.546394
-6.62324 -0.587785
-6.78098 -0.627691
-6.92609 -0.666012
-7.03966 -0.70265
-7.14061 -0.737513
-7.22263 -0.770513
-7.27941 -0.801567
-7.34251 -0.830596
-7.36459 -0.857527
-7.3709 -0.882291
-7.36459 -0.904827
-7.35197 -0.925077
-7.30465 -0.942991
-7.24471 -0.958522
-7.15007 -0.971632
-7.05228 -0.982287
-6.93871 -0.990461
-6.80622 -0.996134
-6.65479 -0.999289
-6.4939 -0.999921
-6.30778 -0.998027
-6.11219 -0.993611
-5.91976 -0.986686
-5.68947 -0.977268
-5.4434 -0.965382
-5.19734 -0.951057
-4.95128 -0.934329
-4.69259 -0.915241
-4.43391 -0.893841
-4.1563 -0.870184
-3.885 -0.844328
-3.59477 -0.816339
-3.28562 -0.786288
-2.97015 -0.754251
-2.65153 -0.720309
-2.3266 -0.684547
-1.99221 -0.647056
-1.6452 -0.60793
-1.29818 -0.567269
-0.948017 -0.525175
-0.588386 -0.481754
-0.228756 -0.437116
0.137185 -0.391374
0.515741 -0.344643
0.878527 -0.297042
1.24762 -0.24869
1.60094 -0.19971
1.97635 -0.150226
2.32967 -0.100362
2.67668 -0.0502443
3.03947 2.41342e-14
3.3707 0.0502443
3.70194 0.100362
4.01741 0.150226
4.33603 0.19971
4.63887 0.24869
4.9291 0.297042
5.19725 0.344643
5.47801 0.391374
5.73038 0.437116
5.97013 0.481754
6.19727 0.525175
6.39286 0.567269
6.58845 0.60793
6.76195 0.647056
6.90391 0.684547
7.03956 0.720309
7.15313 0.754251
7.24777 0.786288
7.32033 0.816339
7.37395 0.844328
7.40865 0.870184
7.42443 0.893841
7.42443 0.915241
7.38973 0.934329
7.36449 0.951057
7.3077 0.965382
7.22884 0.977268
7.1342 0.986686
7.01432 0.993611
6.88183 0.998027
6.73672 0.999921
6.56321 0.999289
6.37393 0.996134
6.16888 0.990461
5.9449 0.982287
5.71145 0.971632
5.46855 0.958522
5.21617 0.942991
4.93856 0.925077
4.65149 0.904827
4.35811 0.882291
4.05526 0.857527
3.73349 0.830596
3.41487 0.801567
3.07732 0.770513
2.74293 0.737513
2.41169 0.70265
2.06152 0.666012
1.69874 0.627691
1.34226 0.587785
0.982632 0.546394
0.619846 0.503623
0.244442 0.45958
-0.118343 0.414376
-0.493748 0.368125
-0.856534 0.320944
-1.21616 0.272952
-1.58841 0.224271
-1.94173 0.175023
-2.30136 0.125333
-2.65153 0.0753268
-2.98908 0.0251301
-3.33609 -0.0251301
-3.67049 -0.0753268
-4.00172 -0.125333
-4.31719 -0.175023
-4.61688 -0.224271
-4.91973 -0.272952
-5.19418 -0.320944
