data = [0.00153333 0.0439681
0.00468801 0.0878512
0.00153333 0.131564
0.00153333 0.175023
0.0330801 0.218143
0.0614722 0.260842
0.102482 0.303035
0.149802 0.344643
0.200277 0.385584
0.269679 0.425779
0.339082 0.465151
0.414793 0.503623
0.48735 0.541121
0.559907 0.577573
0.632466 0.612907
0.701867 0.647056
0.77758 0.679953
0.862755 0.711536
0.932158 0.741742
1.00787 0.770513
1.08358 0.797794
1.14352 0.823533
1.22554 0.847678
1.27917 0.870184
1.34542 0.891007
1.39274 0.910106
1.44952 0.927445
1.49368 0.942991
1.52839 0.956712
1.55678 0.968583
1.58517 0.978581
1.58832 0.986686
1.6041 0.992883
1.61356 0.997159
1.60725 0.999507
1.59463 0.999921
1.57886 0.998402
1.54731 0.994951
1.51261 0.989576
1.47791 0.982287
1.43375 0.973099
1.37381 0.962028
1.2981 0.949096
1.22238 0.934329
1.14352 0.917755
1.05203 0.899405
0.94793 0.879316
0.85329 0.857527
0.727104 0.834078
0.600918 0.809017
0.477886 0.782391
0.329618 0.754251
0.190813 0.724653
0.0488524 0.693653
-0.112035 0.661312
-0.269768 0.627691
-0.443273 0.592857
-0.591542 0.556876
-0.761893 0.519817
-0.922781 0.481754
-1.08998 0.442758
-1.26348 0.402906
-1.44014 0.362275
-1.60103 0.320944
-1.77454 0.278991
-1.93227 0.236499
-2.09631 0.193549
-2.25404 0.150226
-2.41178 0.106611
-2.56951 0.0627905
-2.72409 0.0188484
-2.87236 -0.0251301
-3.00801 -0.06906
-3.13419 -0.112856
-3.25407 -0.156434
-3.37079 -0.19971
-3.49382 -0.242599
-3.58531 -0.285019
-3.68941 -0.326888
-3.77459 -0.368125
-3.8503 -0.408649
-3.92601 -0.448383
-3.98911 -0.48725
-4.03958 -0.525175
-4.0869 -0.562083
-4.11845 -0.597905
-4.14368 -0.63257
-4.16577 -0.666012
-4.17523 -0.698165
-4.16261 -0.728969
-4.14368 -0.758362
-4.1216 -0.786288
-4.0869 -0.812694
-4.04274 -0.837528
-3.98911 -0.860742
-3.93232 -0.882291
-3.86923 -0.902134
-3.78405 -0.920232
-3.6831 -0.93655
-3.58215 -0.951057
-3.4749 -0.963724
-3.36448 -0.974527
-3.22568 -0.983445
-3.08372 -0.990461
-2.94491 -0.995562
-2.79349 -0.998737
-2.61368 -0.99998
-2.38023 -0.999289
-2.26982 -0.996666
-2.10893 -0.992115
-1.90072 -0.985645
-1.69567 -0.977268
-1.478 -0.967001
-1.26664 -0.954865
-1.04581 -0.940881
-0.821832 -0.925077
-0.585232 -0.907484
-0.358097 -0.888136
-0.108878 -0.867071
0.143494 -0.844328
0.408485 -0.819952
0.733414 -0.79399
0.881683 -0.766493
1.13721 -0.737513
1.38012 -0.707107
1.62618 -0.675333
1.87224 -0.642253
2.112 -0.60793
2.34544 -0.572432
2.57573 -0.535827
2.80287 -0.498185
3.03315 -0.45958
3.25398 -0.420086
3.47481 -0.379779
3.67355 -0.338738
3.86598 -0.297042
4.0458 -0.254771
4.2193 -0.212007
4.37704 -0.168833
4.53477 -0.125333
4.67673 -0.0815906
4.80291 -0.0376902
4.93226 0.00628314
5.11523 0.0502443
5.16886 0.0941083
5.23195 0.13779
5.31712 0.181206
5.38968 0.224271
5.45908 0.266902
5.50009 0.309017
5.54426 0.350534
5.56003 0.391374
5.57265 0.431456
5.58211 0.470704
5.5758 0.509041
5.56319 0.546394
5.53479 0.58269
5.51902 0.61786
5.48432 0.651834
5.44015 0.684547
5.37706 0.715936
5.32343 0.745941
5.24772 0.774503
5.17832 0.801567
5.08683 0.827081
4.98588 0.850994
4.86916 0.873262
4.75559 0.893841
4.6231 0.912692
4.49691 0.929776
4.36126 0.945063
4.20668 0.958522
4.03949 0.970127
3.87545 0.979855
3.70194 0.987688
3.52844 0.993611
3.35177 0.997613
3.15934 0.999684
2.95429 0.999822
2.76501 0.998027
2.5568 0.994301
2.3486 0.988652
2.13408 0.981091
1.91956 0.971632
1.68927 0.960294
1.4716 0.947098
1.24131 0.932071
1.00471 0.915241
0.76496 0.896641
0.525207 0.876307
0.279143 0.854277
0.0299254 0.830596
-0.222447 0.805308
-0.481129 0.778462
-0.74612 0.750111
-1.00165 0.720309
-1.26664 0.689114
-1.53163 0.656586
-1.78716 0.622788
-2.04584 0.587785
-2.29821 0.551646
-2.5632 0.51444
-2.81873 0.476238
-3.06164 0.437116
-3.30455 0.397148
-3.56007 0.356412
-3.79036 0.314987
-4.02381 0.272952
-4.2541 0.230389
-4.47808 0.187381
-4.68628 0.144011
-4.88818 0.100362
-5.08062 0.0565185
-5.27305 0.012566
-5.45287 -0.0314108
-5.61375 -0.0753268
-5.76833 -0.119097
-5.91029 -0.162637
-6.04279 -0.205863
-6.15951 -0.24869
-6.2573 -0.291036
-6.35194 -0.33282
-6.40873 -0.373959
-6.49075 -0.414376
-6.53492 -0.45399
-6.56646 -0.492727
-6.58539 -0.530511
-6.60116 -0.567269
-6.60116 -0.60293
-6.58224 -0.637424
-6.55384 -0.670686
-6.51914 -0.70265
-6.46867 -0.733255
-6.40873 -0.762443
-6.33617 -0.790155
-6.251 -0.816339
-6.15636 -0.840945
-6.05541 -0.863923
-5.93238 -0.885231
-5.79672 -0.904827
-5.64846 -0.922673
-5.49703 -0.938734
-5.33614 -0.952979
-5.16895 -0.965382
-4.98913 -0.975917
-4.79985 -0.984564
-4.60111 -0.991308
-4.40867 -0.996134
-4.20678 -0.999033
-3.98595 -1
-3.7809 -0.999033
-3.54745 -0.996134
-3.31085 -0.991308
-3.06795 -0.984564
-2.69254 -0.975917
-2.52219 -0.965382
-2.28559 -0.952979
-2.02375 -0.938734
-1.75245 -0.922673
-1.46538 -0.904827
-1.18462 -0.885231
-0.888079 -0.863923
-0.594696 -0.840945
-0.298159 -0.816339
0.0141532 -0.790155
0.310691 -0.762443
0.623 -0.733255
0.929002 -0.70265
1.24447 -0.670686
1.54732 -0.637424
1.84701 -0.60293
2.14985 -0.567269
2.43693 -0.530511
2.724 -0.492727
3.01738 -0.45399
3.28868 -0.414376
3.5726 -0.373959
3.83759 -0.33282
4.08997 -0.291036
4.33918 -0.24869
4.57263 -0.205863
4.79976 -0.162637
5.01743 -0.119097
5.22248 -0.0753268
5.41176 -0.0314108
5.59473 0.012566
5.75877 0.0565185
5.91651 0.100362
6.049 0.144011
6.16888 0.187381
6.30137 0.230389
6.39917 0.272952
6.47488 0.314987
6.54428 0.356412
6.58529 0.397148
6.61684 0.437116
6.63261 0.476238
6.65469 0.51444
6.63892 0.551646
6.63261 0.587785
6.60106 0.622788
6.52535 0.656586
6.49696 0.689114
6.43387 0.720309
6.37393 0.750111
6.28875 0.778462
6.1815 0.805308
6.07739 0.830596
5.94805 0.854277
5.81556 0.876307
5.67044 0.896641
5.52848 0.915241
5.37075 0.932071
5.19409 0.947098
5.01112 0.960294
4.83446 0.971632
4.63887 0.981091
4.42751 0.988652
4.2193 0.994301
4.00163 0.998027
3.77765 0.999822
3.54421 0.999684
3.31076 0.997613
3.06155 0.993611
2.80917 0.987688
2.56627 0.979855
2.31705 0.970127
2.05837 0.958522
1.79338 0.945063
1.53785 0.929776
1.26971 0.912692
0.992096 0.893841
0.711331 0.873262
0.430567 0.850994
0.156113 0.827081
-0.140426 0.801567
-0.42119 0.774503
-0.695645 0.745941
-0.976409 0.715936
-1.26033 0.684547
-1.53478 0.651834
-1.8187 0.61786
-2.08685 0.58269
-2.36761 0.546394
-2.63891 0.509041
-2.91968 0.470704
-3.18782 0.431456
-3.43704 0.391374
-3.70519 0.350534
-3.92917 0.309017
-4.17523 0.266902
-4.41814 0.224271
-4.63897 0.181206
-4.86295 0.13779
-5.08062 0.0941083
-5.28567 0.0502443
-5.49703 0.00628314
-5.68316 -0.0376902
-5.85351 -0.0815906
-5.99862 -0.125333
-6.13743 -0.168833
-6.26992 -0.212007
-6.38664 -0.254771
-6.48444 -0.297042
-6.58224 -0.338738
-6.65795 -0.379779
-6.72735 -0.420086
-6.76836 -0.45958
-6.81568 -0.498185
-6.83776 -0.535827
-6.85354 -0.572432
-6.84407 -0.60793
-6.83145 -0.642253
-6.80306 -0.675333
-6.7589 -0.707107
-6.69896 -0.737513
-6.62324 -0.766493
-6.54438 -0.79399
-6.46236 -0.819952
-6.36456 -0.844328
-6.26361 -0.867071
-6.13743 -0.888136
-6.01124 -0.907484
-5.87559 -0.925077
-5.72417 -0.940881
-5.56328 -0.954865
-5.38977 -0.967001
-5.21942 -0.977268
-5.02068 -0.985645
-4.8314 -0.992115
-4.6295 -0.996666
-4.41814 -0.999289
-4.20362 -0.99998
-3.98595 -0.998737
-3.76512 -0.995562
-3.53799 -0.990461
-3.29508 -0.983445
-3.05533 -0.974527
-2.79349 -0.963724
-2.54743 -0.951057
-2.27928 -0.93655
-1.99852 -0.920232
-1.71775 -0.902134
-1.42437 -0.882291
-1.14361 -0.860742
-0.850222 -0.837528
-0.550531 -0.812694
-0.23822 -0.786288
0.0740909 -0.758362
0.380093 -0.728969
0.701867 -0.698165
1.01733 -0.666012
1.32649 -0.63257
1.63564 -0.597905
1.93849 -0.562083
2.24765 -0.525175
2.5568 -0.48725
2.87227 -0.448383
3.16565 -0.408649
3.44957 -0.368125
3.7398 -0.326888
4.0111 -0.285019
4.29186 -0.242599
4.53477 -0.19971
4.7903 -0.156434
5.03005 -0.112856
5.25403 -0.06906
5.4717 -0.0251301
5.66729 0.0188484
5.86603 0.0627905
6.03007 0.106611
6.19096 0.150226
6.34238 0.193549
6.48434 0.236499
6.60738 0.278991
6.70201 0.320944
6.79665 0.362275
6.85975 0.402906
6.91022 0.442758
6.95123 0.481754
6.97331 0.519817
6.98593 0.556876
6.98593 0.592857
6.96385 0.627691
