data = [0.00153333 0.0533817
0.00468801 0.106611
0.00468801 0.159537
-0.00162135 0.212007
0.0204626 0.263873
0.0425453 0.314987
0.0961737 0.365202
0.159266 0.414376
0.244442 0.462368
0.310688 0.509041
0.376938 0.554263
0.449494 0.597905
0.522052 0.639841
0.604072 0.679953
0.692403 0.718126
0.774424 0.754251
0.875371 0.788226
0.963702 0.819952
1.04888 0.84934
1.12775 0.876307
1.21292 0.900774
1.27917 0.922673
1.34857 0.94194
1.41482 0.958522
1.47476 0.97237
1.52523 0.983445
1.57255 0.991716
1.60094 0.997159
1.63249 0.999758
1.65773 0.999507
1.67666 0.996405
1.67035 0.990461
1.66719 0.981694
1.65142 0.970127
1.63564 0.955793
1.59779 0.938734
1.55362 0.918998
1.5063 0.896641
1.44321 0.871727
1.36434 0.844328
1.27917 0.814521
1.17506 0.782391
1.0615 0.74803
0.932157 0.711536
0.809125 0.673012
0.667166 0.63257
0.515743 0.590324
0.3517 0.546394
0.197122 0.500907
0.0236161 0.45399
-0.153045 0.40578
-0.348634 0.356412
-0.52214 0.306028
-0.711418 0.254771
-0.910161 0.202787
-1.1026 0.150226
-1.3108 0.0972355
-1.50008 0.0439681
-1.71144 -0.00942464
-1.91965 -0.0627905
-2.12155 -0.115977
-2.32345 -0.168833
-2.51588 -0.221208
-2.6957 -0.272952
-2.88182 -0.323917
-3.05533 -0.373959
-3.22883 -0.422935
-3.3771 -0.470704
-3.53483 -0.517131
-3.67679 -0.562083
-3.79983 -0.605433
-3.93863 -0.647056
-4.06482 -0.686834
-4.15315 -0.724653
-4.24148 -0.760406
-4.34243 -0.79399
-4.41183 -0.825311
-4.45915 -0.854277
-4.497 -0.880808
-4.51909 -0.904827
-4.54117 -0.926266
-4.54433 -0.945063
-4.5254 -0.961165
-4.49385 -0.974527
-4.45915 -0.985109
-4.40552 -0.992883
-4.34558 -0.997825
-4.26356 -0.999921
-4.16892 -0.999166
-4.05535 -0.995562
-3.9197 -0.989119
-3.78721 -0.979855
-3.63578 -0.967797
-3.45912 -0.952979
-3.29193 -0.935444
-3.09949 -0.915241
-2.90706 -0.892428
-2.71462 -0.867071
-2.48118 -0.83924
-2.24458 -0.809017
-2.00167 -0.776487
-1.73353 -0.741742
-1.47484 -0.704882
-1.20039 -0.666012
-0.919625 -0.625243
-0.616778 -0.58269
-0.329706 -0.538477
-0.0426322 -0.492727
0.279144 -0.445573
0.575681 -0.397148
0.887992 -0.34759
1.19399 -0.297042
1.51577 -0.245646
1.84385 -0.193549
2.14039 -0.140901
2.55049 -0.0878512
2.75239 -0.0345506
3.03 0.0188484
3.31077 0.0721938
3.59784 0.125333
3.87229 0.178115
4.15306 0.230389
4.40858 0.282007
4.64203 0.33282
4.87547 0.382683
5.08368 0.431456
5.27927 0.478998
5.46539 0.525175
5.63574 0.569853
5.79348 0.612907
5.92913 0.654213
6.09632 0.693653
6.1468 0.731116
6.22566 0.766493
6.2856 0.799685
6.34869 0.830596
6.3897 0.859139
6.38339 0.885231
6.37078 0.9088
6.34554 0.929776
6.30768 0.948102
6.26982 0.963724
6.19727 0.976597
6.13102 0.986686
6.05216 0.993961
5.93543 0.998402
5.80609 0.999995
5.66098 0.998737
5.49063 0.994631
5.30766 0.987688
5.11207 0.977929
4.89755 0.965382
4.6925 0.950081
4.45906 0.932071
4.21299 0.911403
3.9764 0.888136
3.70194 0.862337
3.43695 0.834078
3.14357 0.803441
2.85649 0.770513
2.57258 0.735388
2.26342 0.698165
1.96688 0.658952
1.65142 0.61786
1.32333 0.575005
0.98894 0.530511
0.660855 0.484504
0.323308 0.437116
-0.0110854 0.388481
-0.345479 0.338738
-0.686182 0.288029
-1.12152 0.236499
-1.35181 0.184294
-1.68936 0.131564
-2.01114 0.0784591
-2.35815 0.0251301
-2.67361 -0.0282706
-2.99854 -0.0815906
-3.30454 -0.134678
-3.62317 -0.187381
-3.9197 -0.23955
-4.22571 -0.291036
-4.49701 -0.341692
-4.77461 -0.391374
-5.02383 -0.439939
-5.2699 -0.48725
-5.50334 -0.533172
-5.71155 -0.577573
-5.90714 -0.620327
-6.09957 -0.661312
-6.26992 -0.700411
-6.43081 -0.737513
-6.57277 -0.772512
-6.69265 -0.805308
-6.79044 -0.835807
-6.88193 -0.863923
-6.93871 -0.889576
-6.9955 -0.912692
-7.01442 -0.933205
-7.01442 -0.951057
-7.01758 -0.966196
-7.00496 -0.978581
-6.95764 -0.988175
-6.8977 -0.994951
-6.79991 -0.99889
-6.69896 -0.99998
-6.58539 -0.998219
-6.45289 -0.993611
-6.30147 -0.98617
-6.13743 -0.975917
-5.93553 -0.96288
-5.74941 -0.947098
-5.52858 -0.928615
-5.29513 -0.907484
-5.08377 -0.883766
-4.82194 -0.857527
-4.56325 -0.828842
-4.2888 -0.797794
-4.00488 -0.764472
-3.7115 -0.728969
-3.41496 -0.691387
-3.1058 -0.651834
-2.77141 -0.610422
-2.43071 -0.567269
-2.09 -0.522499
-1.74614 -0.476238
-1.38967 -0.42862
-1.02057 -0.379779
-0.660944 -0.329855
-0.276075 -0.278991
0.0993284 -0.227331
0.471577 -0.175023
0.869063 -0.122216
1.25393 -0.06906
1.62618 -0.0157073
1.99212 0.0376902
2.35806 0.0909802
2.71769 0.144011
3.07732 0.196631
3.4338 0.24869
3.7745 0.30004
4.0805 0.350534
4.40227 0.400029
4.71774 0.448383
5.01428 0.495459
5.28242 0.541121
5.56949 0.585241
5.81556 0.627691
6.03007 0.668352
6.23828 0.707107
6.4181 0.743845
6.58214 0.778462
6.73671 0.81086
6.87552 0.840945
7.01748 0.868632
7.10581 0.893841
7.19098 0.916502
7.25092 0.93655
7.28878 0.953927
7.29509 0.968583
7.28247 0.980478
7.24461 0.989576
7.19414 0.995853
7.12474 0.999289
7.02379 0.999877
6.91338 0.997613
6.78088 0.992504
6.61684 0.984564
6.44018 0.973817
6.24774 0.960294
6.04269 0.944031
5.79978 0.925077
5.56003 0.903485
5.29819 0.879316
5.01428 0.85264
4.73036 0.823533
4.44644 0.792077
4.13413 0.758362
3.81866 0.722485
3.49373 0.684547
3.14672 0.644657
2.78394 0.60293
2.44954 0.559482
2.0773 0.51444
1.72397 0.46793
1.34226 0.420086
0.957394 0.371044
0.566216 0.320944
0.178194 0.269928
-0.212983 0.218143
-0.601005 0.165736
-0.985873 0.112856
-1.38652 0.0596548
-1.76192 0.00628314
-2.14363 -0.0471065
-2.50642 -0.100362
-2.87236 -0.153331
-3.22883 -0.205863
-3.579 -0.257807
-3.93232 -0.309017
-4.27302 -0.359345
-4.58218 -0.408649
-4.87241 -0.456787
-5.17526 -0.503623
-5.45287 -0.549023
-5.7147 -0.592857
-5.96392 -0.635
-6.20052 -0.675333
-6.41188 -0.71374
-6.61378 -0.750111
-6.79675 -0.784343
-6.96395 -0.816339
-7.09644 -0.846007
-7.21317 -0.873262
-7.30781 -0.898028
-7.40245 -0.920232
-7.4403 -0.939812
-7.44977 -0.956712
-7.45292 -0.970884
-7.43084 -0.982287
-7.39929 -0.990889
-7.35828 -0.996666
-7.27941 -0.9996
-7.18162 -0.999684
-7.05859 -0.996917
-6.92294 -0.991308
-6.76836 -0.982871
-6.58539 -0.971632
-6.38349 -0.957622
-6.17213 -0.940881
-5.94815 -0.921457
-5.69893 -0.899405
-5.44656 -0.874789
-5.17841 -0.847678
-4.89765 -0.81815
-4.60426 -0.786288
-4.30457 -0.752185
-4.00803 -0.715936
-3.68626 -0.677646
-3.35817 -0.637424
-3.01116 -0.595384
-2.66099 -0.551646
-2.30452 -0.506335
-1.92911 -0.45958
-1.55687 -0.411514
-1.17515 -0.362275
-0.777665 -0.312003
-0.392799 -0.260842
-0.00477602 -0.208936
0.380092 -0.156434
0.771269 -0.103487
1.15614 -0.0502443
1.54416 0.00314159
1.92903 0.0565185
2.31389 0.109734
2.68614 0.162637
3.05208 0.215076
3.40541 0.266902
3.76504 0.317967
4.10573 0.368125
4.41174 0.417233
4.7272 0.465151
5.03636 0.511743
5.31081 0.556876
5.59473 0.60042
5.84395 0.642253
6.08055 0.682254
6.29822 0.720309
6.50958 0.75631
6.69255 0.790155
6.84713 0.821746
6.98593 0.850994
7.10581 0.877816
7.20991 0.902134
7.27931 0.92388
7.34556 0.942991
7.37711 0.959412
7.39288 0.973099
7.38657 0.98401
7.35503 0.992115
7.30771 0.997391
7.25092 0.999822
7.16575 0.999403
7.05218 0.996134
6.91022 0.990024
6.7588 0.981091
6.58529 0.96936
6.40232 0.954865
6.1878 0.937647
5.95436 0.917755
5.71145 0.895246
5.44331 0.870184
5.17516 0.84264
4.88494 0.812694
4.58524 0.78043
4.26662 0.745941
3.93538 0.709325
3.61046 0.670686
3.25713 0.630134
2.9259 0.587785
2.5568 0.54376
2.18771 0.498185
1.82177 0.451189
1.43059 0.402906
1.05519 0.353475
0.654546 0.303035
0.269679 0.251732
-0.124654 0.19971
-0.522139 0.147119
-0.910161 0.0941083
-1.30134 0.0408294
-1.70198 -0.012566
-2.09 -0.0659256
-2.48118 -0.119097
-2.85027 -0.171929
-3.20991 -0.224271
-3.56323 -0.275973
-3.90709 -0.326888
-4.24463 -0.376871
-4.56325 -0.425779
-4.86926 -0.473473
-5.16895 -0.519817
-5.45287 -0.564679
-5.71786 -0.60793
-5.96077 -0.649448
-6.1879 -0.689114
-6.40873 -0.726814
-6.59801 -0.762443
-6.77152 -0.795896
-6.94187 -0.827081
-7.07436 -0.855906
-7.19108 -0.882291
-7.29203 -0.90616
-7.37721 -0.927445
-7.41822 -0.946085
-7.44977 -0.962028
-7.45923 -0.975227
-7.44346 -0.985645
-7.41822 -0.993252
-7.34882 -0.998027
-7.27311 -0.999956
-7.17216 -0.999033
-7.04281 -0.995261
-6.90086 -0.988652
