data = [0.0236161 0.0376902
0.0299254 0.0753268
0.0236161 0.112856
0.00468801 0.150226
0.042543 0.187381
0.0772445 0.224271
0.108791 0.260842
0.156111 0.297042
0.193966 0.33282
0.244441 0.368125
0.301226 0.402906
0.358009 0.437116
0.427412 0.470704
0.48104 0.503623
0.550443 0.535827
0.626155 0.567269
0.692402 0.597905
0.749187 0.627691
0.818588 0.656586
0.875372 0.684547
0.94162 0.711536
0.998404 0.737513
1.0615 0.762443
1.11513 0.786288
1.15929 0.809017
1.21607 0.830596
1.26339 0.850994
1.2981 0.870184
1.34226 0.888136
1.37065 0.904827
1.40535 0.920232
1.43059 0.934329
1.44006 0.947098
1.45898 0.958522
1.46214 0.968583
1.46214 0.977268
1.45583 0.984564
1.45583 0.990461
1.42744 0.994951
1.41482 0.998027
1.38012 0.999684
1.33911 0.999921
1.30441 0.998737
1.2634 0.996134
1.20661 0.992115
1.15614 0.986686
1.08673 0.979855
1.01102 0.971632
0.941621 0.962028
0.853291 0.951057
0.761805 0.938734
0.670321 0.925077
0.569372 0.910106
0.452649 0.893841
0.342236 0.876307
0.228669 0.857527
0.115102 0.837528
-0.0142401 0.816339
-0.137271 0.79399
-0.266612 0.770513
-0.399107 0.745941
-0.52214 0.720309
-0.664099 0.693653
-0.796595 0.666012
-0.944862 0.637424
-1.1026 0.60793
-1.2414 0.577573
-1.3739 0.546394
-1.50639 0.51444
-1.63258 0.481754
-1.76192 0.448383
-1.90388 0.414376
-2.03322 0.379779
-2.16256 0.344643
-2.28559 0.309017
-2.40547 0.272952
-2.53165 0.236499
-2.62945 0.19971
-2.7304 0.162637
-2.82504 0.125333
-2.9323 0.0878512
-3.02063 0.0502443
-3.1058 0.012566
-3.18151 -0.0251301
-3.25091 -0.0627905
-3.31401 -0.100362
-3.35502 -0.13779
-3.4118 -0.175023
-3.4465 -0.212007
-3.49067 -0.24869
-3.52853 -0.285019
-3.5443 -0.320944
-3.55376 -0.356412
-3.56323 -0.391374
-3.56954 -0.425779
-3.56323 -0.45958
-3.55692 -0.492727
-3.53484 -0.525175
-3.51275 -0.556876
-3.46543 -0.587785
-3.42758 -0.61786
-3.38026 -0.647056
-3.3077 -0.675333
-3.23199 -0.70265
-3.17205 -0.728969
-3.1058 -0.754251
-3.00485 -0.778462
-2.95122 -0.801567
-2.89128 -0.823533
-2.79034 -0.844328
-2.68623 -0.863923
-2.57897 -0.882291
-2.45594 -0.899405
-2.33607 -0.915241
-2.20672 -0.929776
-2.07738 -0.942991
-1.94489 -0.954865
-1.80924 -0.965382
-1.66728 -0.974527
-1.50639 -0.982287
-1.35181 -0.988652
-1.1089 -0.993611
-1.00796 -0.997159
-0.853378 -0.999289
-0.667253 -1
-0.487437 -0.999289
-0.298158 -0.997159
-0.115187 -0.993611
0.0614734 -0.988652
0.250752 -0.982287
0.440031 -0.974527
0.632465 -0.965382
0.828053 -0.954865
1.01733 -0.942991
1.22554 -0.929776
1.40851 -0.915241
1.59148 -0.899405
1.76814 -0.882291
1.95111 -0.863923
2.11831 -0.844328
2.29497 -0.823533
2.45901 -0.801567
2.61674 -0.778462
2.78078 -0.754251
2.91643 -0.728969
3.08363 -0.70265
3.20351 -0.675333
3.35493 -0.647056
3.48112 -0.61786
3.59784 -0.587785
3.70194 -0.556876
3.79973 -0.525175
3.89753 -0.492727
3.9764 -0.45958
4.06788 -0.425779
4.13728 -0.391374
4.20984 -0.356412
4.27293 -0.320944
4.3171 -0.285019
4.37703 -0.24869
4.41805 -0.212007
4.46221 -0.175023
4.4843 -0.13779
4.50638 -0.100362
4.51584 -0.0627905
4.51899 -0.0251301
4.52215 0.012566
4.52531 0.0502443
4.51269 0.0878512
4.49691 0.125333
4.48745 0.162637
4.48114 0.19971
4.45906 0.236499
4.44013 0.272952
4.39596 0.309017
4.35495 0.344643
4.31394 0.379779
4.26032 0.414376
4.20984 0.448383
4.1499 0.481754
4.08365 0.51444
4.0111 0.546394
3.94169 0.577573
3.85967 0.60793
3.77765 0.637424
3.69563 0.666012
3.59784 0.693653
3.50004 0.720309
3.37701 0.745941
3.27291 0.770513
3.14988 0.79399
3.03631 0.816339
2.91328 0.837528
2.78709 0.857527
2.65144 0.876307
2.51264 0.893841
2.38014 0.910106
2.23187 0.925077
2.08991 0.938734
1.93849 0.951057
1.79338 0.962028
1.62303 0.971632
1.47791 0.979855
1.32333 0.986686
1.14667 0.992115
0.982632 0.996134
0.821744 0.998737
0.645083 0.999921
0.474732 0.999684
0.298072 0.998027
0.115102 0.994951
-0.0773325 0.990461
-0.260303 0.984564
-0.446428 0.977268
-0.635706 0.968583
-0.83445 0.958522
-1.02057 0.947098
-1.21616 0.934329
-1.41806 0.920232
-1.61365 0.904827
-1.82186 0.888136
-2.0206 0.870184
-2.22881 0.850994
-2.41493 0.830596
-2.62945 0.809017
-2.8345 0.786288
-3.0364 0.762443
-3.22883 0.737513
-3.41496 0.711536
-3.59793 0.684547
-3.77774 0.656586
-3.95125 0.627691
-4.11845 0.597905
-4.29195 0.567269
-4.43707 0.535827
-4.58849 0.503623
-4.73045 0.470704
-4.8661 0.437116
-4.99544 0.402906
-5.09955 0.368125
-5.20996 0.33282
-5.31406 0.297042
-5.39293 0.260842
-5.46549 0.224271
-5.51596 0.187381
-5.5759 0.150226
-5.62006 0.112856
-5.65476 0.0753268
-5.68316 0.0376902
-5.69893 3.76709e-14
-5.72101 -0.0376902
-5.72417 -0.0753268
-5.71786 -0.112856
-5.70209 -0.150226
-5.67369 -0.187381
-5.62322 -0.224271
-5.58536 -0.260842
-5.53489 -0.297042
-5.49072 -0.33282
-5.43394 -0.368125
-5.36769 -0.402906
-5.29513 -0.437116
-5.21311 -0.470704
-5.12794 -0.503623
-5.02699 -0.535827
-4.93866 -0.567269
-4.82509 -0.597905
-4.69259 -0.627691
-4.58218 -0.656586
-4.45915 -0.684547
-4.31404 -0.711536
-4.18154 -0.737513
-4.04274 -0.762443
-3.90393 -0.786288
-3.77144 -0.809017
-3.61686 -0.830596
-3.46543 -0.850994
-3.30139 -0.870184
-3.14997 -0.888136
-2.98277 -0.904827
-2.81873 -0.920232
-2.65469 -0.934329
-2.48749 -0.947098
-2.30767 -0.958522
-2.12786 -0.968583
-1.94804 -0.977268
-1.75876 -0.984564
-1.56949 -0.990461
-1.36443 -0.994951
-1.16884 -0.998027
-0.960636 -0.999684
-0.727191 -0.999921
-0.522138 -0.998737
-0.298158 -0.996134
-0.0773324 -0.992115
0.143493 -0.986686
0.35801 -0.979855
0.585144 -0.971632
0.793352 -0.962028
1.00471 -0.951057
1.22554 -0.938734
1.44952 -0.925077
1.65773 -0.910106
1.88171 -0.893841
2.08991 -0.876307
2.28866 -0.857527
2.48425 -0.837528
2.67983 -0.816339
2.87542 -0.79399
3.05208 -0.770513
3.22243 -0.745941
3.4054 -0.720309
3.56629 -0.693653
3.73033 -0.666012
3.88807 -0.637424
4.02687 -0.60793
4.16568 -0.577573
4.29502 -0.546394
4.40543 -0.51444
4.52215 -0.481754
4.6231 -0.448383
4.73036 -0.414376
4.79976 -0.379779
4.88178 -0.344643
4.94487 -0.309017
5.01428 -0.272952
5.07106 -0.236499
5.12153 -0.19971
5.16254 -0.162637
5.19094 -0.125333
5.21933 -0.0878512
5.24141 -0.0502443
5.25403 -0.012566
5.2698 0.0251301
5.26349 0.0627905
5.25718 0.100362
5.24772 0.13779
5.22248 0.175023
5.20986 0.212007
5.17516 0.24869
5.14677 0.285019
5.11838 0.320944
5.07737 0.356412
5.02059 0.391374
4.96065 0.425779
4.90071 0.45958
4.84392 0.492727
4.78399 0.525175
4.70512 0.556876
4.61048 0.587785
4.52215 0.61786
4.43382 0.647056
4.34864 0.675333
4.23192 0.70265
4.12151 0.728969
3.98586 0.754251
3.86598 0.778462
3.72718 0.801567
3.58206 0.823533
3.4401 0.844328
3.30445 0.863923
3.14041 0.882291
3.00161 0.899405
2.84703 0.915241
2.68614 0.929776
2.52526 0.942991
2.36752 0.954865
2.19086 0.965382
2.02367 0.974527
1.85016 0.982287
1.67034 0.988652
1.48422 0.993611
1.30441 0.997159
1.12144 0.999289
0.941621 1
0.742877 0.999289
0.544133 0.997159
0.335927 0.993611
0.137183 0.988652
-0.0678696 0.982287
-0.276077 0.974527
-0.477973 0.965382
-0.708263 0.954865
-0.92278 0.942991
-1.14676 0.929776
-1.33919 0.915241
-1.54109 0.899405
-1.75876 0.882291
-1.9859 0.863923
-2.20988 0.844328
-2.42124 0.823533
-2.64522 0.801567
-2.85659 0.778462
-3.0711 0.754251
-3.27931 0.728969
-3.47805 0.70265
-3.66733 0.675333
-3.8503 0.647056
-4.03643 0.61786
-4.20993 0.587785
-4.38659 0.556876
-4.5601 0.525175
-4.70521 0.492727
-4.85664 0.45958
-4.97651 0.425779
-5.11532 0.391374
-5.21627 0.356412
-5.32037 0.320944
-5.41817 0.285019
-5.50019 0.24869
-5.58536 0.212007
-5.64215 0.175023
-5.70208 0.13779
-5.73679 0.100362
-5.7778 0.0627905
-5.80934 0.0251301
-5.83143 -0.012566
-5.84405 -0.0502443
-5.83458 -0.0878512
-5.83143 -0.125333
-5.81565 -0.162637
-5.78411 -0.19971
-5.7494 -0.236499
-5.70524 -0.272952
-5.66107 -0.309017
-5.60745 -0.344643
-5.54751 -0.379779
-5.47811 -0.414376
-5.4087 -0.448383
-5.31722 -0.481754
-5.23835 -0.51444
-5.15002 -0.546394
-5.04276 -0.577573
-4.94497 -0.60793
-4.82824 -0.637424
-4.71783 -0.666012
-4.59164 -0.693653
-4.4623 -0.720309
-4.33927 -0.745941
-4.191 -0.770513
-4.05851 -0.79399
-3.89131 -0.816339
-3.75251 -0.837528
-3.59793 -0.857527
