data = [0.0173067 0.0314108
0.0141521 0.0627905
0.00468801 0.0941083
0.00784269 0.125333
0.0204614 0.156434
0.0362348 0.187381
0.0646269 0.218143
0.0993284 0.24869
0.140338 0.278991
0.171885 0.309017
0.228669 0.338738
0.263369 0.368125
0.323308 0.397148
0.361164 0.425779
0.424257 0.45399
0.481041 0.481754
0.537825 0.509041
0.591454 0.535827
0.645083 0.562083
0.705021 0.587785
0.739724 0.612907
0.787044 0.637424
0.840672 0.661312
0.894302 0.684547
0.941622 0.707107
0.992094 0.728969
1.03626 0.750111
1.07727 0.770513
1.11513 0.790155
1.14036 0.809017
1.18137 0.827081
1.2003 0.844328
1.22869 0.860742
1.24131 0.876307
1.25393 0.891007
1.2634 0.904827
1.25393 0.917755
1.26024 0.929776
1.25709 0.940881
1.25078 0.951057
1.22238 0.960294
1.20661 0.968583
1.18768 0.975917
1.1656 0.982287
1.13405 0.987688
1.09304 0.992115
1.04572 0.995562
0.998404 0.998027
0.951085 0.999507
0.906919 1
0.843826 0.999507
0.774424 0.998027
0.695557 0.995562
0.616691 0.992115
0.531515 0.987688
0.443185 0.982287
0.364318 0.975917
0.272833 0.968583
0.178193 0.960294
0.0772445 0.951057
-0.0237029 0.940881
-0.124653 0.929776
-0.231911 0.917755
-0.329706 0.904827
-0.443273 0.891007
-0.547376 0.876307
-0.651481 0.860742
-0.765047 0.844328
-0.875459 0.827081
-0.985873 0.809017
-1.09944 0.790155
-1.2067 0.770513
-1.30765 0.750111
-1.42752 0.728969
-1.53163 0.707107
-1.62627 0.684547
-1.73353 0.661312
-1.82186 0.637424
-1.92281 0.612907
-2.01114 0.587785
-2.10262 0.562083
-2.19095 0.535827
-2.27613 0.509041
-2.35499 0.481754
-2.43071 0.45399
-2.50642 0.425779
-2.56636 0.397148
-2.6326 0.368125
-2.67992 0.338738
-2.73986 0.309017
-2.79034 0.278991
-2.82819 0.24869
-2.86605 0.218143
-2.90075 0.187381
-2.93545 0.156434
-2.97331 0.125333
-3.0017 0.0941083
-3.00801 0.0627905
-3.02063 0.0314108
-3.01747 1.45473e-15
-3.02063 -0.0314108
-3.01432 -0.0627905
-2.99539 -0.0941083
-2.98277 -0.125333
-2.95438 -0.156434
-2.92914 -0.187381
-2.90706 -0.218143
-2.88813 -0.24869
-2.85974 -0.278991
-2.80611 -0.309017
-2.76194 -0.338738
-2.72093 -0.368125
-2.67046 -0.397148
-2.60737 -0.425779
-2.55058 -0.45399
-2.50011 -0.481754
-2.44017 -0.509041
-2.36761 -0.535827
-2.30767 -0.562083
-2.25404 -0.587785
-2.14363 -0.612907
-2.08685 -0.637424
-1.99221 -0.661312
-1.90388 -0.684547
-1.82186 -0.707107
-1.73037 -0.728969
-1.62942 -0.750111
-1.53794 -0.770513
-1.43699 -0.790155
-1.32973 -0.809017
-1.22878 -0.827081
-1.11206 -0.844328
-0.998491 -0.860742
-0.881769 -0.876307
-0.758737 -0.891007
-0.632551 -0.904827
-0.503211 -0.917755
-0.380179 -0.929776
-0.247684 -0.940881
-0.115189 -0.951057
0.0299254 -0.960294
0.18135 -0.968583
0.339083 -0.975917
0.436877 -0.982287
0.591454 -0.987688
0.720795 -0.992115
0.862755 -0.995562
0.992096 -0.998027
1.11828 -0.999507
1.26024 -1
1.38643 -0.999507
1.5063 -0.998027
1.6388 -0.995562
1.76183 -0.992115
1.88802 -0.987688
1.99528 -0.982287
2.10569 -0.975917
2.20979 -0.968583
2.3139 -0.960294
2.40854 -0.951057
2.49371 -0.940881
2.57889 -0.929776
2.6546 -0.917755
2.72715 -0.904827
2.79971 -0.891007
2.85649 -0.876307
2.92905 -0.860742
2.98584 -0.844328
3.03631 -0.827081
3.08363 -0.809017
3.13411 -0.790155
3.16565 -0.770513
3.20035 -0.750111
3.2319 -0.728969
3.26975 -0.707107
3.28237 -0.684547
3.31077 -0.661312
3.33916 -0.637424
3.35177 -0.612907
3.36124 -0.587785
3.37386 -0.562083
3.38332 -0.535827
3.38963 -0.509041
3.39594 -0.481754
3.39279 -0.45399
3.38963 -0.425779
3.38332 -0.397148
3.37386 -0.368125
3.36439 -0.338738
3.35177 -0.309017
3.33285 -0.278991
3.32023 -0.24869
3.29499 -0.218143
3.27606 -0.187381
3.26975 -0.156434
3.23505 -0.125333
3.20666 -0.0941083
3.16565 -0.0627905
3.13726 -0.0314108
3.10887 -2.0673e-14
3.06786 0.0314108
3.02369 0.0627905
2.97952 0.0941083
2.93221 0.125333
2.8912 0.156434
2.84387 0.187381
2.78709 0.218143
2.73662 0.24869
2.68299 0.278991
2.62305 0.309017
2.56311 0.338738
2.4874 0.368125
2.40222 0.397148
2.33913 0.425779
2.25711 0.45399
2.18455 0.481754
2.10884 0.509041
2.02998 0.535827
1.94796 0.562083
1.85963 0.587785
1.77445 0.612907
1.67981 0.637424
1.6041 0.661312
1.51261 0.684547
1.42744 0.707107
1.33595 0.728969
1.24447 0.750111
1.15929 0.770513
1.07096 0.790155
0.985786 0.809017
0.875374 0.827081
0.780733 0.844328
0.679785 0.860742
0.575681 0.876307
0.468422 0.891007
0.364319 0.904827
0.257061 0.917755
0.146647 0.929776
0.0236161 0.940881
-0.0836418 0.951057
-0.200365 0.960294
-0.33286 0.968583
-0.449582 0.975917
-0.569459 0.982287
-0.705109 0.987688
-0.834451 0.992115
-0.9701 0.995562
-1.10259 0.998027
-1.23509 0.999507
-1.37705 1
-1.51585 0.999507
-1.65782 0.998027
-1.784 0.995562
-1.92281 0.992115
-2.06161 0.987688
-2.19411 0.982287
-2.32345 0.975917
-2.45279 0.968583
-2.56951 0.960294
-2.70516 0.951057
-2.83135 0.940881
-2.94176 0.929776
-3.05217 0.917755
-3.15312 0.904827
-3.24776 0.891007
-3.32663 0.876307
-3.43073 0.860742
-3.50013 0.844328
-3.58215 0.827081
-3.63894 0.809017
-3.71465 0.790155
-3.76828 0.770513
-3.83768 0.750111
-3.88185 0.728969
-3.92286 0.707107
-3.96702 0.684547
-3.99857 0.661312
-4.00803 0.637424
-4.03327 0.612907
-4.03643 0.587785
-4.03327 0.562083
-4.04904 0.535827
-4.0522 0.509041
-4.03327 0.481754
-4.02381 0.45399
-4.00488 0.425779
-3.98911 0.397148
-3.96702 0.368125
-3.94809 0.338738
-3.90077 0.309017
-3.85345 0.278991
-3.83768 0.24869
-3.78405 0.218143
-3.72411 0.187381
-3.65787 0.156434
-3.61055 0.125333
-3.56954 0.0941083
-3.51275 0.0627905
-3.47174 0.0314108
-3.40549 3.94472e-14
-3.35502 -0.0314108
-3.29508 -0.0627905
-3.22883 -0.0941083
-3.14997 -0.125333
-3.0711 -0.156434
-3.03009 -0.187381
-2.94176 -0.218143
-2.86289 -0.24869
-2.80295 -0.278991
-2.71778 -0.309017
-2.65784 -0.338738
-2.57897 -0.368125
-2.50326 -0.397148
-2.42755 -0.425779
-2.34868 -0.45399
-2.26666 -0.481754
-2.19726 -0.509041
-2.11839 -0.535827
-2.03637 -0.562083
-1.95751 -0.587785
-1.87864 -0.612907
-1.79347 -0.637424
-1.70198 -0.661312
-1.62627 -0.684547
-1.53794 -0.707107
-1.45276 -0.728969
-1.36443 -0.750111
-1.26348 -0.770513
-1.18462 -0.790155
-1.06789 -0.809017
-0.963792 -0.827081
-0.850223 -0.844328
-0.74612 -0.860742
-0.623088 -0.876307
-0.493747 -0.891007
-0.377025 -0.904827
-0.244529 -0.917755
-0.115187 -0.929776
0.0236172 -0.940881
0.159266 -0.951057
0.298071 -0.960294
0.427413 -0.968583
0.569372 -0.975917
0.720795 -0.982287
0.86591 -0.987688
1.01102 -0.992115
1.15614 -0.995562
1.31071 -0.998027
1.45583 -0.999507
1.60725 -1
1.75237 -0.999507
1.89433 -0.998027
2.03629 -0.995562
2.17509 -0.992115
2.30759 -0.987688
2.44639 -0.982287
2.56627 -0.975917
2.6893 -0.968583
2.81864 -0.960294
2.93536 -0.951057
3.04893 -0.940881
3.14988 -0.929776
3.25398 -0.917755
3.35493 -0.904827
3.44957 -0.891007
3.53475 -0.876307
3.6073 -0.860742
3.68617 -0.844328
3.75242 -0.827081
3.81235 -0.809017
3.88176 -0.790155
3.94801 -0.770513
4.00164 -0.750111
4.03949 -0.728969
4.08996 -0.707107
4.11835 -0.684547
4.14359 -0.661312
4.17514 -0.637424
4.19407 -0.612907
4.20984 -0.587785
4.2193 -0.562083
4.23823 -0.535827
4.2477 -0.509041
4.2477 -0.481754
4.23823 -0.45399
4.24454 -0.425779
4.23192 -0.397148
4.21615 -0.368125
4.19407 -0.338738
4.18145 -0.309017
4.1499 -0.278991
4.12782 -0.24869
4.09312 -0.218143
4.04895 -0.187381
4.01741 -0.156434
3.97324 -0.125333
3.92592 -0.0941083
3.88491 -0.0627905
3.81866 -0.0314108
3.76819 3.68136e-14
3.71456 0.0314108
3.65147 0.0627905
3.58522 0.0941083
3.52844 0.125333
3.44326 0.156434
3.38017 0.187381
3.31077 0.218143
3.21928 0.24869
3.14041 0.278991
3.03946 0.309017
2.97006 0.338738
2.86911 0.368125
2.76816 0.397148
2.6893 0.425779
2.58835 0.45399
2.50002 0.481754
2.40223 0.509041
2.29181 0.535827
2.19717 0.562083
2.09622 0.587785
1.98897 0.612907
1.88486 0.637424
1.78391 0.661312
1.6735 0.684547
1.58517 0.707107
1.48107 0.728969
1.38012 0.750111
1.27601 0.770513
1.17507 0.790155
1.07096 0.809017
0.976322 0.827081
0.862755 0.844328
0.755497 0.860742
0.648239 0.876307
0.534672 0.891007
0.427413 0.904827
0.320155 0.917755
0.200278 0.929776
0.0804003 0.940881
-0.0363217 0.951057
-0.156198 0.960294
-0.276076 0.968583
