data = [-0.0615591 0.0408294
-0.0678684 0.0815906
-0.0647138 0.122216
-0.0520951 0.162637
-0.0394763 0.202787
0.00153333 0.242599
0.0330801 0.282007
0.074091 0.320944
0.121411 0.359345
0.17504 0.397148
0.234977 0.434288
0.29807 0.470704
0.373782 0.506335
0.446338 0.541121
0.506277 0.575005
0.578834 0.60793
0.651391 0.639841
0.723948 0.670686
0.79966 0.700411
0.881681 0.728969
0.947929 0.75631
1.01733 0.782391
1.08358 0.807166
1.14352 0.830596
1.20976 0.85264
1.25709 0.873262
1.30125 0.892428
1.34857 0.910106
1.39274 0.926266
1.42113 0.940881
1.44006 0.953927
1.46214 0.965382
1.48422 0.975227
1.49999 0.983445
1.49053 0.990024
1.49053 0.994951
1.47476 0.998219
1.46214 0.999822
1.4369 0.999758
1.40535 0.998027
1.37696 0.994631
1.3328 0.989576
1.28863 0.982871
1.23185 0.974527
1.15929 0.964557
1.0962 0.952979
1.00156 0.939812
0.916383 0.925077
0.818589 0.9088
0.714485 0.891007
0.610382 0.871727
0.499969 0.850994
0.389557 0.828842
0.260215 0.805308
0.137183 0.78043
0.00153334 0.754251
-0.137271 0.726814
-0.285539 0.698165
-0.424344 0.668352
-0.569459 0.637424
-0.720882 0.605433
-0.872306 0.572432
-1.02373 0.538477
-1.172 0.503623
-1.32342 0.46793
-1.48431 0.431456
-1.63573 0.394263
-1.784 0.356412
-1.92912 0.317967
-2.07423 0.278991
-2.21304 0.23955
-2.35184 0.19971
-2.48749 0.159537
-2.62629 0.119097
-2.74932 0.0784591
-2.86289 0.0376902
-2.98277 -0.00314159
-3.1058 -0.0439681
-3.2036 -0.0847213
-3.29824 -0.125333
-3.39287 -0.165736
-3.47805 -0.205863
-3.55376 -0.245646
-3.61055 -0.285019
-3.67995 -0.323917
-3.72096 -0.362275
-3.76197 -0.400029
-3.79667 -0.437116
-3.83453 -0.473473
-3.85346 -0.509041
-3.86292 -0.54376
-3.86607 -0.577573
-3.85661 -0.610422
-3.83768 -0.642253
-3.81244 -0.673012
-3.78721 -0.70265
-3.73989 -0.731116
-3.69572 -0.758362
-3.63894 -0.784343
-3.57269 -0.809017
-3.5096 -0.832341
-3.43704 -0.854277
-3.3424 -0.874789
-3.25722 -0.893841
-3.15312 -0.911403
-3.04586 -0.927445
-2.88498 -0.94194
-2.78718 -0.954865
-2.67677 -0.966196
-2.53481 -0.975917
-2.36761 -0.98401
-2.21619 -0.990461
-2.05215 -0.995261
-1.89126 -0.998402
-1.73037 -0.999877
-1.55056 -0.999684
-1.36759 -0.997825
-1.17831 -0.994301
-0.979564 -0.989119
-0.774512 -0.982287
-0.440118 -0.973817
-0.285539 -0.963724
-0.127806 -0.952023
0.0930202 -0.938734
0.317 -0.92388
0.534671 -0.907484
0.752341 -0.889576
0.963702 -0.870184
1.17822 -0.84934
1.39589 -0.827081
1.61987 -0.803441
1.83123 -0.778462
2.04575 -0.752185
2.25396 -0.724653
2.45901 -0.695913
2.66406 -0.666012
2.85649 -0.635
3.03946 -0.60293
3.22243 -0.569853
3.38963 -0.535827
3.55052 -0.500907
3.7051 -0.465151
3.93223 -0.42862
4.00794 -0.391374
4.13097 -0.353475
4.27609 -0.314987
4.38966 -0.275973
4.50322 -0.236499
4.60102 -0.196631
4.6925 -0.156434
4.76821 -0.115977
4.83762 -0.0753268
4.88809 -0.0345506
4.95118 0.00628314
4.98904 0.0471065
5.04267 0.0878512
5.06475 0.128449
5.08368 0.168833
5.12469 0.208936
5.12153 0.24869
5.12153 0.288029
5.11838 0.326888
5.09314 0.365202
5.08052 0.402906
5.04267 0.439939
5.00481 0.476238
4.9638 0.511743
4.91017 0.546394
4.86601 0.580134
4.79345 0.612907
4.73351 0.644657
4.67357 0.675333
4.59155 0.704882
4.50007 0.733255
4.41174 0.760406
4.31394 0.786288
4.20353 0.81086
4.08681 0.834078
3.96378 0.855906
3.82813 0.876307
3.69879 0.895246
3.55367 0.912692
3.40225 0.928615
3.26029 0.942991
3.0994 0.955793
2.93852 0.967001
2.77763 0.976597
2.59781 0.984564
2.43377 0.990889
2.25711 0.995562
2.06783 0.998574
1.88486 0.999921
1.69874 0.9996
1.49684 0.997613
1.30125 0.993961
1.09935 0.988652
0.8943 0.981694
0.695558 0.973099
0.484196 0.96288
0.272835 0.951057
0.0488535 0.937647
-0.168817 0.922673
-0.386489 0.90616
-0.619933 0.888136
-0.850223 0.868632
-1.0742 0.847678
-1.30449 0.825311
-1.53478 0.801567
-1.76507 0.776487
-1.99536 0.750111
-2.21934 0.722485
-2.45279 0.693653
-2.68308 0.663665
-2.91337 0.63257
-3.14366 0.60042
-3.36133 0.567269
-3.59162 0.533172
-3.80613 0.498185
-4.01434 0.462368
-4.20993 0.425779
-4.40237 0.388481
-4.59165 0.350534
-4.77777 0.312003
-4.9355 0.272952
-5.1027 0.233445
-5.25728 0.193549
-5.39293 0.153331
-5.53173 0.112856
-5.6453 0.0721938
-5.75571 0.0314108
-5.85036 -0.00942464
-5.92922 -0.0502443
-6.0144 -0.0909802
-6.07433 -0.131564
-6.1185 -0.171929
-6.15636 -0.212007
-6.1879 -0.251732
-6.21314 -0.291036
-6.22576 -0.329855
-6.21629 -0.368125
-6.21945 -0.40578
-6.1879 -0.442758
-6.1532 -0.478998
-6.10273 -0.51444
-6.0491 -0.549023
-5.986 -0.58269
-5.9166 -0.615386
-5.84404 -0.647056
-5.74625 -0.677646
-5.65477 -0.707107
-5.5412 -0.735388
-5.42132 -0.762443
-5.29829 -0.788226
-5.14371 -0.812694
-4.95127 -0.835807
-4.85033 -0.857527
-4.6989 -0.877816
-4.54748 -0.896641
-4.37713 -0.913971
-4.21309 -0.929776
-4.03642 -0.944031
-3.85661 -0.956712
-3.66733 -0.967797
-3.48121 -0.977268
-3.29193 -0.985109
-3.07741 -0.991308
-2.86605 -0.995853
-2.67046 -0.998737
-2.43386 -0.999956
-2.20041 -0.999507
-1.96382 -0.997391
-1.72406 -0.993611
-1.478 -0.988175
-1.22563 -0.981091
-0.966945 -0.97237
-0.717727 -0.962028
-0.449581 -0.950081
-0.187746 -0.93655
0.074091 -0.921457
0.339082 -0.904827
0.616692 -0.886688
0.887992 -0.867071
1.15929 -0.846007
1.43059 -0.823533
1.68612 -0.799685
1.95742 -0.774503
2.24134 -0.74803
2.46847 -0.720309
2.73031 -0.691387
2.97322 -0.661312
3.20982 -0.630134
3.44326 -0.597905
3.68617 -0.564679
3.91646 -0.530511
4.12151 -0.495459
4.32341 -0.45958
4.51584 -0.422935
4.68619 -0.385584
4.83762 -0.34759
4.9985 -0.309017
5.15939 -0.269928
5.29504 -0.230389
5.48747 -0.190466
5.55372 -0.150226
5.64836 -0.109734
5.75246 -0.06906
5.82502 -0.0282706
5.89127 0.012566
5.9449 0.0533817
5.98275 0.0941083
6.00168 0.134678
6.02061 0.175023
6.03954 0.215076
6.05216 0.254771
6.049 0.29404
6.04269 0.33282
6.02376 0.371044
6.00799 0.408649
5.96383 0.445573
5.92281 0.481754
5.87234 0.517131
5.8124 0.551646
5.75246 0.585241
5.67044 0.61786
5.6042 0.649448
5.51902 0.679953
5.42753 0.709325
5.32659 0.737513
5.21617 0.764472
5.10576 0.790155
4.98273 0.814521
4.85339 0.837528
4.71143 0.859139
4.56632 0.879316
4.41805 0.898028
4.2477 0.915241
4.07419 0.930928
3.89753 0.945063
3.72402 0.957622
3.53475 0.968583
3.34862 0.977929
3.15934 0.985645
2.9606 0.991716
2.76185 0.996134
2.5568 0.99889
2.34859 0.99998
2.13092 0.999403
1.91641 0.997159
1.7082 0.993252
1.48422 0.987688
1.26024 0.980478
1.03626 0.971632
0.805971 0.961165
0.575681 0.949096
0.335927 0.935444
0.108792 0.920232
-0.127807 0.903485
-0.370715 0.885231
-0.61047 0.865501
-0.850223 0.844328
-1.09313 0.821746
-1.35181 0.797794
-1.59157 0.772512
-1.82501 0.745941
-2.07738 0.718126
-2.32976 0.689114
-2.56636 0.658952
-2.81242 0.627691
-3.04586 0.595384
-3.29193 0.562083
-3.52537 0.527846
-3.75882 0.492727
-3.97649 0.456787
-4.20047 0.420086
-4.40237 0.382683
-4.61057 0.344643
-4.79354 0.306028
-4.98913 0.266902
-5.1721 0.227331
-5.33299 0.187381
-5.48441 0.147119
-5.62953 0.106611
-5.76833 0.0659256
-5.88821 0.0251301
-6.00493 -0.0157073
-6.09957 -0.0565185
-6.1879 -0.0972355
-6.25731 -0.13779
-6.3204 -0.178115
-6.36772 -0.218143
-6.39295 -0.257807
-6.43081 -0.297042
-6.44343 -0.33578
-6.44343 -0.373959
-6.44343 -0.411514
-6.41504 -0.448383
-6.38034 -0.484504
-6.34248 -0.519817
-6.2857 -0.554263
-6.23207 -0.587785
-6.16582 -0.620327
-6.0838 -0.651834
-5.99862 -0.682254
-5.91029 -0.711536
-5.79673 -0.739631
-5.68947 -0.766493
-5.5759 -0.792077
-5.45918 -0.816339
-5.32353 -0.83924
-5.1721 -0.860742
-5.02383 -0.880808
-4.86295 -0.899405
-4.70521 -0.916502
-4.54117 -0.932071
-4.3582 -0.946085
-4.18469 -0.958522
-4.00488 -0.96936
-3.83453 -0.978581
-3.63263 -0.98617
-3.4465 -0.992115
-3.24776 -0.996405
-3.03325 -0.999033
-2.81557 -0.999995
-2.59159 -0.999289
-2.35499 -0.996917
-2.11209 -0.992883
-1.86287 -0.987192
-1.62311 -0.979855
-1.36443 -0.970884
-1.1089 -0.960294
-0.856531 -0.948102
-0.588387 -0.934329
-0.317086 -0.918998
-0.0552497 -0.902134
0.219205 -0.883766
0.496814 -0.863923
0.77127 -0.84264
1.04888 -0.819952
1.31702 -0.795896
1.61356 -0.770513
1.86909 -0.743845
2.13408 -0.715936
2.39907 -0.686834
