data = [-0.00162135 0.0596548
-0.00162135 0.119097
-0.00477603 0.178115
0.0204602 0.236499
0.0425442 0.29404
0.0867097 0.350534
0.146647 0.40578
0.197122 0.45958
0.275989 0.511743
0.354855 0.562083
0.433722 0.610422
0.525205 0.656586
0.622999 0.700411
0.720794 0.741742
0.815434 0.78043
0.910073 0.816339
0.995249 0.84934
1.08989 0.879316
1.18137 0.90616
1.26024 0.929776
1.35488 0.950081
1.43059 0.967001
1.5063 0.980478
1.5694 0.990461
1.62618 0.996917
1.66719 0.999822
1.69874 0.999166
1.71766 0.994951
1.73028 0.987192
1.7429 0.975917
1.73975 0.961165
1.72082 0.942991
1.69558 0.921457
1.66088 0.896641
1.61987 0.868632
1.5694 0.837528
1.49684 0.803441
1.40536 0.766493
1.30441 0.726814
1.19084 0.684547
1.05834 0.639841
0.922693 0.592857
0.774424 0.54376
0.613536 0.492727
0.449494 0.439939
0.279143 0.385584
0.0867097 0.329855
-0.105725 0.272952
-0.310778 0.215076
-0.509521 0.156434
-0.730345 0.0972355
-0.954326 0.0376902
-1.17515 -0.0219894
-1.39598 -0.0815906
-1.60734 -0.140901
-1.83132 -0.19971
-2.05215 -0.257807
-2.27613 -0.314987
-2.49695 -0.371044
-2.71147 -0.425779
-2.90706 -0.478998
-3.09318 -0.530511
-3.29508 -0.580134
-3.46859 -0.627691
-3.63894 -0.673012
-3.79983 -0.715936
-3.9481 -0.75631
-4.0869 -0.79399
-4.19731 -0.828842
-4.31719 -0.860742
-4.41498 -0.889576
-4.50016 -0.915241
-4.56956 -0.937647
-4.62319 -0.956712
-4.66736 -0.97237
-4.69575 -0.984564
-4.71468 -0.993252
-4.69259 -0.998402
-4.6642 -0.999995
-4.61688 -0.998027
-4.55694 -0.992504
-4.47808 -0.983445
-4.37713 -0.970884
-4.26987 -0.954865
-4.14684 -0.935444
-4.00803 -0.912692
-3.85346 -0.886688
-3.67995 -0.857527
-3.49382 -0.825311
-3.28246 -0.790155
-3.06794 -0.752185
-2.84397 -0.711536
-2.58844 -0.668352
-2.32975 -0.622788
-2.06477 -0.575005
-1.78085 -0.525175
-1.48431 -0.473473
-1.18462 -0.420086
-0.859687 -0.365202
-0.531603 -0.309017
-0.200363 -0.251732
0.124566 -0.193549
0.484196 -0.134678
0.831207 -0.0753268
1.19084 -0.0157073
1.55678 0.0439681
1.98266 0.103487
2.20664 0.162637
2.51579 0.221208
2.85649 0.278991
3.19089 0.33578
3.51582 0.391374
3.82813 0.445573
4.11836 0.498185
4.40858 0.549023
4.67988 0.597905
4.9291 0.644657
5.17832 0.689114
5.4023 0.731116
5.60419 0.770513
5.85341 0.807166
5.96383 0.840945
6.11209 0.871727
6.25721 0.899405
6.35816 0.92388
6.44333 0.945063
6.50958 0.96288
6.5569 0.977268
6.57267 0.988175
6.57267 0.995562
6.54744 0.999403
6.50327 0.999684
6.43387 0.996405
6.34869 0.989576
6.24774 0.979223
6.1184 0.965382
5.97013 0.948102
5.80294 0.927445
5.56003 0.903485
5.40545 0.876307
5.18147 0.846007
4.94487 0.812694
4.68619 0.776487
4.40858 0.737513
4.11205 0.695913
3.81235 0.651834
3.49373 0.605433
3.16249 0.556876
2.83126 0.506335
2.49055 0.45399
2.13408 0.400029
1.77129 0.344643
1.41482 0.288029
1.04572 0.230389
0.667165 0.171929
0.288607 0.112856
-0.0994164 0.0533817
-0.47482 -0.00628314
-0.859688 -0.0659256
-1.23825 -0.125333
-1.61049 -0.184294
-1.98274 -0.242599
-2.35499 -0.30004
-2.70832 -0.356412
-3.05848 -0.411514
-3.39288 -0.465151
-3.73358 -0.517131
-4.05535 -0.567269
-4.36451 -0.615386
-4.65474 -0.661312
-4.92919 -0.704882
-5.19103 -0.745941
-5.44971 -0.784343
-5.68316 -0.819952
-5.89136 -0.85264
-6.09011 -0.882291
-6.27308 -0.9088
-6.43081 -0.932071
-6.56331 -0.952023
-6.68949 -0.968583
-6.77782 -0.981694
-6.84723 -0.991308
-6.89455 -0.997391
-6.9324 -0.999921
-6.9324 -0.99889
-6.91347 -0.994301
-6.87877 -0.98617
-6.80306 -0.974527
-6.73366 -0.959412
-6.6264 -0.940881
-6.50021 -0.918998
-6.34564 -0.893841
-6.18475 -0.865501
-5.99547 -0.834078
-5.79357 -0.799685
-5.56328 -0.762443
-5.32983 -0.722485
-5.07115 -0.679953
-4.81247 -0.635
-4.53171 -0.587785
-4.21939 -0.538477
-3.91655 -0.48725
-3.59793 -0.434288
-3.25092 -0.379779
-2.90075 -0.323917
-2.53796 -0.266902
-2.16571 -0.208936
-1.79031 -0.150226
-1.39913 -0.0909802
-1.01111 -0.0314108
-0.61047 0.0282706
-0.203518 0.0878512
0.197122 0.147119
0.610383 0.205863
1.02049 0.263873
1.42744 0.320944
1.81231 0.376871
2.19717 0.431456
2.57889 0.484504
2.94798 0.535827
3.3013 0.585241
3.65147 0.63257
3.98271 0.677646
4.30132 0.720309
4.60417 0.760406
4.89124 0.797794
5.1657 0.832341
5.41492 0.863923
5.63574 0.892428
5.85972 0.917755
6.049 0.939812
6.21935 0.958522
6.36762 0.973817
6.4875 0.985645
6.5916 0.993961
6.661 0.998737
6.71779 0.999956
6.74302 0.997613
6.74618 0.991716
6.72094 0.982287
6.67993 0.96936
6.61368 0.952979
6.53482 0.933205
6.41494 0.910106
6.27929 0.883766
6.1184 0.854277
5.92912 0.821746
5.73354 0.786288
5.50009 0.74803
5.26665 0.707107
4.99219 0.663665
4.72405 0.61786
4.44013 0.569853
3.88807 0.519817
3.68301 0.46793
3.46534 0.414376
3.14672 0.359345
2.79025 0.303035
2.41484 0.245646
2.04575 0.187381
1.66404 0.128449
1.28232 0.06906
0.891146 0.00942464
0.481041 -0.0502443
0.0772456 -0.109734
-0.320242 -0.168833
-0.736656 -0.227331
-1.13414 -0.285019
-1.51901 -0.341692
-1.90072 -0.397148
-2.27297 -0.451189
-2.65469 -0.503623
-3.02063 -0.554263
-3.36764 -0.60293
-3.69888 -0.649448
-4.02065 -0.693653
-4.31719 -0.735388
-4.62004 -0.774503
-4.91342 -0.81086
-5.18788 -0.844328
-5.44971 -0.874789
-5.68 -0.902134
-5.89452 -0.926266
-6.08695 -0.947098
-6.26992 -0.964557
-6.4245 -0.978581
-6.557 -0.989119
-6.66741 -0.996134
-6.76205 -0.9996
-6.81884 -0.999507
-6.84092 -0.995853
-6.85038 -0.988652
-6.84092 -0.977929
-6.81568 -0.963724
-6.76521 -0.946085
-6.68949 -0.925077
-6.58223 -0.900774
-6.44974 -0.873262
-6.30147 -0.84264
-6.12796 -0.809017
-5.80934 -0.772512
-5.68947 -0.733255
-5.49703 -0.691387
-5.22889 -0.647056
-4.97021 -0.60042
-4.67997 -0.551646
-4.37713 -0.500907
-4.06797 -0.448383
-3.73989 -0.394263
-3.38657 -0.338738
-3.03955 -0.282007
-2.6673 -0.224271
-2.28244 -0.165736
-1.88495 -0.106611
-1.47169 -0.0471065
-1.06159 0.012566
-0.648325 0.0721938
-0.225601 0.131564
0.193968 0.190466
0.619847 0.24869
1.05834 0.306028
1.4716 0.362275
1.88486 0.417233
2.28235 0.470704
2.67037 0.522499
3.04577 0.572432
3.40856 0.620327
3.76503 0.666012
4.10258 0.709325
4.43382 0.750111
4.73351 0.788226
5.02059 0.823533
5.28558 0.855906
5.53479 0.885231
5.76193 0.911403
5.96067 0.934329
6.15311 0.953927
6.31715 0.970127
6.45911 0.982871
6.56952 0.992115
6.66416 0.997825
6.72725 0.99998
6.76826 0.998574
6.77773 0.993611
6.77457 0.985109
6.75249 0.973099
6.6957 0.957622
6.63892 0.938734
6.54112 0.916502
6.41179 0.891007
6.26351 0.862337
6.10263 0.830596
5.91651 0.795896
5.70199 0.758362
5.47801 0.718126
5.23195 0.675333
4.93541 0.630134
4.68304 0.58269
4.39281 0.533172
4.08365 0.481754
3.74926 0.42862
3.41171 0.373959
3.06786 0.317967
2.70823 0.260842
2.34544 0.202787
1.95426 0.144011
1.59463 0.0847213
1.20346 0.0251301
0.799661 -0.0345506
0.395866 -0.0941083
-0.00792955 -0.153331
-0.424345 -0.212007
-0.818676 -0.269928
-1.21932 -0.326888
-1.59472 -0.382683
-1.97959 -0.437116
-2.3613 -0.489991
-2.72409 -0.541121
-3.07741 -0.590324
-3.42758 -0.637424
-3.77459 -0.682254
-4.10898 -0.724653
-4.43076 -0.764472
-4.72729 -0.801567
-5.01437 -0.835807
-5.28251 -0.867071
-5.52542 -0.895246
-5.75256 -0.920232
-5.96392 -0.94194
-6.14374 -0.960294
-6.32355 -0.975227
-6.46867 -0.986686
-6.58855 -0.994631
-6.70211 -0.999033
-6.78098 -0.999877
-6.82514 -0.997159
-6.85669 -0.990889
-6.86931 -0.981091
-6.85354 -0.967797
-6.81253 -0.951057
-6.74943 -0.930928
-6.65164 -0.907484
-6.54122 -0.880808
-6.40873 -0.850994
-6.25731 -0.81815
-6.09326 -0.782391
-5.90083 -0.743845
-5.68316 -0.70265
-5.44971 -0.658952
-5.19418 -0.612907
-4.92919 -0.564679
-4.63897 -0.51444
-4.32665 -0.462368
-3.99857 -0.408649
-3.67995 -0.353475
-3.31716 -0.297042
-2.95438 -0.23955
-2.58528 -0.181206
-2.20357 -0.122216
-1.81555 -0.0627905
-1.41175 -0.00314159
-0.995338 0.0565185
-0.585232 0.115977
-0.168818 0.175023
0.272835 0.233445
0.708177 0.291036
1.13406 0.34759
1.55362 0.402906
1.96057 0.456787
2.35491 0.509041
2.73662 0.559482
3.11833 0.60793
3.48112 0.654213
3.81235 0.698165
4.13728 0.739631
4.4559 0.778462
4.7556 0.814521
5.03005 0.847678
5.29189 0.877816
5.53795 0.904827
5.75877 0.928615
5.95752 0.949096
6.12471 0.966196
