data = [0.0267708 0.0345506
0.014152 0.06906
0.0204614 0.103487
0.0236149 0.13779
0.0267696 0.171929
0.0614711 0.205863
0.0898632 0.23955
0.118255 0.272952
0.165574 0.306028
0.216049 0.338738
0.260215 0.371044
0.320152 0.402906
0.376937 0.434288
0.430566 0.465151
0.493659 0.495459
0.553598 0.525175
0.613535 0.554263
0.679784 0.58269
0.736568 0.610422
0.802815 0.637424
0.862754 0.663665
0.929001 0.689114
0.992095 0.71374
1.02995 0.737513
1.08673 0.760406
1.12144 0.782391
1.17191 0.803441
1.20346 0.823533
1.24131 0.84264
1.27601 0.860742
1.30125 0.877816
1.32333 0.893841
1.34857 0.9088
1.35803 0.922673
1.3675 0.935444
1.37381 0.947098
1.3675 0.957622
1.36119 0.967001
1.35488 0.975227
1.34226 0.982287
1.31072 0.988175
1.28232 0.992883
1.25078 0.996405
1.21292 0.998737
1.17822 0.999877
1.12775 0.999822
1.07096 0.998574
1.01418 0.996134
0.938466 0.992504
0.865909 0.987688
0.796507 0.981694
0.714485 0.974527
0.638774 0.966196
0.540979 0.956712
0.44634 0.946085
0.332772 0.934329
0.241287 0.921457
0.137183 0.907484
0.0173067 0.892428
-0.0899523 0.876307
-0.19721 0.859139
-0.304467 0.840945
-0.443273 0.821746
-0.553686 0.801567
-0.683026 0.78043
-0.796593 0.758362
-0.922781 0.735388
-1.04581 0.711536
-1.17515 0.686834
-1.29503 0.661312
-1.42122 0.635
-1.53478 0.60793
-1.66097 0.580134
-1.77138 0.551646
-1.88811 0.522499
-2.00483 0.492727
-2.09631 0.462368
-2.20988 0.431456
-2.30452 0.400029
-2.41178 0.368125
-2.50326 0.33578
-2.59475 0.303035
-2.67361 0.269928
-2.74302 0.236499
-2.81873 0.202787
-2.89444 0.168833
-2.95753 0.134678
-3.01432 0.100362
-3.0711 0.0659256
-3.12473 0.0314108
-3.16889 -0.00314159
-3.20675 -0.0376902
-3.24145 -0.0721938
-3.25722 -0.106611
-3.28246 -0.140901
-3.29824 -0.175023
-3.31086 -0.208936
-3.30455 -0.242599
-3.30139 -0.275973
-3.28246 -0.309017
-3.27615 -0.341692
-3.25723 -0.373959
-3.21306 -0.40578
-3.18151 -0.437116
-3.13735 -0.46793
-3.09634 -0.498185
-3.02063 -0.527846
-2.97961 -0.556876
-2.95438 -0.585241
-2.88182 -0.612907
-2.79664 -0.639841
-2.71462 -0.666012
-2.64207 -0.691387
-2.5632 -0.715936
-2.47803 -0.739631
-2.38969 -0.762443
-2.30767 -0.784343
-2.20673 -0.805308
-2.10893 -0.825311
-2.00483 -0.844328
-1.8534 -0.862337
-1.75561 -0.879316
-1.65781 -0.895246
-1.51585 -0.910106
-1.40229 -0.92388
-1.26033 -0.93655
-1.1436 -0.948102
-1.00165 -0.958522
-0.865997 -0.967797
-0.711418 -0.975917
-0.544221 -0.982871
-0.402262 -0.988652
-0.250839 -0.993252
-0.0867965 -0.996666
0.074091 -0.99889
0.231824 -0.999921
0.399019 -0.999758
0.563062 -0.998402
0.72395 -0.995853
0.894301 -0.992115
1.04257 -0.987192
1.20346 -0.981091
1.36119 -0.973817
1.51261 -0.965382
1.66404 -0.955793
1.81546 -0.945063
1.95426 -0.933205
2.08991 -0.920232
2.22241 -0.90616
2.35175 -0.891007
2.47163 -0.874789
2.60097 -0.857527
2.71454 -0.83924
2.81549 -0.819952
2.9259 -0.799685
3.02369 -0.778462
3.12149 -0.75631
3.20982 -0.733255
3.29499 -0.709325
3.36755 -0.684547
3.44011 -0.658952
3.50635 -0.63257
3.55998 -0.605433
3.61992 -0.577573
3.65147 -0.549023
3.68932 -0.519817
3.72402 -0.489991
3.74926 -0.45958
3.78081 -0.42862
3.79343 -0.397148
3.81866 -0.365202
3.82813 -0.33282
3.83128 -0.30004
3.83759 -0.266902
3.83759 -0.233445
3.8439 -0.19971
3.82813 -0.165736
3.81866 -0.131564
3.80289 -0.0972355
3.79027 -0.0627905
3.77134 -0.0282706
3.75557 0.00628314
3.73033 0.0408294
3.70194 0.0753268
3.67355 0.109734
3.63885 0.144011
3.59784 0.178115
3.56945 0.212007
3.51582 0.245646
3.47481 0.278991
3.42433 0.312003
3.3707 0.344643
3.33285 0.376871
3.26029 0.408649
3.1972 0.439939
3.12779 0.470704
3.05524 0.500907
2.97006 0.530511
2.88489 0.559482
2.79971 0.587785
2.69876 0.615386
2.60412 0.642253
2.50948 0.668352
2.40538 0.693653
2.31074 0.718126
2.20979 0.741742
2.09622 0.764472
1.9795 0.786288
1.87855 0.807166
1.76183 0.827081
1.64195 0.846007
1.51892 0.863923
1.41166 0.880808
1.29494 0.896641
1.1656 0.911403
1.04572 0.925077
0.913229 0.937647
0.787043 0.949096
0.654547 0.959412
0.522052 0.968583
0.383247 0.976597
0.244441 0.983445
0.0961725 0.989119
-0.0520962 0.993611
-0.200365 0.996917
-0.345479 0.999033
-0.50952 0.999956
-0.664097 0.999684
-0.831295 0.998219
-0.998492 0.995562
-1.16569 0.991716
-1.32027 0.986686
-1.49377 0.980478
-1.65781 0.973099
-1.81555 0.964557
-1.9859 0.954865
-2.14994 0.944031
-2.31398 0.932071
-2.48118 0.918998
-2.64207 0.904827
-2.80611 0.889576
-2.96069 0.873262
-3.11842 0.855906
-3.26353 0.837528
-3.41496 0.81815
-3.5443 0.797794
-3.68626 0.776487
-3.82191 0.754251
-3.94494 0.731116
-4.06797 0.707107
-4.18469 0.682254
-4.27933 0.656586
-4.36766 0.630134
-4.45599 0.60293
-4.52855 0.575005
-4.60426 0.546394
-4.67367 0.517131
-4.73045 0.48725
-4.79039 0.456787
-4.82824 0.425779
-4.86925 0.394263
-4.89765 0.362275
-4.91342 0.329855
-4.92604 0.297042
-4.94181 0.263873
-4.92919 0.230389
-4.91342 0.196631
-4.90395 0.162637
-4.88818 0.128449
-4.85979 0.0941083
-4.83771 0.0596548
-4.81247 0.0251301
-4.77146 -0.00942464
-4.73045 -0.0439681
-4.68313 -0.0784591
-4.61057 -0.112856
-4.5601 -0.147119
-4.50016 -0.181206
-4.43076 -0.215076
-4.37713 -0.24869
-4.29195 -0.282007
-4.21309 -0.314987
-4.1216 -0.34759
-4.02696 -0.379779
-3.92917 -0.411514
-3.8156 -0.442758
-3.73358 -0.473473
-3.61686 -0.503623
-3.50329 -0.533172
-3.39918 -0.562083
-3.26984 -0.590324
-3.14997 -0.61786
-3.02378 -0.644657
-2.91652 -0.670686
-2.79349 -0.695913
-2.68623 -0.720309
-2.56951 -0.743845
-2.44332 -0.766493
-2.31714 -0.788226
-2.20042 -0.809017
-2.07423 -0.828842
-1.93858 -0.847678
-1.80608 -0.865501
-1.66412 -0.882291
-1.53163 -0.898028
-1.38652 -0.912692
-1.25086 -0.926266
-1.11521 -0.938734
-0.976409 -0.950081
-0.812367 -0.960294
-0.64517 -0.96936
-0.490592 -0.977268
-0.32655 -0.98401
-0.168817 -0.989576
0.00153333 -0.993961
0.165575 -0.997159
0.323309 -0.999166
0.496814 -0.99998
0.660857 -0.9996
0.834362 -0.998027
1.00156 -0.995261
1.18453 -0.991308
1.35173 -0.98617
1.5063 -0.979855
1.67666 -0.97237
1.83123 -0.963724
1.98897 -0.953927
2.15616 -0.942991
2.30443 -0.930928
2.46216 -0.917755
2.60728 -0.903485
2.76501 -0.888136
2.90697 -0.871727
3.04262 -0.854277
3.18458 -0.835807
3.31707 -0.816339
3.44011 -0.795896
3.55052 -0.774503
3.66409 -0.752185
3.7745 -0.728969
3.87545 -0.704882
3.97324 -0.679953
4.06788 -0.654213
4.14675 -0.627691
4.22561 -0.60042
4.30133 -0.572432
4.35811 -0.54376
4.42436 -0.51444
4.47483 -0.484504
4.52531 -0.45399
4.56316 -0.422935
4.59786 -0.391374
4.63256 -0.359345
4.66095 -0.326888
4.68619 -0.29404
4.70512 -0.260842
4.72405 -0.227331
4.72089 -0.193549
4.72089 -0.159537
4.73036 -0.125333
4.71774 -0.0909802
4.71459 -0.0565185
4.69566 -0.0219894
4.67357 0.012566
4.64518 0.0471065
4.60733 0.0815906
4.57578 0.115977
4.53477 0.150226
4.49376 0.184294
4.4559 0.218143
4.39912 0.251732
4.35495 0.285019
4.28555 0.317967
4.23192 0.350534
4.14675 0.382683
4.06473 0.414376
3.9764 0.445573
3.88176 0.476238
3.79027 0.506335
3.68301 0.535827
3.5726 0.564679
3.47165 0.592857
3.35177 0.620327
3.23505 0.647056
3.11833 0.673012
2.99845 0.698165
2.88173 0.722485
2.75554 0.745941
2.6262 0.768507
2.49371 0.790155
2.36437 0.81086
2.23503 0.830596
2.09307 0.84934
1.94795 0.867071
1.81546 0.883766
1.66719 0.899405
1.52839 0.913971
1.38012 0.927445
1.23185 0.939812
1.07412 0.951057
0.935311 0.961165
0.771269 0.970127
0.619846 0.977929
0.45265 0.984564
0.298072 0.990024
0.13403 0.994301
-0.0173947 0.997391
-0.1909 0.999289
-0.354943 0.999995
-0.528448 0.999507
-0.6988 0.997825
-0.888079 0.994951
-1.05843 0.990889
-1.23825 0.985645
-1.41806 0.979223
-1.59788 0.971632
-1.77454 0.96288
-1.94173 0.952979
-2.12786 0.94194
-2.29506 0.929776
-2.47172 0.916502
-2.64522 0.902134
-2.80611 0.886688
-2.97015 0.870184
-3.13419 0.85264
-3.28562 0.834078
-3.42442 0.814521
-3.56323 0.79399
-3.69888 0.772512
-3.82822 0.750111
-3.95756 0.726814
-4.06482 0.70265
-4.18785 0.677646
-4.29826 0.651834
-4.38344 0.625243
-4.47177 0.597905
-4.55063 0.569853
-4.62004 0.541121
-4.68313 0.511743
-4.74622 0.481754
-4.7967 0.451189
-4.82824 0.420086
-4.85979 0.388481
-4.88187 0.356412
