data = [-0.0110854 0.0471065
-0.0205483 0.0941083
-0.0268576 0.140901
-0.0268588 0.187381
0.00153333 0.233445
0.0299254 0.278991
0.0677816 0.323917
0.118256 0.368125
0.181349 0.411514
0.238133 0.45399
0.31069 0.495459
0.383247 0.535827
0.458958 0.575005
0.537825 0.612907
0.613536 0.649448
0.695558 0.684547
0.780733 0.718126
0.869062 0.750111
0.944774 0.78043
1.02995 0.809017
1.10566 0.835807
1.17822 0.860742
1.24762 0.883766
1.31387 0.904827
1.37696 0.92388
1.4369 0.940881
1.48107 0.955793
1.52523 0.968583
1.56624 0.979223
1.59148 0.987688
1.61356 0.993961
1.64195 0.998027
1.65142 0.999877
1.65142 0.999507
1.64826 0.996917
1.61987 0.992115
1.59463 0.985109
1.55678 0.975917
1.51892 0.964557
1.46529 0.951057
1.41166 0.935444
1.34542 0.917755
1.26655 0.898028
1.18137 0.876307
1.08043 0.85264
0.973167 0.827081
0.856444 0.799685
0.730258 0.770513
0.604072 0.739631
0.468422 0.707107
0.332772 0.673012
0.184504 0.637424
0.0236161 0.60042
-0.134117 0.562083
-0.301312 0.522499
-0.477973 0.481754
-0.654634 0.439939
-0.818676 0.397148
-1.00165 0.353475
-1.17831 0.309017
-1.35181 0.263873
-1.54109 0.218143
-1.72091 0.171929
-1.89441 0.125333
-2.07423 0.0784591
-2.24774 0.0314108
-2.42755 -0.0157073
-2.59159 -0.0627905
-2.75564 -0.109734
-2.91337 -0.156434
-3.06164 -0.202787
-3.20675 -0.24869
-3.34556 -0.29404
-3.48436 -0.338738
-3.60424 -0.382683
-3.71781 -0.425779
-3.81875 -0.46793
-3.91024 -0.509041
-3.98911 -0.549023
-4.06166 -0.587785
-4.13422 -0.625243
-4.17839 -0.661312
-4.23201 -0.695913
-4.26356 -0.728969
-4.29511 -0.760406
-4.30142 -0.790155
-4.30457 -0.81815
-4.29195 -0.844328
-4.26672 -0.868632
-4.23201 -0.891007
-4.18154 -0.911403
-4.12476 -0.929776
-4.06797 -0.946085
-3.9828 -0.960294
-3.90077 -0.97237
-3.8156 -0.982287
-3.70203 -0.990024
-3.579 -0.995562
-3.43704 -0.99889
-3.29508 -1
-3.1405 -0.99889
-2.98277 -0.995562
-2.82819 -0.990024
-2.65784 -0.982287
-2.44963 -0.97237
-2.25089 -0.960294
-2.04268 -0.946085
-1.82501 -0.929776
-1.53163 -0.911403
-1.36443 -0.891007
-1.14045 -0.868632
-0.888078 -0.844328
-0.632553 -0.81815
-0.37387 -0.790155
-0.105725 -0.760406
0.159267 -0.728969
0.427413 -0.695913
0.695559 -0.661312
0.966858 -0.625243
1.23816 -0.587785
1.51261 -0.549023
1.78707 -0.509041
2.15932 -0.46793
2.3202 -0.425779
2.56627 -0.382683
2.8281 -0.338738
3.08047 -0.29404
3.32338 -0.24869
3.55052 -0.202787
3.76188 -0.156434
3.98586 -0.109734
4.19091 -0.0627905
4.39912 -0.0157073
4.57894 0.0314108
4.7619 0.0784591
4.9291 0.125333
5.08052 0.171929
5.21933 0.218143
5.34551 0.263873
5.45908 0.309017
5.56949 0.353475
5.64205 0.397148
5.71461 0.439939
5.77139 0.481754
5.82818 0.522499
5.89127 0.562083
5.89127 0.60042
5.9102 0.637424
5.92597 0.673012
5.91651 0.707107
5.89442 0.739631
5.85657 0.770513
5.8124 0.799685
5.74931 0.827081
5.67675 0.85264
5.59789 0.876307
5.51271 0.898028
5.42754 0.917755
5.32028 0.935444
5.19409 0.951057
5.06159 0.964557
4.92279 0.975917
4.76821 0.985109
4.61048 0.992115
4.42436 0.996917
4.2477 0.999507
4.0521 0.999877
3.84705 0.998027
3.63569 0.993961
3.42118 0.987688
3.20351 0.979223
2.97322 0.968583
2.73977 0.955793
2.50002 0.940881
2.26027 0.92388
2.0142 0.904827
1.75552 0.883766
1.49999 0.860742
1.22554 0.835807
0.963703 0.809017
0.692402 0.78043
0.411638 0.750111
0.130874 0.718126
-0.153045 0.684547
-0.433809 0.649448
-0.730346 0.612907
-1.01427 0.575005
-1.30765 0.535827
-1.58526 0.495459
-1.87864 0.45399
-2.16571 0.411514
-2.44017 0.368125
-2.72724 0.323917
-2.98593 0.278991
-3.26984 0.233445
-3.54745 0.187381
-3.79036 0.140901
-4.05851 0.0941083
-4.30142 0.0471065
-4.55379 3.05655e-14
-4.79354 -0.0471065
-5.02383 -0.0941083
-5.24781 -0.140901
-5.45602 -0.187381
-5.64845 -0.233445
-5.82827 -0.278991
-5.99862 -0.323917
-6.1532 -0.368125
-6.30462 -0.411514
-6.43081 -0.45399
-6.54438 -0.495459
-6.63586 -0.535827
-6.7242 -0.575005
-6.79675 -0.612907
-6.83145 -0.649448
-6.87246 -0.684547
-6.89455 -0.718126
-6.90717 -0.750111
-6.90086 -0.78043
-6.87877 -0.809017
-6.83776 -0.835807
-6.79044 -0.860742
-6.7242 -0.883766
-6.63902 -0.904827
-6.54753 -0.92388
-6.44974 -0.940881
-6.32986 -0.955793
-6.20367 -0.968583
-6.06487 -0.979223
-5.90714 -0.987688
-5.73678 -0.993961
-5.56328 -0.998027
-5.36453 -0.999877
-5.15948 -0.999507
-4.94497 -0.996917
-4.73045 -0.992115
-4.50331 -0.985109
-4.26987 -0.975917
-4.02696 -0.964557
-3.77144 -0.951057
-3.51591 -0.935444
-3.25092 -0.917755
-2.97331 -0.898028
-2.68939 -0.876307
-2.39916 -0.85264
-2.08685 -0.827081
-1.77769 -0.799685
-1.47169 -0.770513
-1.14992 -0.739631
-0.831295 -0.707107
-0.496901 -0.673012
-0.165662 -0.637424
0.162421 -0.60042
0.506279 -0.562083
0.856445 -0.522499
1.40535 -0.481754
1.61987 -0.439939
1.88802 -0.397148
2.21295 -0.353475
2.54103 -0.309017
2.86281 -0.263873
3.18143 -0.218143
3.48743 -0.171929
3.79658 -0.125333
4.08681 -0.0784591
4.37073 -0.0314108
4.65465 0.0157073
4.91017 0.0627905
5.16255 0.109734
5.40861 0.156434
5.64205 0.202787
5.86603 0.24869
6.06793 0.29404
6.24459 0.338738
6.41179 0.382683
6.56321 0.425779
6.68939 0.46793
6.80296 0.509041
6.8976 0.549023
6.98278 0.587785
7.05218 0.625243
7.10581 0.661312
7.12789 0.695913
7.14682 0.728969
7.14682 0.760406
7.12473 0.790155
7.08373 0.81815
7.04272 0.844328
6.99224 0.868632
6.90707 0.891007
6.80296 0.911403
6.70201 0.929776
6.57898 0.946085
6.43387 0.960294
6.27929 0.97237
6.11209 0.982287
5.92597 0.990024
5.74931 0.995562
5.53479 0.99889
5.32028 1
5.09314 0.99889
4.84708 0.995562
4.51269 0.990024
4.33918 0.982287
4.07734 0.97237
3.8092 0.960294
3.53159 0.946085
3.24136 0.929776
2.94482 0.911403
2.64198 0.891007
2.33913 0.868632
2.01736 0.844328
1.70505 0.81815
1.38643 0.790155
1.05519 0.760406
0.730258 0.728969
0.408483 0.695913
0.0867097 0.661312
-0.250839 0.625243
-0.588386 0.587785
-0.932244 0.549023
-1.24455 0.509041
-1.57895 0.46793
-1.90388 0.425779
-2.21934 0.382683
-2.53796 0.338738
-2.85974 0.29404
-3.17205 0.24869
-3.46543 0.202787
-3.7462 0.156434
-4.03327 0.109734
-4.30457 0.0627905
-4.58849 0.0157073
-4.85348 -0.0314108
-5.09639 -0.0784591
-5.35192 -0.125333
-5.58536 -0.171929
-5.79988 -0.218143
-5.99231 -0.263873
-6.16897 -0.309017
-6.34879 -0.353475
-6.50337 -0.397148
-6.63586 -0.439939
-6.7652 -0.481754
-6.87246 -0.522499
-6.97026 -0.562083
-7.04597 -0.60042
-7.11222 -0.637424
-7.15954 -0.673012
-7.17847 -0.707107
-7.18793 -0.739631
-7.19424 -0.770513
-7.17847 -0.799685
-7.11853 -0.827081
-7.07752 -0.85264
-7.01758 -0.876307
-6.93556 -0.898028
-6.85038 -0.917755
-6.74943 -0.935444
-6.63586 -0.951057
-6.51283 -0.964557
-6.36772 -0.975917
-6.20683 -0.985109
-6.03963 -0.992115
-5.86613 -0.996917
-5.67054 -0.999507
-5.48126 -0.999877
-5.27305 -0.998027
-5.05222 -0.993961
-4.82193 -0.987688
-4.58849 -0.979223
-4.33927 -0.968583
-4.09321 -0.955793
-3.84084 -0.940881
-3.59477 -0.92388
-3.32032 -0.904827
-3.0364 -0.883766
-2.75248 -0.860742
-2.4591 -0.835807
-2.1531 -0.809017
-1.82817 -0.78043
-1.5127 -0.750111
-1.19093 -0.718126
-0.859687 -0.684547
-0.522139 -0.649448
-0.187746 -0.612907
0.156111 -0.575005
0.496814 -0.535827
0.834363 -0.495459
1.18138 -0.45399
1.52839 -0.411514
1.86278 -0.368125
2.19717 -0.323917
2.53157 -0.278991
2.85649 -0.233445
3.17827 -0.187381
3.50004 -0.140901
3.79973 -0.0941083
4.10258 -0.0471065
4.3865 5.61086e-14
4.66726 0.0471065
4.93541 0.0941083
5.19409 0.140901
5.44331 0.187381
5.69568 0.233445
5.9102 0.278991
6.1184 0.323917
6.30453 0.368125
6.48119 0.411514
6.63892 0.45399
6.79034 0.495459
6.91022 0.535827
7.02379 0.575005
7.10581 0.612907
7.18783 0.649448
7.24461 0.684547
7.27931 0.718126
7.31401 0.750111
7.31402 0.78043
7.3014 0.809017
7.27616 0.835807
7.22884 0.860742
7.1689 0.883766
7.0995 0.904827
7.03325 0.92388
6.91022 0.940881
6.78403 0.955793
6.64838 0.968583
6.49381 0.979223
6.32661 0.987688
6.14995 0.993961
5.9449 0.998027
5.73984 0.999877
5.52533 0.999507
5.28873 0.996917
5.04582 0.992115
4.80291 0.985109
4.54108 0.975917
4.27293 0.964557
3.99848 0.951057
3.7114 0.935444
3.42749 0.917755
3.12779 0.898028
2.85019 0.876307
2.54734 0.85264
