data = [-0.0173936 0.0565185
-0.0173936 0.112856
-0.0205483 0.168833
-0.00477603 0.224271
0.0236161 0.278991
0.0677804 0.33282
0.0993284 0.385584
0.168729 0.437116
0.228668 0.48725
0.301224 0.535827
0.376937 0.58269
0.462112 0.627691
0.540979 0.670686
0.632464 0.711536
0.720794 0.750111
0.818589 0.786288
0.903764 0.819952
1.00156 0.850994
1.08043 0.879316
1.1656 0.904827
1.24131 0.927445
1.31702 0.947098
1.38327 0.963724
1.45267 0.977268
1.50946 0.987688
1.55993 0.994951
1.60094 0.999033
1.63564 0.999921
1.66088 0.997613
1.67981 0.992115
1.67981 0.983445
1.67666 0.971632
1.65457 0.956712
1.6388 0.938734
1.60094 0.917755
1.56624 0.893841
1.5063 0.867071
1.44637 0.837528
1.37065 0.805308
1.27286 0.770513
1.18137 0.733255
1.05519 0.693653
0.925847 0.651834
0.793352 0.60793
0.645083 0.562083
0.49366 0.51444
0.320154 0.465151
0.143493 0.414376
-0.0300135 0.362275
-0.231911 0.309017
-0.418036 0.254771
-0.619934 0.19971
-0.821832 0.144011
-1.02057 0.0878512
-1.22878 0.0314108
-1.4433 -0.0251301
-1.65466 -0.0815906
-1.85656 -0.13779
-2.06792 -0.193549
-2.28559 -0.24869
-2.48118 -0.303035
-2.67361 -0.356412
-2.8692 -0.408649
-3.05848 -0.45958
-3.24461 -0.509041
-3.40865 -0.556876
-3.56954 -0.60293
-3.7178 -0.647056
-3.85661 -0.689114
-3.99541 -0.728969
-4.10898 -0.766493
-4.2257 -0.801567
-4.31088 -0.834078
-4.3929 -0.863923
-4.46861 -0.891007
-4.51593 -0.915241
-4.55063 -0.93655
-4.57587 -0.954865
-4.58849 -0.970127
-4.57903 -0.982287
-4.55694 -0.991308
-4.52224 -0.997159
-4.46861 -0.999822
-4.40552 -0.999289
-4.31719 -0.995562
-4.21624 -0.988652
-4.10267 -0.978581
-3.98595 -0.965382
-3.8503 -0.949096
-3.69572 -0.929776
-3.52853 -0.907484
-3.34556 -0.882291
-3.13735 -0.854277
-2.92914 -0.823533
-2.72093 -0.790155
-2.48749 -0.754251
-2.24458 -0.715936
-1.9859 -0.675333
-1.71144 -0.63257
-1.43068 -0.587785
-1.14045 -0.541121
-0.834448 -0.492727
-0.522138 -0.442758
-0.206674 -0.391374
0.108791 -0.338738
0.436876 -0.285019
0.774424 -0.230389
1.08043 -0.175023
1.41482 -0.119097
1.73975 -0.0627905
2.06152 -0.00628314
2.37068 0.0502443
2.69245 0.106611
3.00476 0.162637
3.30761 0.218143
3.61361 0.272952
3.9133 0.326888
4.19722 0.379779
4.47168 0.431456
4.89755 0.481754
5.03951 0.530511
5.18147 0.577573
5.39283 0.622788
5.58527 0.666012
5.75877 0.707107
5.90389 0.745941
6.03638 0.782391
6.14995 0.816339
6.26352 0.847678
6.34238 0.876307
6.41179 0.902134
6.46541 0.925077
6.47803 0.945063
6.49065 0.962028
6.47488 0.975917
6.44018 0.986686
6.38339 0.994301
6.30137 0.998737
6.23197 0.99998
6.10579 0.998027
5.97329 0.992883
5.83133 0.984564
5.61366 0.973099
5.49063 0.958522
5.29504 0.940881
5.09945 0.920232
4.87863 0.896641
4.64203 0.870184
4.38335 0.840945
4.09943 0.809017
3.81551 0.774503
3.51897 0.737513
3.22559 0.698165
2.91328 0.656586
2.59466 0.612907
2.26657 0.567269
1.9448 0.519817
1.61356 0.470704
1.2697 0.420086
0.916383 0.368125
0.559907 0.314987
0.206585 0.260842
-0.168818 0.205863
-0.52214 0.150226
-0.884924 0.0941083
-1.23825 0.0376902
-1.60419 -0.0188484
-1.95751 -0.0753268
-2.30452 -0.131564
-2.65469 -0.187381
-2.98592 -0.242599
-3.31086 -0.297042
-3.63263 -0.350534
-3.94179 -0.402906
-4.24463 -0.45399
-4.53171 -0.503623
-4.81563 -0.551646
-5.07115 -0.597905
-5.32037 -0.642253
-5.55381 -0.684547
-5.76833 -0.724653
-5.96708 -0.762443
-6.15636 -0.797794
-6.33302 -0.830596
-6.47498 -0.860742
-6.61378 -0.888136
-6.72419 -0.912692
-6.81568 -0.934329
-6.89455 -0.952979
-6.94817 -0.968583
-6.97657 -0.981091
-6.98603 -0.990461
-6.97341 -0.996666
-6.95764 -0.999684
-6.89455 -0.999507
-6.82514 -0.996134
-6.73997 -0.989576
-6.62955 -0.979855
-6.4939 -0.967001
-6.33932 -0.951057
-6.17213 -0.932071
-5.986 -0.910106
-5.78411 -0.885231
-5.56643 -0.857527
-5.3393 -0.827081
-5.09639 -0.79399
-4.82824 -0.758362
-4.57272 -0.720309
-4.29195 -0.679953
-3.99541 -0.637424
-3.68626 -0.592857
-3.37079 -0.546394
-3.0364 -0.498185
-2.69254 -0.448383
-2.35499 -0.397148
-1.97328 -0.344643
-1.62627 -0.291036
-1.2414 -0.236499
-0.862841 -0.181206
-0.481129 -0.125333
-0.0931059 -0.06906
0.298072 -0.012566
0.692403 0.0439681
1.08674 0.100362
1.46845 0.156434
1.85331 0.212007
2.24765 0.266902
2.61359 0.320944
2.97322 0.373959
3.32654 0.425779
3.66724 0.476238
3.99533 0.525175
4.3171 0.572432
4.62625 0.61786
4.90702 0.661312
5.19094 0.70265
5.45277 0.741742
5.68937 0.778462
5.9102 0.812694
6.11525 0.844328
6.31399 0.873262
6.47488 0.899405
6.61999 0.922673
6.73671 0.942991
6.84082 0.960294
6.91338 0.974527
6.97962 0.985645
7.00486 0.993611
7.01117 0.998402
6.99855 1
6.96385 0.998402
6.91337 0.993611
6.84397 0.985645
6.75249 0.974527
6.64207 0.960294
6.48434 0.942991
6.31399 0.922673
6.1184 0.899405
5.91651 0.873262
5.69253 0.844328
5.44646 0.812694
5.18147 0.778462
4.91017 0.741742
4.61048 0.70265
4.31079 0.661312
3.99217 0.61786
3.67355 0.572432
3.33916 0.525175
2.98899 0.476238
2.6199 0.425779
2.26342 0.373959
1.88171 0.320944
1.49684 0.266902
1.11513 0.212007
0.730258 0.156434
0.345392 0.100362
-0.0552486 0.0439681
-0.4622 -0.012566
-0.872305 -0.06906
-1.25717 -0.125333
-1.6515 -0.181206
-2.03322 -0.236499
-2.4244 -0.291036
-2.79034 -0.344643
-3.16574 -0.397148
-3.50013 -0.448383
-3.84399 -0.498185
-4.17208 -0.546394
-4.50332 -0.592857
-4.79039 -0.637424
-5.08377 -0.679953
-5.36454 -0.720309
-5.63268 -0.758362
-5.8819 -0.79399
-6.11535 -0.827081
-6.33617 -0.857527
-6.51599 -0.885231
-6.6958 -0.910106
-6.83145 -0.932071
-6.93871 -0.951057
-7.09329 -0.967001
-7.13745 -0.979855
-7.19739 -0.989576
-7.21317 -0.996134
-7.22578 -0.999507
-7.22263 -0.999684
-7.19739 -0.996666
-7.1343 -0.990461
-7.05228 -0.981091
-6.95449 -0.968583
-6.8283 -0.952979
-6.66741 -0.934329
-6.4939 -0.912692
-6.30462 -0.888136
-6.09642 -0.860742
-5.86928 -0.830596
-5.62322 -0.797794
-5.36769 -0.762443
-5.09008 -0.724653
-4.80932 -0.684547
-4.49385 -0.642253
-4.18785 -0.597905
-3.84084 -0.551646
-3.51906 -0.503623
-3.15312 -0.45399
-2.79034 -0.402906
-2.42124 -0.350534
-2.02375 -0.297042
-1.63258 -0.242599
-1.22878 -0.187381
-0.824987 -0.131564
-0.424345 -0.0753268
-0.00162135 -0.0188484
0.408483 0.0376902
0.81228 0.0941083
1.21923 0.150226
1.61672 0.205863
2.02998 0.260842
2.42431 0.314987
2.79656 0.368125
3.17196 0.420086
3.51897 0.470704
3.88176 0.519817
4.20353 0.567269
4.5253 0.612907
4.83761 0.656586
5.12153 0.698165
5.4023 0.737513
5.65152 0.774503
5.89758 0.809017
6.1184 0.840945
6.31715 0.870184
6.50012 0.896641
6.64523 0.920232
6.77457 0.940881
6.89445 0.958522
6.98593 0.973099
7.05849 0.984564
7.09634 0.992883
7.12158 0.998027
7.11842 0.99998
7.08688 0.998737
7.03325 0.994301
6.97647 0.986686
6.88814 0.975917
6.77457 0.962028
6.63577 0.945063
6.46857 0.925077
6.2856 0.902134
6.09001 0.876307
5.87234 0.847678
5.62628 0.816339
5.37391 0.782391
5.09945 0.745941
4.80607 0.707107
4.50953 0.666012
4.1846 0.622788
3.86914 0.577573
3.52528 0.530511
3.19089 0.481754
2.83441 0.431456
2.47163 0.379779
2.10253 0.326888
1.71767 0.272952
1.32649 0.218143
0.935313 0.162637
0.54098 0.106611
0.140339 0.0502443
-0.269766 -0.00628314
-0.670408 -0.0627905
-1.07105 -0.119097
-1.47169 -0.175023
-1.86602 -0.230389
-2.25404 -0.285019
-2.6326 -0.338738
-3.01116 -0.391374
-3.37079 -0.442758
-3.72096 -0.492727
-4.0522 -0.541121
-4.3929 -0.587785
-4.71152 -0.63257
-5.02068 -0.675333
-5.31091 -0.715936
-5.58536 -0.754251
-5.8472 -0.790155
-6.0838 -0.823533
-6.31093 -0.854277
-6.51914 -0.882291
-6.70211 -0.907484
-6.86615 -0.929776
-7.0018 -0.949096
-7.11853 -0.965382
-7.2037 -0.978581
-7.27626 -0.988652
-7.32358 -0.995562
-7.34882 -0.999289
-7.34882 -0.999822
-7.3362 -0.997159
-7.27626 -0.991308
-7.20055 -0.982287
-7.10275 -0.970127
-6.98918 -0.954865
-6.85038 -0.93655
-6.68003 -0.915241
-6.49706 -0.891007
-6.28885 -0.863923
-6.08064 -0.834078
-5.85351 -0.801567
-5.58536 -0.766493
-5.32353 -0.728969
-5.03961 -0.689114
-4.73676 -0.647056
-4.42445 -0.60293
-4.09005 -0.556876
-3.75566 -0.509041
-3.39918 -0.45958
-3.03009 -0.408649
-2.66099 -0.356412
-2.26351 -0.303035
-1.86287 -0.24869
-1.45592 -0.193549
-1.04266 -0.13779
