data = [0.0109962 0.0815906
0.00784153 0.162637
0.00784269 0.242599
0.0362336 0.320944
0.0772445 0.397148
0.137182 0.470704
0.20974 0.541121
0.285451 0.60793
0.389555 0.670686
0.496813 0.728969
0.610381 0.782391
0.736567 0.830596
0.869063 0.873262
0.976322 0.910106
1.0962 0.940881
1.21923 0.965382
1.32649 0.983445
1.43059 0.994951
1.53154 0.999822
1.61987 0.998027
1.70189 0.989576
1.76814 0.974527
1.83123 0.952979
1.86909 0.925077
1.88486 0.891007
1.89433 0.850994
1.88486 0.805308
1.85647 0.754251
1.81546 0.698165
1.75237 0.637424
1.67666 0.572432
1.58517 0.503623
1.46845 0.431456
1.32649 0.356412
1.17822 0.278991
1.00787 0.19971
0.809125 0.119097
0.610382 0.0376902
0.392711 -0.0439681
0.156113 -0.125333
-0.0867965 -0.205863
-0.342323 -0.285019
-0.601005 -0.362275
-0.865996 -0.437116
-1.12468 -0.509041
-1.38651 -0.577573
-1.66097 -0.642253
-1.93227 -0.70265
-2.19095 -0.758362
-2.44648 -0.809017
-2.69885 -0.854277
-2.92599 -0.893841
-3.15312 -0.927445
-3.37395 -0.954865
-3.57269 -0.975917
-3.75251 -0.990461
-3.91655 -0.998402
-4.06482 -0.999684
-4.191 -0.994301
-4.29826 -0.982287
-4.38659 -0.963724
-4.44653 -0.938734
-4.49385 -0.907484
-4.50016 -0.870184
-4.50016 -0.827081
-4.4623 -0.778462
-4.40867 -0.724653
-4.32981 -0.666012
-4.2194 -0.60293
-4.09005 -0.535827
-3.94179 -0.465151
-3.76197 -0.391374
-3.55692 -0.314987
-3.33925 -0.236499
-3.09003 -0.156434
-2.82819 -0.0753268
-2.54112 0.00628314
-2.23827 0.0878512
-1.92911 0.168833
-1.58526 0.24869
-1.23509 0.326888
-0.872306 0.402906
-0.506365 0.476238
-0.118343 0.546394
0.257061 0.612907
0.638774 0.675333
1.02364 0.733255
1.4022 0.786288
1.78391 0.834078
2.15616 0.876307
2.50317 0.912692
2.85334 0.942991
3.17511 0.967001
3.48427 0.984564
3.77765 0.995562
4.04895 0.999921
4.29186 0.997613
4.52846 0.988652
4.74613 0.973099
4.93225 0.951057
5.08052 0.922673
5.20355 0.888136
5.3045 0.847678
5.37075 0.801567
5.40545 0.750111
5.40545 0.693653
5.36444 0.63257
5.3329 0.567269
5.24141 0.498185
5.13415 0.425779
4.99535 0.350534
4.82184 0.272952
4.61679 0.193549
4.3865 0.112856
4.12782 0.0314108
3.85967 -0.0502443
3.54736 -0.131564
3.23505 -0.212007
2.90066 -0.291036
2.5568 -0.368125
2.06468 -0.442758
1.79653 -0.51444
1.43059 -0.58269
1.05834 -0.647056
0.667167 -0.707107
0.260216 -0.762443
-0.130961 -0.812694
-0.528448 -0.857527
-0.903852 -0.896641
-1.26664 -0.929776
-1.6168 -0.956712
-1.95435 -0.977268
-2.27297 -0.991308
-2.59475 -0.998737
-2.88813 -0.999507
-3.16574 -0.993611
-3.41496 -0.981091
-3.65156 -0.962028
-3.85976 -0.93655
-4.04274 -0.904827
-4.20047 -0.867071
-4.3235 -0.823533
-4.43076 -0.774503
-4.497 -0.720309
-4.54433 -0.661312
-4.55694 -0.597905
-4.55063 -0.530511
-4.51593 -0.45958
-4.45915 -0.385584
-4.37397 -0.309017
-4.2541 -0.230389
-4.11529 -0.150226
-3.96071 -0.06906
-3.76512 0.012566
-3.54745 0.0941083
-3.30454 0.175023
-3.04902 0.254771
-2.75879 0.33282
-2.4591 0.408649
-2.14994 0.481754
-1.83132 0.551646
-1.49377 0.61786
-1.15307 0.679953
-0.806059 0.737513
-0.452737 0.790155
-0.0962606 0.837528
0.257061 0.879316
0.610383 0.915241
0.960549 0.945063
1.29494 0.968583
1.61987 0.985645
1.92903 0.996134
2.23818 0.99998
2.51579 0.997159
2.78394 0.987688
3.02685 0.971632
3.23821 0.949096
3.42433 0.920232
3.60099 0.885231
3.74295 0.844328
3.87545 0.797794
3.97009 0.745941
4.03318 0.689114
4.06157 0.627691
4.07104 0.562083
4.04895 0.492727
3.99532 0.420086
3.93223 0.344643
3.81866 0.266902
3.6767 0.187381
3.51897 0.106611
3.336 0.0251301
3.10571 -0.0565185
2.87858 -0.13779
2.62621 -0.218143
2.35491 -0.297042
2.06468 -0.373959
1.76183 -0.448383
1.44952 -0.519817
1.12459 -0.587785
0.783888 -0.651834
0.44634 -0.711536
0.093019 -0.766493
-0.257148 -0.816339
-0.578922 -0.860742
-0.92278 -0.899405
-1.25086 -0.932071
-1.57264 -0.958522
-1.89757 -0.978581
-2.18149 -0.992115
-2.45594 -0.999033
-2.72093 -0.999289
-2.967 -0.992883
-3.18467 -0.979855
-3.39288 -0.960294
-3.57269 -0.934329
-3.73358 -0.902134
-3.85977 -0.863923
-3.97018 -0.819952
-4.0522 -0.770513
-4.11214 -0.715936
-4.14999 -0.656586
-4.16261 -0.592857
-4.14368 -0.525175
-4.10267 -0.45399
-4.02696 -0.379779
-3.93232 -0.303035
-3.79983 -0.224271
-3.65156 -0.144011
-3.4749 -0.0627905
-3.27615 0.0188484
-3.04902 0.100362
-2.80611 0.181206
-2.54112 0.260842
-2.24774 0.338738
-1.94804 0.414376
-1.63573 0.48725
-1.30134 0.556876
-0.973254 0.622788
-0.619933 0.684547
-0.279231 0.741742
0.0803992 0.79399
0.424257 0.840945
0.793352 0.882291
1.14352 0.917755
1.46529 0.947098
1.79653 0.970127
2.11515 0.986686
2.42746 0.996666
2.70507 1
2.96691 0.996666
3.21928 0.986686
3.45272 0.970127
3.66409 0.947098
3.8439 0.917755
3.98586 0.882291
4.10574 0.840945
4.19722 0.79399
4.26662 0.741742
4.31394 0.684547
4.32025 0.622788
4.30448 0.556876
4.27294 0.48725
4.20984 0.414376
4.10889 0.338738
3.98271 0.260842
3.82813 0.181206
3.64516 0.100362
3.44011 0.0188484
3.18773 -0.0627905
2.92905 -0.144011
2.66406 -0.224271
2.36121 -0.303035
2.05206 -0.379779
1.73028 -0.45399
1.41166 -0.525175
1.06465 -0.592857
0.71133 -0.656586
0.3517 -0.715936
-0.0173947 -0.770513
-0.367559 -0.819952
-0.724036 -0.863923
-1.06474 -0.902134
-1.42753 -0.934329
-1.75561 -0.960294
-2.08054 -0.979855
-2.38338 -0.992883
-2.67992 -0.999289
-2.94807 -0.999033
-3.2036 -0.992115
-3.44966 -0.978581
-3.66102 -0.958522
-3.84715 -0.932071
-4.02065 -0.899405
-4.17839 -0.860742
-4.29511 -0.816339
-4.38028 -0.766493
-4.46231 -0.711536
-4.50016 -0.651834
-4.52224 -0.587785
-4.50016 -0.519817
-4.45915 -0.448383
-4.38659 -0.373959
-4.2888 -0.297042
-4.15946 -0.218143
-3.99541 -0.13779
-3.7462 -0.0565185
-3.61686 0.0251301
-3.38341 0.106611
-3.11211 0.187381
-2.83135 0.266902
-2.53166 0.344643
-2.21303 0.420086
-1.88495 0.492727
-1.54425 0.562083
-1.18462 0.627691
-0.821831 0.689114
-0.449582 0.745941
-0.0741778 0.797794
0.298071 0.844328
0.673474 0.885231
1.03311 0.920232
1.4022 0.949096
1.75868 0.971632
2.09622 0.987688
2.41169 0.997159
2.70507 0.99998
2.99214 0.996134
3.25083 0.985645
3.48427 0.968583
3.7051 0.945063
3.90069 0.915241
4.06473 0.879316
4.19722 0.837528
4.3171 0.790155
4.39596 0.737513
4.45275 0.679953
4.47168 0.61786
4.47168 0.551646
4.44644 0.481754
4.3865 0.408649
4.29186 0.33282
4.16567 0.254771
4.00794 0.175023
3.82813 0.0941083
3.62623 0.012566
3.39279 -0.06906
3.1341 -0.150226
2.85649 -0.230389
2.56627 -0.309017
2.26027 -0.385584
1.93849 -0.45958
1.59779 -0.530511
1.24131 -0.597905
0.881682 -0.661312
0.522051 -0.720309
0.152958 -0.774503
-0.216137 -0.823533
-0.588387 -0.867071
-0.954326 -0.904827
-1.30765 -0.93655
-1.65782 -0.962028
-1.99536 -0.981091
-2.30452 -0.993611
-2.61367 -0.999507
-2.89759 -0.998737
-3.15943 -0.991308
-3.40865 -0.977268
-3.64209 -0.956712
-3.85976 -0.929776
-4.04274 -0.896641
-4.20362 -0.857527
-4.33612 -0.812694
-4.44969 -0.762443
-4.53486 -0.707107
-4.58534 -0.647056
-4.61688 -0.58269
-4.60742 -0.51444
-4.58218 -0.442758
-4.51278 -0.368125
-4.42129 -0.291036
-4.30142 -0.212007
-4.15315 -0.131564
-3.97018 -0.0502443
-3.75882 0.0314108
-3.53168 0.112856
-3.26984 0.193549
-2.99223 0.272952
-2.68308 0.350534
-2.36761 0.425779
-2.03006 0.498185
-1.68621 0.567269
-1.32342 0.63257
-0.963792 0.693653
-0.585232 0.750111
-0.200364 0.801567
0.18135 0.847678
0.553598 0.888136
0.929001 0.922673
1.29494 0.951057
1.64826 0.973099
1.99528 0.988652
2.32967 0.997613
2.63567 0.999921
2.92905 0.995562
3.20035 0.984564
3.45272 0.967001
3.67986 0.942991
3.88807 0.912692
4.04895 0.876307
4.20668 0.834078
4.32341 0.786288
4.4212 0.733255
4.47483 0.675333
4.51269 0.612907
4.519 0.546394
4.50953 0.476238
4.46537 0.402906
4.38019 0.326888
4.26347 0.24869
4.11205 0.168833
3.95432 0.0878512
3.75242 0.00628314
3.51897 -0.0753268
3.27606 -0.156434
3.00792 -0.236499
2.72085 -0.314987
2.41484 -0.391374
2.09622 -0.465151
1.77445 -0.535827
1.42744 -0.60293
1.07727 -0.666012
0.720795 -0.724653
0.361164 -0.778462
-0.0173947 -0.827081
-0.380181 -0.870184
-0.733501 -0.907484
-1.08682 -0.938734
-1.43068 -0.963724
-1.75561 -0.982287
-2.07423 -0.994301
-2.37077 -0.999684
-2.65153 -0.998402
