data = [0.042543 0.122216
0.0393883 0.242599
0.0551617 0.359345
0.0930179 0.470704
0.149802 0.575005
0.225513 0.670686
0.316998 0.75631
0.452649 0.830596
0.58199 0.892428
0.720794 0.940881
0.881681 0.975227
1.0331 0.994951
1.17191 0.999758
1.31071 0.989576
1.44637 0.964557
1.54416 0.925077
1.64195 0.871727
1.72713 0.805308
1.77445 0.726814
1.806 0.637424
1.80915 0.538477
1.78391 0.431456
1.72713 0.317967
1.63564 0.19971
1.52523 0.0784591
1.37696 -0.0439681
1.18768 -0.165736
0.970013 -0.285019
0.749187 -0.400029
0.48735 -0.509041
0.231824 -0.610422
-0.0584044 -0.70265
-0.33286 -0.784343
-0.635707 -0.854277
-0.925935 -0.911403
-1.21301 -0.954865
-1.50639 -0.98401
-1.79031 -0.998402
-2.04584 -0.997825
-2.31083 -0.982287
-2.54427 -0.952023
-2.74302 -0.907484
-2.92914 -0.84934
-3.09003 -0.778462
-3.21306 -0.695913
-3.31086 -0.60293
-3.37395 -0.500907
-3.40865 -0.391374
-3.40549 -0.275973
-3.36764 -0.156434
-3.29508 -0.0345506
-3.18467 0.0878512
-3.03955 0.208936
-2.87236 0.326888
-2.64522 0.439939
-2.40862 0.546394
-2.16256 0.644657
-1.86918 0.733255
-1.57264 0.81086
-1.26033 0.876307
-0.944863 0.928615
-0.623089 0.967001
-0.288695 0.990889
0.0362348 0.999921
0.3517 0.993961
0.660857 0.973099
0.94793 0.937647
1.21608 0.888136
1.45583 0.825311
1.68296 0.750111
1.87855 0.663665
2.0142 0.567269
2.1467 0.462368
2.24449 0.350534
2.31389 0.233445
2.32651 0.112856
2.31705 -0.00942464
2.27604 -0.131564
2.19086 -0.251732
2.08361 -0.368125
1.94796 -0.478998
1.79022 -0.58269
1.59779 -0.677646
1.38958 -0.762443
1.15298 -0.835807
0.922693 -0.896641
0.695558 -0.944031
0.458958 -0.977268
0.212896 -0.995853
-0.033167 -0.999507
-0.27292 -0.988175
-0.484283 -0.962028
-0.692489 -0.921457
-0.86915 -0.867071
-1.03004 -0.799685
-1.17515 -0.720309
-1.28556 -0.630134
-1.35812 -0.530511
-1.39913 -0.422935
-1.42122 -0.309017
-1.43383 -0.190466
-1.4086 -0.06906
-1.33288 0.0533817
-1.24771 0.175023
-1.12152 0.29404
-0.957481 0.408649
-0.799748 0.517131
-0.528448 0.61786
-0.402262 0.709325
-0.2256 0.790155
0.0173079 0.859139
0.250752 0.915241
0.496814 0.957622
0.746032 0.985645
0.98894 0.99889
1.21608 0.997159
1.42744 0.980478
1.61356 0.949096
1.78391 0.903485
1.94164 0.844328
2.06468 0.772512
2.18771 0.689114
2.23187 0.595384
2.26342 0.492727
2.28866 0.382683
2.26973 0.266902
2.2161 0.147119
2.12777 0.0251301
1.98896 -0.0972355
1.81861 -0.218143
1.6388 -0.33578
1.44006 -0.448383
1.19399 -0.554263
0.94793 -0.651834
0.667166 -0.739631
0.395866 -0.816339
0.105638 -0.880808
-0.20352 -0.932071
-0.496902 -0.96936
-0.790285 -0.992115
-1.0742 -0.999995
-1.33289 -0.992883
-1.56948 -0.970884
-1.79977 -0.934329
-2.00483 -0.883766
-2.16887 -0.819952
-2.38023 -0.743845
-2.46856 -0.656586
-2.57582 -0.559482
-2.61367 -0.45399
-2.64522 -0.341692
-2.62945 -0.224271
-2.59475 -0.103487
-2.51588 0.0188484
-2.40547 0.140901
-2.28244 0.260842
-2.09 0.376871
-1.89757 0.48725
-1.68305 0.590324
-1.43699 0.684547
-1.18462 0.768507
-0.910162 0.840945
-0.626242 0.900774
-0.339169 0.947098
-0.042631 0.979223
0.228669 0.996666
0.515743 0.999166
0.780733 0.986686
1.02364 0.959412
1.25709 0.917755
1.45583 0.862337
1.6388 0.79399
1.78707 0.71374
1.9101 0.622788
2.00789 0.522499
2.0489 0.414376
2.08045 0.30004
2.07414 0.181206
2.02998 0.0596548
1.97004 -0.0627905
1.85331 -0.184294
1.69874 -0.303035
1.53154 -0.417233
1.33595 -0.525175
1.10882 -0.625243
0.869063 -0.715936
0.623 -0.795896
0.35801 -0.863923
0.093019 -0.918998
-0.1909 -0.960294
-0.449582 -0.987192
-0.724037 -0.999289
-0.979564 -0.996405
-1.21616 -0.978581
-1.42437 -0.946085
-1.63573 -0.899405
-1.81555 -0.83924
-1.97328 -0.766493
-2.09947 -0.682254
-2.19411 -0.587785
-2.26035 -0.484504
-2.28875 -0.373959
-2.28244 -0.257807
-2.25404 -0.13779
-2.17833 -0.0157073
-2.07423 0.106611
-1.95435 0.227331
-1.79347 0.344643
-1.59788 0.456787
-1.39598 0.562083
-1.16569 0.658952
-0.913317 0.745941
-0.648326 0.821746
-0.37387 0.885231
-0.0962606 0.935444
0.203432 0.971632
0.481041 0.993252
0.761805 0.99998
1.01733 0.991716
1.26339 0.968583
1.49053 0.930928
1.70505 0.879316
1.88486 0.814521
2.03944 0.737513
2.15301 0.649448
2.25396 0.551646
2.3202 0.445573
2.35175 0.33282
2.34859 0.215076
2.31705 0.0941083
2.2508 -0.0282706
2.12146 -0.150226
1.99527 -0.269928
1.81861 -0.385584
1.61672 -0.495459
1.38643 -0.597905
1.14667 -0.691387
0.897456 -0.774503
0.626156 -0.846007
0.339083 -0.904827
0.0583187 -0.950081
-0.228755 -0.981091
-0.493747 -0.997391
-0.777667 -0.998737
-1.03635 -0.985109
-1.26979 -0.956712
-1.49062 -0.913971
-1.69882 -0.857527
-1.87233 -0.788226
-2.03006 -0.707107
-2.16571 -0.615386
-2.26035 -0.51444
-2.31083 -0.40578
-2.3266 -0.291036
-2.3266 -0.171929
-2.2572 -0.0502443
-2.21303 0.0721938
-2.14363 0.193549
-2.00483 0.312003
-1.84078 0.425779
-1.64835 0.533172
-1.43383 0.63257
-1.20354 0.722485
-0.954326 0.801567
-0.683026 0.868632
-0.418036 0.922673
-0.13727 0.96288
0.130875 0.988652
0.417949 0.9996
0.689249 0.995562
0.935311 0.976597
1.16876 0.942991
1.38012 0.895246
1.57255 0.834078
1.72713 0.760406
1.87855 0.675333
1.98266 0.580134
2.06152 0.476238
2.112 0.365202
2.12461 0.24869
2.10569 0.128449
2.05521 0.00628314
1.96373 -0.115977
1.83754 -0.236499
1.67034 -0.353475
1.49053 -0.465151
1.28548 -0.569853
1.07727 -0.666012
0.828052 -0.752185
0.569371 -0.827081
0.301226 -0.889576
0.0551629 -0.938734
-0.222447 -0.973817
-0.474819 -0.994301
-0.7335 -0.999877
-0.992182 -0.990461
-1.22247 -0.966196
-1.43068 -0.927445
-1.6168 -0.874789
-1.79031 -0.809017
-1.92596 -0.731116
-2.03006 -0.642253
-2.13732 -0.54376
-2.17202 -0.437116
-2.20357 -0.323917
-2.19726 -0.205863
-2.14679 -0.0847213
-2.08369 0.0376902
-1.97012 0.159537
-1.84709 0.278991
-1.67043 0.394263
-1.48115 0.503623
-1.26664 0.605433
-1.03004 0.698165
-0.78082 0.78043
-0.515829 0.850994
-0.231909 0.9088
0.036236 0.952979
0.307536 0.982871
0.5883 0.998027
0.846982 0.998219
1.10566 0.983445
1.32964 0.953927
1.54731 0.910106
1.73975 0.85264
1.91325 0.782391
2.04259 0.700411
2.15301 0.60793
2.22556 0.506335
2.27288 0.397148
2.2855 0.282007
2.26342 0.162637
2.21926 0.0408294
2.10884 -0.0815906
1.96688 -0.202787
1.806 -0.320944
1.62934 -0.434288
1.42744 -0.541121
1.20346 -0.639841
0.951085 -0.728969
0.67663 -0.807166
0.380093 -0.873262
0.0961737 -0.926266
-0.18459 -0.965382
-0.452736 -0.990024
-0.736655 -0.999822
-0.995337 -0.994631
-1.24455 -0.974527
-1.48746 -0.939812
-1.68936 -0.891007
-1.87864 -0.828842
-2.04584 -0.754251
-2.17833 -0.668352
-2.28559 -0.572432
-2.35184 -0.46793
-2.396 -0.356412
-2.41178 -0.23955
-2.37392 -0.119097
-2.3266 0.00314159
-2.22881 0.125333
-2.11209 0.245646
-1.93858 0.362275
-1.75561 0.473473
-1.55687 0.577573
-1.32027 0.673012
-1.08998 0.758362
-0.818676 0.832341
-0.547376 0.893841
-0.263457 0.94194
0.0141532 0.975917
0.294917 0.995261
0.572527 0.999684
0.824899 0.989119
1.08358 0.963724
1.30125 0.92388
1.50315 0.870184
1.68296 0.803441
1.8407 0.724653
1.96057 0.635
2.0489 0.535827
2.112 0.42862
2.13723 0.314987
2.13723 0.196631
2.10884 0.0753268
2.03629 -0.0471065
1.91641 -0.168833
1.7776 -0.288029
1.59463 -0.402906
1.41166 -0.511743
1.19399 -0.612907
0.966858 -0.704882
0.717641 -0.786288
0.462114 -0.855906
0.178195 -0.912692
-0.08995 -0.955793
-0.361251 -0.984564
-0.635706 -0.998574
-0.891233 -0.997613
-1.13099 -0.981694
-1.35812 -0.951057
-1.56948 -0.90616
-1.75245 -0.847678
-1.9165 -0.776487
-2.05215 -0.693653
-2.16256 -0.60042
-2.2225 -0.498185
-2.27613 -0.388481
-2.2919 -0.272952
-2.2572 -0.153331
-2.20672 -0.0314108
-2.11839 0.0909802
-1.99536 0.212007
-1.84709 0.329855
-1.6515 0.442758
-1.45276 0.549023
-1.2414 0.647056
-0.976409 0.735388
-0.727192 0.812694
-0.443273 0.877816
-0.168818 0.929776
0.108791 0.967797
0.39271 0.991308
0.660858 0.999956
0.922694 0.993611
1.18138 0.97237
1.39589 0.93655
1.61672 0.886688
1.80284 0.823533
1.97004 0.74803
2.08991 0.661312
2.19717 0.564679
2.26973 0.45958
2.29812 0.34759
2.30759 0.230389
2.27919 0.109734
2.2161 -0.012566
2.11515 -0.134678
1.96688 -0.254771
1.80915 -0.371044
1.61041 -0.481754
1.39589 -0.585241
1.17507 -0.679953
