data = [0.0425442 0.0909802
0.0362348 0.181206
0.0425442 0.269928
0.0709363 0.356412
0.105638 0.439939
0.159266 0.519817
0.247597 0.595384
0.339082 0.666012
0.44003 0.731116
0.54098 0.790155
0.664011 0.84264
0.796507 0.888136
0.922693 0.926266
1.04572 0.956712
1.16245 0.979223
1.27917 0.993611
1.39589 0.999758
1.49999 0.997613
1.60094 0.987192
1.67666 0.968583
1.7429 0.94194
1.79338 0.907484
1.82808 0.865501
1.83439 0.816339
1.82808 0.760406
1.806 0.698165
1.75868 0.630134
1.71451 0.556876
1.62618 0.478998
1.51892 0.397148
1.39589 0.312003
1.25078 0.224271
1.08043 0.134678
0.897455 0.0439681
0.695558 -0.0471065
0.458958 -0.13779
0.22236 -0.227331
-0.0394763 -0.314987
-0.295004 -0.400029
-0.559995 -0.481754
-0.831295 -0.559482
-1.09944 -0.63257
-1.38336 -0.700411
-1.65466 -0.762443
-1.93858 -0.81815
-2.20042 -0.867071
-2.46225 -0.9088
-2.72093 -0.942991
-2.95122 -0.96936
-3.17205 -0.987688
-3.38341 -0.997825
-3.57269 -0.999684
-3.74935 -0.993252
-3.90393 -0.978581
-4.03327 -0.955793
-4.13422 -0.925077
-4.21939 -0.886688
-4.27618 -0.840945
-4.30457 -0.788226
-4.31088 -0.728969
-4.29826 -0.663665
-4.23517 -0.592857
-4.15946 -0.517131
-4.05535 -0.437116
-3.92917 -0.353475
-3.76828 -0.266902
-3.58216 -0.178115
-3.38026 -0.0878512
-3.14366 0.00314159
-2.89759 0.0941083
-2.61052 0.184294
-2.31714 0.272952
-1.9859 0.359345
-1.65466 0.442758
-1.29818 0.522499
-0.935398 0.597905
-0.578922 0.668352
-0.200365 0.733255
0.175039 0.792077
0.556752 0.844328
0.938466 0.889576
1.30441 0.927445
1.67034 0.957622
2.02367 0.979855
2.36121 0.993961
2.67983 0.999822
2.98584 0.997391
3.2666 0.986686
3.51582 0.967797
3.75242 0.940881
3.95431 0.90616
4.12782 0.863923
4.27609 0.814521
4.39912 0.758362
4.48429 0.695913
4.55054 0.627691
4.56001 0.554263
4.56632 0.476238
4.53792 0.394263
4.49376 0.309017
4.39281 0.221208
4.2824 0.131564
4.13413 0.0408294
3.95431 -0.0502443
3.73349 -0.140901
3.33285 -0.230389
3.1625 -0.317967
2.95744 -0.402906
2.67353 -0.484504
2.36121 -0.562083
2.04259 -0.635
1.69558 -0.70265
1.35488 -0.764472
1.00471 -0.819952
0.651393 -0.868632
0.298072 -0.910106
-0.0552498 -0.944031
-0.399107 -0.970127
-0.74612 -0.988175
-1.19724 -0.998027
-1.38967 -0.9996
-1.67674 -0.992883
-1.95435 -0.977929
-2.20672 -0.954865
-2.45279 -0.92388
-2.67361 -0.885231
-2.86289 -0.83924
-3.02063 -0.786288
-3.15628 -0.726814
-3.26038 -0.661312
-3.35187 -0.590324
-3.41811 -0.51444
-3.45597 -0.434288
-3.46228 -0.350534
-3.4402 -0.263873
-3.39288 -0.175023
-3.30139 -0.0847213
-3.15628 0.00628314
-3.06795 0.0972355
-2.92283 0.187381
-2.73671 0.275973
-2.52219 0.362275
-2.2919 0.445573
-2.06161 0.525175
-1.80293 0.60042
-1.53794 0.670686
-1.25087 0.735388
-0.966946 0.79399
-0.667253 0.846007
-0.354942 0.891007
-0.042631 0.928615
0.253906 0.958522
0.559907 0.980478
0.840671 0.994301
1.12459 0.999877
1.39589 0.997159
1.64195 0.98617
1.86909 0.967001
2.09307 0.939812
2.28235 0.904827
2.45901 0.862337
2.60097 0.812694
2.73662 0.75631
2.83757 0.693653
2.91643 0.625243
2.95429 0.551646
2.98584 0.473473
2.97953 0.391374
2.95429 0.306028
2.89119 0.218143
2.81233 0.128449
2.71454 0.0376902
2.56942 -0.0533817
2.41169 -0.144011
2.21926 -0.233445
2.0142 -0.320944
1.79338 -0.40578
1.55678 -0.48725
1.31071 -0.564679
1.04257 -0.637424
0.755496 -0.704882
0.481041 -0.766493
0.190814 -0.821746
-0.102569 -0.870184
-0.399106 -0.911403
-0.68618 -0.945063
-0.96379 -0.970884
-1.24771 -0.988652
-1.5127 -0.998219
-1.77138 -0.999507
-2.01114 -0.992504
-2.23196 -0.977268
-2.43702 -0.953927
-2.62945 -0.922673
-2.79349 -0.883766
-2.92914 -0.837528
-3.04586 -0.784343
-3.14681 -0.724653
-3.24461 -0.658952
-3.27931 -0.587785
-3.28877 -0.511743
-3.28246 -0.431456
-3.26038 -0.34759
-3.2036 -0.260842
-3.13104 -0.171929
-3.0364 -0.0815906
-2.90075 0.00942464
-2.73986 0.100362
-2.56951 0.190466
-2.36446 0.278991
-2.12786 0.365202
-1.8818 0.448383
-1.62627 0.527846
-1.3455 0.60293
-1.07105 0.673012
-0.768201 0.737513
-0.468509 0.795896
-0.156198 0.847678
0.152958 0.892428
0.468423 0.929776
0.768115 0.959412
1.07096 0.981091
1.36119 0.994631
1.6388 0.999921
1.9101 0.996917
2.15301 0.985645
2.3833 0.966196
2.59781 0.938734
2.78394 0.903485
2.95744 0.860742
3.09625 0.81086
3.22244 0.754251
3.31076 0.691387
3.37386 0.622788
3.41171 0.549023
3.42433 0.470704
3.41487 0.388481
3.38017 0.303035
3.29815 0.215076
3.20035 0.125333
3.08678 0.0345506
2.92905 -0.0565185
2.74293 -0.147119
2.55049 -0.236499
2.32967 -0.323917
2.09307 -0.408649
1.84385 -0.489991
1.57255 -0.567269
1.27917 -0.639841
0.998405 -0.707107
0.698713 -0.768507
0.402176 -0.823533
0.102483 -0.871727
-0.209828 -0.912692
-0.512675 -0.946085
-0.815522 -0.971632
-1.10891 -0.989119
-1.39282 -0.998402
-1.67043 -0.999403
-1.94173 -0.992115
-2.16571 -0.976597
-2.38339 -0.952979
-2.58844 -0.921457
-2.79034 -0.882291
-2.94491 -0.835807
-3.07741 -0.782391
-3.19098 -0.722485
-3.29193 -0.656586
-3.34871 -0.585241
-3.39288 -0.509041
-3.40865 -0.42862
-3.40549 -0.344643
-3.36764 -0.257807
-3.29824 -0.168833
-3.20675 -0.0784591
-3.08372 0.012566
-2.95122 0.103487
-2.77772 0.193549
-2.59159 0.282007
-2.37392 0.368125
-2.09316 0.451189
-1.90072 0.530511
-1.62942 0.605433
-1.35181 0.675333
-1.05212 0.739631
-0.752429 0.797794
-0.440119 0.84934
-0.134117 0.893841
0.17504 0.930928
0.481041 0.960294
0.790197 0.981694
1.08358 0.994951
1.37065 0.999956
1.64511 0.996666
1.90379 0.985109
2.14985 0.965382
2.36437 0.937647
2.56311 0.902134
2.73977 0.859139
2.89435 0.809017
3.01738 0.752185
3.1341 0.689114
3.20666 0.620327
3.25714 0.546394
3.28237 0.46793
3.27922 0.385584
3.26029 0.30004
3.20351 0.212007
3.12464 0.122216
3.01423 0.0314108
2.87858 -0.0596548
2.70823 -0.150226
2.52841 -0.23955
2.31705 -0.326888
2.09622 -0.411514
1.85332 -0.492727
1.59779 -0.569853
1.33595 -0.642253
1.05519 -0.709325
0.768115 -0.770513
0.477886 -0.825311
0.187659 -0.873262
-0.118342 -0.913971
-0.41488 -0.947098
-0.701955 -0.97237
-0.985874 -0.989576
-1.26979 -0.998574
-1.52532 -0.999289
-1.77454 -0.991716
-2.00483 -0.975917
-2.21934 -0.952023
-2.4244 -0.920232
-2.60106 -0.880808
-2.77141 -0.834078
-2.9039 -0.78043
-3.01116 -0.720309
-3.11211 -0.654213
-3.16889 -0.58269
-3.20991 -0.506335
-3.22883 -0.425779
-3.21306 -0.341692
-3.17836 -0.254771
-3.11842 -0.165736
-3.03324 -0.0753268
-2.92599 0.0157073
-2.79664 0.106611
-2.62629 0.196631
-2.45279 0.285019
-2.24773 0.371044
-2.03322 0.45399
-1.79662 0.533172
-1.5474 0.60793
-1.27926 0.677646
-0.995337 0.741742
-0.705109 0.799685
-0.424346 0.850994
-0.121499 0.895246
0.184502 0.932071
0.471576 0.961165
0.758649 0.982287
1.0331 0.995261
1.2981 0.99998
1.55678 0.996405
1.80284 0.984564
2.02997 0.964557
2.24449 0.93655
2.43062 0.900774
2.60097 0.857527
2.75554 0.807166
2.87858 0.750111
2.96691 0.686834
3.03 0.61786
3.07732 0.54376
3.09625 0.465151
3.10256 0.382683
3.08047 0.297042
3.03 0.208936
2.93221 0.119097
2.80917 0.0282706
2.68299 -0.0627905
2.51579 -0.153331
2.33282 -0.242599
2.12777 -0.329855
1.91325 -0.414376
1.67981 -0.495459
1.42113 -0.572432
1.16245 -0.644657
0.887992 -0.711536
0.604074 -0.772512
0.310691 -0.827081
0.0267719 -0.874789
-0.257147 -0.915241
-0.537911 -0.948102
-0.831295 -0.973099
-1.08998 -0.990024
-1.35497 -0.998737
-1.60419 -0.999166
-1.83763 -0.991308
-2.0553 -0.975227
-2.25404 -0.951057
-2.44648 -0.918998
-2.62314 -0.879316
-2.77456 -0.832341
-2.89444 -0.778462
-2.99539 -0.718126
-3.07426 -0.651834
-3.12788 -0.580134
-3.15943 -0.503623
-3.15628 -0.422935
-3.13735 -0.338738
-3.08687 -0.251732
-3.01747 -0.162637
-2.92599 -0.0721938
-2.79664 0.0188484
-2.65469 0.109734
-2.49064 0.19971
-2.30452 0.288029
-2.09316 0.373959
-1.85025 0.456787
-1.61996 0.535827
-1.35497 0.610422
-1.08367 0.679953
-0.796595 0.743845
-0.512676 0.801567
-0.212984 0.85264
0.0803992 0.896641
0.386401 0.933205
0.673474 0.962028
0.966857 0.982871
1.23816 0.995562
1.51261 0.999995
1.76814 0.996134
1.99843 0.98401
2.22872 0.963724
2.43693 0.935444
2.61674 0.899405
2.78394 0.855906
2.93221 0.805308
3.04893 0.74803
3.13411 0.684547
3.20351 0.615386
3.22874 0.541121
