data = [-0.0489404 0.0753268
-0.0520951 0.150226
-0.0394763 0.224271
-0.0173947 0.297042
0.0236161 0.368125
0.0709363 0.437116
0.152957 0.503623
0.225514 0.567269
0.313844 0.627691
0.40533 0.684547
0.515743 0.737513
0.626155 0.786288
0.739722 0.830596
0.862754 0.870184
0.973167 0.904827
1.08989 0.934329
1.2003 0.958522
1.30125 0.977268
1.4022 0.990461
1.49999 0.998027
1.57886 0.999921
1.65457 0.996134
1.72082 0.986686
1.77129 0.971632
1.80284 0.951057
1.83439 0.925077
1.84385 0.893841
1.83123 0.857527
1.81231 0.816339
1.77129 0.770513
1.72713 0.720309
1.65457 0.666012
1.56309 0.60793
1.4716 0.546394
1.33911 0.481754
1.20661 0.414376
1.04888 0.344643
0.884836 0.272952
0.698713 0.19971
0.503124 0.125333
0.301226 0.0502443
0.074091 -0.0251301
-0.159354 -0.100362
-0.402262 -0.175023
-0.645171 -0.24869
-0.894388 -0.320944
-1.15622 -0.391374
-1.4086 -0.45958
-1.66097 -0.525175
-1.92912 -0.587785
-2.16887 -0.647056
-2.41809 -0.70265
-2.67046 -0.754251
-2.9039 -0.801567
-3.12157 -0.844328
-3.33925 -0.882291
-3.54745 -0.915241
-3.73358 -0.942991
-3.91024 -0.965382
-4.07744 -0.982287
-4.21624 -0.993611
-4.33296 -0.999289
-4.44022 -0.999289
-4.51909 -0.993611
-4.57272 -0.982287
-4.61688 -0.965382
-4.64527 -0.942991
-4.64843 -0.915241
-4.62635 -0.882291
-4.57903 -0.844328
-4.52224 -0.801567
-4.42129 -0.754251
-4.31088 -0.70265
-4.17207 -0.647056
-4.0175 -0.587785
-3.83768 -0.525175
-3.62632 -0.45958
-3.41496 -0.391374
-3.16574 -0.320944
-2.91652 -0.24869
-2.62945 -0.175023
-2.33291 -0.100362
-2.02691 -0.0251301
-1.69252 0.0502443
-1.35812 0.125333
-1.00165 0.19971
-0.626242 0.272952
-0.260303 0.344643
0.124566 0.414376
0.509434 0.481754
0.891146 0.546394
1.2697 0.60793
1.65142 0.666012
2.02998 0.720309
2.39907 0.770513
2.75239 0.816339
3.0994 0.857527
3.42749 0.893841
3.75873 0.925077
4.05842 0.951057
4.33603 0.971632
4.60102 0.986686
4.85654 0.996134
5.08368 0.999921
5.28873 0.998027
5.44331 0.990461
5.66729 0.977268
5.73669 0.958522
5.7777 0.934329
5.83448 0.904827
5.8755 0.870184
5.88496 0.830596
5.87234 0.786288
5.81556 0.737513
5.73985 0.684547
5.61997 0.627691
5.4717 0.567269
5.30766 0.503623
5.0963 0.437116
4.87863 0.368125
4.62625 0.297042
4.3518 0.224271
3.92592 0.150226
3.72718 0.0753268
3.4338 1.63546e-14
3.0994 -0.0753268
2.73346 -0.150226
2.36121 -0.224271
1.97004 -0.297042
1.5694 -0.368125
1.1656 -0.437116
0.75865 -0.503623
0.354854 -0.567269
-0.0426322 -0.627691
-0.446428 -0.684547
-0.834451 -0.737513
-1.23194 -0.786288
-1.61365 -0.830596
-1.98274 -0.870184
-2.36761 -0.904827
-2.70832 -0.934329
-3.03955 -0.958522
-3.35186 -0.977268
-3.65471 -0.990461
-3.91655 -0.998027
-4.34558 -0.999921
-4.47177 -0.996134
-4.62319 -0.986686
-4.80932 -0.971632
-4.95758 -0.951057
-5.09008 -0.925077
-5.20365 -0.893841
-5.28883 -0.857527
-5.35507 -0.816339
-5.39293 -0.770513
-5.40555 -0.720309
-5.38346 -0.666012
-5.33614 -0.60793
-5.2415 -0.546394
-5.14055 -0.481754
-5.01121 -0.414376
-4.85033 -0.344643
-4.68629 -0.272952
-4.48123 -0.19971
-4.25094 -0.125333
-4.01119 -0.0502443
-3.74935 0.0251301
-3.46543 0.100362
-3.16574 0.175023
-2.83135 0.24869
-2.48433 0.320944
-2.11839 0.391374
-1.74299 0.45958
-1.37074 0.525175
-0.979564 0.587785
-0.582078 0.647056
-0.194056 0.70265
0.193968 0.754251
0.585144 0.801567
0.982632 0.844328
1.35803 0.882291
1.73344 0.915241
2.08676 0.942991
2.42746 0.965382
2.76186 0.982287
3.06155 0.993611
3.35493 0.999289
3.62307 0.999289
3.86914 0.993611
4.09312 0.982287
4.29186 0.965382
4.46221 0.942991
4.61048 0.915241
4.71458 0.882291
4.80291 0.844328
4.86285 0.801567
4.88494 0.754251
4.89125 0.70265
4.85654 0.647056
4.80292 0.587785
4.73351 0.525175
4.61679 0.45958
4.48745 0.391374
4.31079 0.320944
4.12782 0.24869
3.91015 0.175023
3.6704 0.100362
3.41802 0.0251301
3.13095 -0.0502443
2.8281 -0.125333
2.51579 -0.19971
2.18456 -0.272952
1.84385 -0.344643
1.49368 -0.414376
1.14036 -0.481754
0.771269 -0.546394
0.399021 -0.60793
0.0362348 -0.666012
-0.342324 -0.720309
-0.711418 -0.770513
-1.06474 -0.816339
-1.39913 -0.857527
-1.73984 -0.893841
-2.07107 -0.925077
-2.39285 -0.951057
-2.69885 -0.971632
-2.99223 -0.986686
-3.273 -0.996134
-3.52537 -0.999921
-3.75566 -0.998027
-3.95756 -0.990461
-4.13106 -0.977268
-4.29195 -0.958522
-4.43076 -0.934329
-4.55063 -0.904827
-4.64843 -0.870184
-4.70521 -0.830596
-4.75253 -0.786288
-4.762 -0.737513
-4.75884 -0.684547
-4.72099 -0.627691
-4.66105 -0.567269
-4.56641 -0.503623
-4.44338 -0.437116
-4.29511 -0.368125
-4.12791 -0.297042
-3.93548 -0.224271
-3.73673 -0.150226
-3.49382 -0.0753268
-3.23199 -7.53418e-14
-2.97015 0.0753268
-2.67992 0.150226
-2.36761 0.224271
-2.02691 0.297042
-1.6515 0.368125
-1.16569 0.437116
-0.944862 0.503623
-0.626242 0.567269
-0.257149 0.627691
0.115101 0.684547
0.477886 0.737513
0.850135 0.786288
1.20661 0.830596
1.56624 0.870184
1.92587 0.904827
2.26026 0.934329
2.56942 0.958522
2.89751 0.977268
3.20035 0.990461
3.47481 0.998027
3.73349 0.999921
3.97009 0.996134
4.17199 0.986686
4.3518 0.971632
4.51584 0.951057
4.66411 0.925077
4.76822 0.893841
4.85339 0.857527
4.89755 0.816339
4.94172 0.770513
4.93226 0.720309
4.90071 0.666012
4.84708 0.60793
4.76506 0.546394
4.60417 0.481754
4.49376 0.414376
4.32972 0.344643
4.13413 0.272952
3.89753 0.19971
3.66093 0.125333
3.41802 0.0502443
3.1341 -0.0251301
2.8281 -0.100362
2.51264 -0.175023
2.17509 -0.24869
1.83123 -0.320944
1.46845 -0.391374
1.10566 -0.45958
0.742878 -0.525175
0.35801 -0.587785
-0.304467 -0.647056
-0.525293 -0.70265
-0.771356 -0.754251
-1.11837 -0.801567
-1.48431 -0.844328
-1.83132 -0.882291
-2.17202 -0.915241
-2.50011 -0.942991
-2.81242 -0.965382
-3.1058 -0.982287
-3.3771 -0.993611
-3.62947 -0.999289
-3.86607 -0.999289
-4.07744 -0.993611
-4.26356 -0.982287
-4.43391 -0.965382
-4.58534 -0.942991
-4.69575 -0.915241
-4.78092 -0.882291
-4.85979 -0.844328
-4.9008 -0.801567
-4.91657 -0.754251
-4.91027 -0.70265
-4.8661 -0.647056
-4.79354 -0.587785
-4.6989 -0.525175
-4.57587 -0.45958
-4.4276 -0.391374
-4.2541 -0.320944
-4.05535 -0.24869
-3.83453 -0.175023
-3.58531 -0.100362
-3.32978 -0.0251301
-3.04902 0.0502443
-2.74302 0.125333
-2.44648 0.19971
-2.08369 0.272952
-1.73668 0.344643
-1.38967 0.414376
-1.01111 0.481754
-0.654634 0.546394
-0.276075 0.60793
0.118255 0.666012
0.499969 0.720309
0.875374 0.770513
1.24447 0.816339
1.62618 0.857527
1.98266 0.893841
2.3202 0.925077
2.65775 0.951057
2.97953 0.971632
3.27606 0.986686
3.56629 0.996134
3.83128 0.999921
4.06788 0.998027
4.27924 0.990461
4.47168 0.977268
4.63572 0.958522
4.77452 0.934329
4.89124 0.904827
4.97642 0.870184
5.0269 0.830596
5.04898 0.786288
5.04898 0.737513
5.01428 0.684547
4.9638 0.627691
4.88178 0.567269
4.7619 0.503623
4.61363 0.437116
4.44328 0.368125
4.24139 0.297042
4.01425 0.224271
3.77765 0.150226
3.50635 0.0753268
3.21928 -3.08722e-14
2.90382 -0.0753268
2.5568 -0.150226
2.22556 -0.224271
1.86593 -0.297042
1.49684 -0.368125
1.12459 -0.437116
0.749187 -0.503623
0.361164 -0.567269
-0.0205483 -0.627691
-0.424345 -0.684547
-0.799748 -0.737513
-1.17831 -0.786288
-1.54425 -0.830596
-1.90388 -0.870184
-2.24773 -0.904827
-2.57897 -0.934329
-2.9039 -0.958522
-3.19729 -0.977268
-3.49067 -0.990461
-3.76513 -0.998027
-4.01434 -0.999921
-4.24463 -0.996134
-4.45284 -0.986686
-4.62635 -0.971632
-4.7967 -0.951057
-4.91342 -0.925077
-5.01752 -0.893841
-5.07431 -0.857527
-5.12794 -0.816339
-5.13425 -0.770513
-5.12794 -0.720309
-5.08377 -0.666012
-5.01437 -0.60793
-4.91657 -0.546394
-4.78723 -0.481754
-4.64212 -0.414376
-4.47177 -0.344643
-4.26987 -0.272952
-4.04904 -0.19971
-3.80298 -0.125333
-3.52853 -0.0502443
-3.23514 0.0251301
-2.92599 0.100362
-2.60106 0.175023
-2.26351 0.24869
-1.90388 0.320944
-1.53163 0.391374
-1.14676 0.45958
-0.755583 0.525175
-0.36756 0.587785
0.0362348 0.647056
0.427412 0.70265
0.821744 0.754251
1.21608 0.801567
1.59463 0.844328
1.97319 0.882291
2.33598 0.915241
2.67353 0.942991
3.01423 0.965382
3.31707 0.982287
3.62623 0.993611
3.90699 0.999289
4.16568 0.999289
4.40227 0.993611
4.59471 0.982287
4.77452 0.965382
4.93541 0.942991
5.06475 0.915241
