data = [-0.0268576 0.0972355
-0.0237029 0.193549
-0.0268588 0.288029
-0.00162135 0.379779
0.0362348 0.46793
0.0961737 0.551646
0.16873 0.630134
0.266525 0.70265
0.380093 0.768507
0.499969 0.827081
0.632464 0.877816
0.76496 0.920232
0.90061 0.953927
1.03311 0.978581
1.1656 0.993961
1.28863 0.999921
1.4022 0.996405
1.50315 0.983445
1.58832 0.961165
1.6735 0.929776
1.72713 0.889576
1.76498 0.840945
1.78707 0.784343
1.79022 0.720309
1.76498 0.649448
1.73344 0.572432
1.66404 0.489991
1.57886 0.402906
1.46214 0.312003
1.33595 0.218143
1.17506 0.122216
0.992094 0.0251301
0.796507 -0.0721938
0.578835 -0.168833
0.345391 -0.263873
0.108792 -0.356412
-0.159354 -0.445573
-0.436964 -0.530511
-0.711418 -0.610422
-0.992182 -0.684547
-1.2761 -0.752185
-1.55056 -0.812694
-1.82501 -0.865501
-2.10262 -0.910106
-2.36446 -0.946085
-2.62629 -0.973099
-2.8692 -0.990889
-3.09003 -0.999289
-3.31401 -0.998219
-3.49382 -0.987688
-3.66102 -0.967797
-3.80929 -0.938734
-3.93548 -0.900774
-4.02065 -0.854277
-4.0869 -0.799685
-4.12791 -0.737513
-4.14368 -0.668352
-4.13107 -0.592857
-4.09321 -0.511743
-4.03012 -0.425779
-3.92601 -0.33578
-3.80298 -0.242599
-3.65156 -0.147119
-3.46543 -0.0502443
-3.25092 0.0471065
-3.01116 0.144011
-2.75879 0.23955
-2.45594 0.33282
-2.14994 0.422935
-1.82501 0.509041
-1.48115 0.590324
-1.12152 0.666012
-0.78082 0.735388
-0.411726 0.797794
-0.0363217 0.85264
0.335928 0.899405
0.698713 0.937647
1.05834 0.967001
1.41166 0.987192
1.74921 0.998027
2.07414 0.999403
2.36121 0.991308
2.64829 0.973817
2.90697 0.947098
3.14672 0.911403
3.35493 0.867071
3.53474 0.814521
3.69563 0.754251
3.81236 0.686834
3.89437 0.612907
3.96378 0.533172
3.99217 0.448383
3.99532 0.359345
3.97324 0.266902
3.91961 0.171929
3.81866 0.0753268
3.68932 -0.0219894
3.52844 -0.119097
3.34231 -0.215076
3.14988 -0.309017
2.91959 -0.400029
2.67352 -0.48725
2.40222 -0.569853
2.10253 -0.647056
1.79653 -0.718126
1.5063 -0.782391
1.19399 -0.83924
0.878528 -0.888136
0.550444 -0.928615
0.219205 -0.960294
-0.108879 -0.982871
-0.414881 -0.996134
-0.717728 -0.999956
-1.00796 -0.994301
-1.28241 -0.979223
-1.54425 -0.954865
-1.77769 -0.921457
-1.99852 -0.879316
-2.1878 -0.828842
-2.35815 -0.770513
-2.50957 -0.704882
-2.61683 -0.63257
-2.75248 -0.554263
-2.81242 -0.470704
-2.83766 -0.382683
-2.85658 -0.291036
-2.8345 -0.196631
-2.78718 -0.100362
-2.71462 -0.00314159
-2.62629 0.0941083
-2.49695 0.190466
-2.34553 0.285019
-2.1531 0.376871
-1.96066 0.465151
-1.75561 0.549023
-1.51901 0.627691
-1.27295 0.700411
-1.02373 0.766493
-0.774512 0.825311
-0.503212 0.876307
-0.225602 0.918998
0.115101 0.952979
0.288607 0.977929
0.566216 0.993611
0.815434 0.999877
1.06465 0.996666
1.29179 0.98401
1.51261 0.962028
1.69874 0.930928
1.8754 0.891007
2.03313 0.84264
2.16247 0.786288
2.27919 0.722485
2.35806 0.651834
2.42115 0.575005
2.45585 0.492727
2.46216 0.40578
2.4527 0.314987
2.41169 0.221208
2.3486 0.125333
2.24134 0.0282706
2.10884 -0.06906
1.95742 -0.165736
1.78076 -0.260842
1.59779 -0.353475
1.37381 -0.442758
1.14983 -0.527846
0.910074 -0.60793
0.664011 -0.682254
0.395866 -0.750111
0.130875 -0.81086
-0.140425 -0.863923
-0.41488 -0.9088
-0.68618 -0.945063
-0.95748 -0.97237
-1.21616 -0.990461
-1.46538 -0.999166
-1.69567 -0.998402
-1.92281 -0.988175
-2.1247 -0.968583
-2.31083 -0.939812
-2.48118 -0.902134
-2.62945 -0.855906
-2.77141 -0.801567
-2.8692 -0.739631
-2.95438 -0.670686
-3.01432 -0.595384
-3.05533 -0.51444
-3.06164 -0.42862
-3.02694 -0.338738
-2.98592 -0.245646
-2.90706 -0.150226
-2.80611 -0.0533817
-2.68939 0.0439681
-2.53796 0.140901
-2.37077 0.236499
-2.18464 0.329855
-1.96697 0.420086
-1.73353 0.506335
-1.48431 0.587785
-1.2067 0.663665
-0.941708 0.733255
-0.660945 0.795896
-0.370716 0.850994
-0.074179 0.898028
0.206585 0.93655
0.499968 0.966196
0.783887 0.986686
1.05519 0.997825
1.32333 0.999507
1.5694 0.991716
1.80599 0.974527
2.02367 0.948102
2.21294 0.912692
2.39276 0.868632
2.54418 0.816339
2.65775 0.75631
2.76816 0.689114
2.83441 0.615386
2.90066 0.535827
2.9259 0.451189
2.91959 0.362275
2.89751 0.269928
2.84388 0.175023
2.74924 0.0784591
2.62936 -0.0188484
2.47794 -0.115977
2.30758 -0.212007
2.12146 -0.306028
1.91956 -0.397148
1.69558 -0.484504
1.45583 -0.567269
1.2003 -0.644657
0.947931 -0.715936
0.667167 -0.78043
0.389557 -0.837528
0.115102 -0.886688
-0.171972 -0.927445
-0.443272 -0.959412
-0.717727 -0.982287
-0.976408 -0.995853
-1.23509 -0.99998
-1.478 -0.994631
-1.69882 -0.979855
-1.91019 -0.955793
-2.10262 -0.922673
-2.27613 -0.880808
-2.43071 -0.830596
-2.55374 -0.772512
-2.661 -0.707107
-2.73671 -0.635
-2.80295 -0.556876
-2.83766 -0.473473
-2.84397 -0.385584
-2.81557 -0.29404
-2.77141 -0.19971
-2.6957 -0.103487
-2.61367 -0.00628314
-2.50011 0.0909802
-2.35499 0.187381
-2.1878 0.282007
-2.00483 0.373959
-1.79347 0.462368
-1.57895 0.546394
-1.32973 0.625243
-1.1026 0.698165
-0.821832 0.764472
-0.541068 0.823533
-0.269768 0.874789
0.00784269 0.917755
0.282297 0.952023
0.553599 0.977268
0.821744 0.993252
1.08358 0.999822
1.32018 0.996917
1.55362 0.984564
1.75868 0.96288
1.95426 0.932071
2.13408 0.892428
2.2855 0.844328
2.43377 0.788226
2.52841 0.724653
2.6199 0.654213
2.67352 0.577573
2.71138 0.495459
2.71453 0.408649
2.70823 0.317967
2.66406 0.224271
2.59466 0.128449
2.49686 0.0314108
2.37068 -0.0659256
2.21295 -0.162637
2.04575 -0.257807
1.78391 -0.350534
1.65142 -0.439939
1.44321 -0.525175
1.21923 -0.605433
0.982632 -0.679953
0.720795 -0.74803
0.45265 -0.809017
0.175041 -0.862337
-0.0994141 -0.907484
-0.559995 -0.944031
-0.711418 -0.971632
-0.884925 -0.990024
-1.12152 -0.999033
-1.36443 -0.998574
-1.58526 -0.988652
-1.79347 -0.96936
-1.97644 -0.940881
-2.1531 -0.903485
-2.29821 -0.857527
-2.4244 -0.803441
-2.51903 -0.741742
-2.61367 -0.673012
-2.67361 -0.597905
-2.70832 -0.517131
-2.7304 -0.431456
-2.70516 -0.341692
-2.66731 -0.24869
-2.59475 -0.153331
-2.50957 -0.0565185
-2.38969 0.0408294
-2.25404 0.13779
-2.09947 0.233445
-1.9165 0.326888
-1.71144 0.417233
-1.49377 0.503623
-1.25717 0.585241
-1.02057 0.661312
-0.752429 0.731116
-0.484283 0.79399
-0.203519 0.84934
0.0646269 0.896641
0.342236 0.935444
0.610382 0.965382
0.875372 0.98617
1.13405 0.997613
1.37065 0.9996
1.60094 0.992115
1.81546 0.975227
2.01736 0.949096
2.19086 0.913971
2.35175 0.870184
2.49055 0.81815
2.59781 0.758362
2.6893 0.691387
2.75239 0.61786
2.77763 0.538477
2.79656 0.45399
2.77763 0.365202
2.74608 0.272952
2.66722 0.178115
2.5915 0.0815906
2.46216 -0.0157073
2.30759 -0.112856
2.15301 -0.208936
1.95426 -0.303035
1.73659 -0.394263
1.51261 -0.481754
1.26655 -0.564679
1.01733 -0.642253
0.746032 -0.71374
0.484197 -0.778462
0.203433 -0.835807
-0.0678684 -0.885231
-0.354942 -0.926266
-0.616778 -0.958522
-0.88177 -0.981694
-1.1373 -0.995562
-1.38651 -0.999995
-1.6168 -0.994951
-1.83763 -0.980478
-2.03006 -0.956712
-2.20672 -0.92388
-2.36761 -0.882291
-2.50011 -0.832341
-2.62314 -0.774503
-2.70831 -0.709325
-2.77456 -0.637424
-2.82504 -0.559482
-2.84712 -0.476238
-2.83766 -0.388481
-2.7998 -0.297042
-2.74617 -0.202787
-2.65469 -0.106611
-2.54743 -0.00942464
-2.42755 0.0878512
-2.26351 0.184294
-2.08054 0.278991
-1.86918 0.371044
-1.64835 0.45958
-1.41806 0.54376
-1.172 0.622788
-0.913315 0.695913
-0.642015 0.762443
-0.37387 0.821746
-0.0836418 0.873262
0.200277 0.916502
0.477886 0.951057
0.755496 0.976597
1.02049 0.992883
1.27286 0.999758
1.52208 0.997159
1.75237 0.985109
1.96688 0.963724
2.15932 0.933205
2.33913 0.893841
2.49686 0.846007
2.61989 0.790155
2.71769 0.726814
2.80287 0.656586
2.85334 0.580134
2.86596 0.498185
2.86911 0.411514
2.84703 0.320944
2.79656 0.227331
2.724 0.131564
2.60728 0.0345506
2.47794 -0.0627905
2.30128 -0.159537
2.12777 -0.254771
1.92903 -0.34759
1.71451 -0.437116
1.48738 -0.522499
1.235 -0.60293
0.979477 -0.677646
0.71764 -0.745941
0.436876 -0.807166
0.162421 -0.860742
-0.108879 -0.90616
-0.380179 -0.942991
-0.651479 -0.970884
-0.91647 -0.989576
-1.17831 -0.99889
-1.41175 -0.998737
-1.64204 -0.989119
-1.84078 -0.970127
-2.03006 -0.94194
-2.20672 -0.904827
-2.35184 -0.859139
