data = [-0.0363205 0.0941083
-0.0268576 0.187381
-0.0331658 0.278991
0.00784269 0.368125
0.0583176 0.45399
0.108792 0.535827
0.190813 0.612907
0.285452 0.684547
0.392712 0.750111
0.522051 0.809017
0.638774 0.860742
0.774423 0.904827
0.906919 0.940881
1.04572 0.968583
1.1656 0.987688
1.29179 0.998027
1.4022 0.999507
1.50946 0.992115
1.61041 0.975917
1.68296 0.951057
1.75868 0.917755
1.80284 0.876307
1.8407 0.827081
1.84701 0.770513
1.8407 0.707107
1.81231 0.637424
1.77129 0.562083
1.7082 0.481754
1.60725 0.397148
1.49684 0.309017
1.34857 0.218143
1.18137 0.125333
1.01102 0.0314108
0.802816 -0.0627905
0.585145 -0.156434
0.35801 -0.24869
0.102483 -0.338738
-0.153044 -0.425779
-0.411726 -0.509041
-0.695645 -0.587785
-0.966945 -0.661312
-1.26033 -0.728969
-1.53794 -0.790155
-1.81239 -0.844328
-2.08685 -0.891007
-2.35815 -0.929776
-2.61052 -0.960294
-2.84712 -0.982287
-3.0711 -0.995562
-3.28246 -1
-3.47174 -0.995562
-3.64525 -0.982287
-3.79983 -0.960294
-3.92601 -0.929776
-4.02381 -0.891007
-4.10583 -0.844328
-4.15946 -0.790155
-4.18469 -0.728969
-4.17838 -0.661312
-4.1563 -0.587785
-4.10267 -0.509041
-4.02065 -0.425779
-3.90077 -0.338738
-3.75566 -0.24869
-3.579 -0.156434
-3.38026 -0.0627905
-3.16259 0.0314108
-2.92599 0.125333
-2.64838 0.218143
-2.34237 0.309017
-2.03953 0.397148
-1.70513 0.481754
-1.36443 0.562083
-1.01427 0.637424
-0.648325 0.707107
-0.279231 0.770513
0.0930179 0.827081
0.468422 0.876307
0.843826 0.917755
1.2003 0.951057
1.55993 0.975917
1.90063 0.992115
2.22872 0.999507
2.53156 0.998027
2.8281 0.987688
3.08994 0.968583
3.34862 0.940881
3.56629 0.904827
3.75557 0.860742
3.92277 0.809017
4.05842 0.750111
4.16883 0.684547
4.25085 0.612907
4.28871 0.535827
4.30448 0.45399
4.28555 0.368125
4.24454 0.278991
4.15937 0.187381
4.06157 0.0941083
3.92592 5.69646e-15
3.76188 -0.0941083
3.55683 -0.187381
3.32969 -0.278991
3.10887 -0.368125
2.84388 -0.45399
2.55365 -0.535827
2.13408 -0.612907
1.93218 -0.684547
1.62303 -0.750111
1.29179 -0.809017
0.957394 -0.860742
0.619846 -0.904827
0.272835 -0.940881
-0.0552498 -0.968583
-0.389643 -0.987688
-0.714573 -0.998027
-1.02057 -0.999507
-1.3108 -0.992115
-1.5821 -0.975917
-1.84078 -0.951057
-2.10262 -0.917755
-2.31398 -0.876307
-2.49064 -0.827081
-2.65469 -0.770513
-2.79034 -0.707107
-2.91968 -0.637424
-3.01116 -0.562083
-3.08372 -0.481754
-3.10896 -0.397148
-3.11211 -0.309017
-3.08687 -0.218143
-3.04271 -0.125333
-2.97015 -0.0314108
-2.86289 0.0627905
-2.73355 0.156434
-2.58844 0.24869
-2.40231 0.338738
-2.21303 0.425779
-1.99536 0.509041
-1.60734 0.587785
-1.44961 0.661312
-1.26979 0.728969
-0.992184 0.790155
-0.717728 0.844328
-0.436964 0.891007
-0.156199 0.929776
0.12141 0.960294
0.405329 0.982287
0.676629 0.995562
0.941621 1
1.20346 0.995562
1.4369 0.982287
1.65773 0.960294
1.86593 0.929776
2.05206 0.891007
2.20979 0.844328
2.34544 0.790155
2.46216 0.728969
2.54734 0.661312
2.61359 0.587785
2.64513 0.509041
2.6546 0.425779
2.64829 0.338738
2.58835 0.24869
2.53788 0.156434
2.4527 0.0627905
2.33282 -0.0314108
2.17194 -0.125333
2.01105 -0.218143
1.81546 -0.309017
1.60725 -0.397148
1.38643 -0.481754
1.12775 -0.562083
0.878528 -0.637424
0.607227 -0.707107
0.339082 -0.770513
0.0551629 -0.827081
-0.209828 -0.876307
-0.512675 -0.917755
-0.774511 -0.951057
-1.0395 -0.975917
-1.31396 -0.992115
-1.56317 -0.999507
-1.81239 -0.998027
-2.04268 -0.987688
-2.25089 -0.968583
-2.44017 -0.940881
-2.61998 -0.904827
-2.77141 -0.860742
-2.9039 -0.809017
-2.99539 -0.750111
-3.09003 -0.684547
-3.15312 -0.612907
-3.18467 -0.535827
-3.19098 -0.45399
-3.1752 -0.368125
-3.13735 -0.278991
-3.06479 -0.187381
-2.967 -0.0941083
-2.84397 -6.11309e-14
-2.6957 0.0941083
-2.52534 0.187381
-2.33922 0.278991
-2.11524 0.368125
-1.8818 0.45399
-1.62942 0.535827
-1.36443 0.612907
-1.08682 0.684547
-0.806059 0.750111
-0.512676 0.809017
-0.206674 0.860742
0.0930179 0.904827
0.392711 0.940881
0.698713 0.968583
0.979477 0.987688
1.26655 0.998027
1.52839 0.999507
1.78707 0.992115
2.02051 0.975917
2.24134 0.951057
2.44008 0.917755
2.62936 0.876307
2.77447 0.827081
2.91643 0.770513
3.01423 0.707107
3.10887 0.637424
3.15934 0.562083
3.18773 0.481754
3.1972 0.397148
3.17512 0.309017
3.11202 0.218143
3.03315 0.125333
2.92274 0.0314108
2.78709 -0.0627905
2.61674 -0.156434
2.43062 -0.24869
2.22556 -0.338738
2.00158 -0.425779
1.77129 -0.509041
1.49999 -0.587785
1.23816 -0.661312
0.957394 -0.728969
0.664011 -0.790155
0.380091 -0.844328
0.0772456 -0.891007
-0.219292 -0.929776
-0.500056 -0.960294
-0.793439 -0.982287
-1.06789 -0.995562
-1.33604 -1
-1.58526 -0.995562
-1.82501 -0.982287
-2.03006 -0.960294
-2.23512 -0.929776
-2.41493 -0.891007
-2.58844 -0.844328
-2.7304 -0.790155
-2.85027 -0.728969
-2.95122 -0.661312
-3.02694 -0.587785
-3.07426 -0.509041
-3.10265 -0.425779
-3.09949 -0.338738
-3.0711 -0.24869
-3.01116 -0.156434
-2.91652 -0.0627905
-2.80295 0.0314108
-2.67992 0.125333
-2.52219 0.218143
-2.34238 0.309017
-2.14048 0.397148
-1.92596 0.481754
-1.67674 0.562083
-1.43068 0.637424
-1.16884 0.707107
-0.894389 0.770513
-0.623089 0.827081
-0.329706 0.876307
-0.0363228 0.917755
0.263369 0.951057
0.537824 0.975917
0.834362 0.992115
1.10251 0.999507
1.36434 0.998027
1.60094 0.987688
1.82808 0.968583
2.0489 0.940881
2.23503 0.904827
2.40538 0.860742
2.55996 0.809017
2.68614 0.750111
2.77132 0.684547
2.85334 0.612907
2.90381 0.535827
2.93536 0.45399
2.93536 0.368125
2.91328 0.278991
2.86596 0.187381
2.78709 0.0941083
2.66722 1.21894e-13
2.51895 -0.0941083
2.37699 -0.187381
2.20348 -0.278991
2.00158 -0.368125
1.79022 -0.45399
1.55993 -0.535827
1.31071 -0.612907
1.0615 -0.684547
0.790197 -0.750111
0.515743 -0.809017
0.238133 -0.860742
-0.042631 -0.904827
-0.317086 -0.940881
-0.597851 -0.968583
-0.862842 -0.987688
-1.11837 -0.998027
-1.36443 -0.999507
-1.60419 -0.992115
-1.8187 -0.975917
-2.02691 -0.951057
-2.21619 -0.917755
-2.38339 -0.876307
-2.52534 -0.827081
-2.63891 -0.770513
-2.73671 -0.707107
-2.81242 -0.637424
-2.87236 -0.562083
-2.91021 -0.481754
-2.91337 -0.397148
-2.89128 -0.309017
-2.84397 -0.218143
-2.77772 -0.125333
-2.68308 -0.0314108
-2.5632 0.0627905
-2.4244 0.156434
-2.2572 0.24869
-2.0553 0.338738
-1.85971 0.425779
-1.6452 0.509041
-1.39913 0.587785
-1.14992 0.661312
-0.897543 0.728969
-0.626242 0.790155
-0.351787 0.844328
-0.0741766 0.891007
0.203433 0.929776
0.477886 0.960294
0.733413 0.982287
1.00156 0.995562
1.25393 1
1.50315 0.995562
1.71766 0.982287
1.92903 0.960294
2.12777 0.929776
2.28866 0.891007
2.44639 0.844328
2.56311 0.790155
2.66722 0.728969
2.74293 0.661312
2.77447 0.587785
2.77763 0.509041
2.80602 0.425779
2.79971 0.338738
2.74608 0.24869
2.67668 0.156434
2.56942 0.0627905
2.44324 -0.0314108
2.26342 -0.125333
2.08676 -0.218143
1.89433 -0.309017
1.66404 -0.397148
1.44006 -0.481754
1.18768 -0.562083
0.929001 -0.637424
0.657702 -0.707107
0.399021 -0.770513
0.121411 -0.827081
-0.156198 -0.876307
-0.427498 -0.917755
-0.701953 -0.951057
-0.970101 -0.975917
-1.24456 -0.992115
-1.48431 -0.999507
-1.72722 -0.998027
-1.95751 -0.987688
-2.1531 -0.968583
-2.35184 -0.940881
-2.51273 -0.904827
-2.65784 -0.860742
-2.79034 -0.809017
-2.89444 -0.750111
-2.97015 -0.684547
-3.02694 -0.612907
-3.07426 -0.535827
-3.0711 -0.45399
-3.06795 -0.368125
-3.02063 -0.278991
-2.967 -0.187381
-2.8692 -0.0941083
-2.76194 1.12217e-13
-2.61683 0.0941083
-2.45279 0.187381
-2.27297 0.278991
-2.0553 0.368125
-1.82817 0.45399
-1.59472 0.535827
-1.33604 0.612907
-1.07736 0.684547
-0.796595 0.750111
-0.509521 0.809017
-0.225602 0.860742
0.0646258 0.904827
0.335926 0.940881
0.635618 0.968583
0.910074 0.987688
1.17822 0.998027
1.43375 0.999507
1.6735 0.992115
1.90379 0.975917
2.11515 0.951057
2.30443 0.917755
2.47478 0.876307
2.62305 0.827081
2.74924 0.770513
2.84072 0.707107
2.92905 0.637424
2.98268 0.562083
3.00476 0.481754
2.99845 0.397148
2.97637 0.309017
2.9259 0.218143
2.84703 0.125333
2.73977 0.0314108
2.60728 -0.0627905
2.43062 -0.156434
2.24449 -0.24869
2.0489 -0.338738
1.82177 -0.425779
1.59148 -0.509041
1.35173 -0.587785
1.0962 -0.661312
0.828053 -0.728969
