data = [-0.00162019 0.0784591
-0.0110842 0.156434
-0.0205483 0.233445
0.00784269 0.309017
0.0393895 0.382683
0.0898643 0.45399
0.159266 0.522499
0.234978 0.587785
0.335927 0.649448
0.44003 0.707107
0.544135 0.760406
0.667166 0.809017
0.787043 0.85264
0.90061 0.891007
1.02364 0.92388
1.13406 0.951057
1.25078 0.97237
1.36434 0.987688
1.46529 0.996917
1.55362 1
1.63249 0.996917
1.7082 0.987688
1.76814 0.97237
1.79969 0.951057
1.82808 0.92388
1.8407 0.891007
1.84701 0.85264
1.82808 0.809017
1.80284 0.760406
1.74606 0.707107
1.69558 0.649448
1.61041 0.587785
1.50946 0.522499
1.38643 0.45399
1.25393 0.382683
1.09304 0.309017
0.922693 0.233445
0.746032 0.156434
0.54098 0.0784591
0.329618 2.34291e-15
0.0867097 -0.0784591
-0.159354 -0.156434
-0.392798 -0.233445
-0.651479 -0.309017
-0.907007 -0.382683
-1.17515 -0.45399
-1.42437 -0.522499
-1.68936 -0.587785
-1.94489 -0.649448
-2.19726 -0.707107
-2.44648 -0.760406
-2.68939 -0.809017
-2.92914 -0.85264
-3.16259 -0.891007
-3.37079 -0.92388
-3.57585 -0.951057
-3.75882 -0.97237
-3.92917 -0.987688
-4.08375 -0.996917
-4.23201 -1
-4.33296 -0.996917
-4.4276 -0.987688
-4.50016 -0.97237
-4.54117 -0.951057
-4.58534 -0.92388
-4.58849 -0.891007
-4.58218 -0.85264
-4.54117 -0.809017
-4.47492 -0.760406
-4.3929 -0.707107
-4.27933 -0.649448
-4.14684 -0.587785
-3.98595 -0.522499
-3.81244 -0.45399
-3.60424 -0.382683
-3.38341 -0.309017
-3.13419 -0.233445
-2.88182 -0.156434
-2.60106 -0.0784591
-2.30136 5.08414e-15
-1.9859 0.0784591
-1.63889 0.156434
-1.32342 0.233445
-0.957482 0.309017
-0.591542 0.382683
-0.216137 0.45399
0.165576 0.522499
0.537825 0.587785
0.935311 0.649448
1.32018 0.707107
1.69874 0.760406
2.06468 0.809017
2.43062 0.85264
2.78394 0.891007
3.12779 0.92388
3.44641 0.951057
3.75872 0.97237
4.04264 0.987688
4.3171 0.996917
4.56001 1
4.77137 0.996917
4.97011 0.987688
5.15623 0.97237
5.30766 0.951057
5.43384 0.92388
5.50325 0.891007
5.56318 0.85264
5.60735 0.809017
5.6042 0.760406
5.58527 0.707107
5.5411 0.649448
5.47486 0.587785
5.37075 0.522499
5.21617 0.45399
5.03005 0.382683
4.81869 0.309017
4.58524 0.233445
4.32341 0.156434
4.0458 0.0784591
3.75872 1.45782e-14
3.41802 -0.0784591
3.0647 -0.156434
2.56942 -0.233445
2.33913 -0.309017
2.01736 -0.382683
1.64511 -0.45399
1.2634 -0.522499
0.853291 -0.587785
0.44634 -0.649448
0.0362348 -0.707107
-0.367562 -0.760406
-0.768203 -0.809017
-1.15307 -0.85264
-1.52532 -0.891007
-1.89126 -0.92388
-2.24143 -0.951057
-2.58528 -0.97237
-2.90706 -0.987688
-3.21306 -0.996917
-3.49698 -1
-3.76828 -0.996917
-4.00488 -0.987688
-4.22886 -0.97237
-4.42445 -0.951057
-4.58218 -0.92388
-4.81563 -0.891007
-4.87241 -0.85264
-4.93235 -0.809017
-4.98913 -0.760406
-5.02068 -0.707107
-5.0333 -0.649448
-5.01437 -0.587785
-4.9702 -0.522499
-4.90396 -0.45399
-4.80932 -0.382683
-4.68313 -0.309017
-4.53486 -0.233445
-4.35505 -0.156434
-4.14368 -0.0784591
-3.9197 -3.42406e-14
-3.65471 0.0784591
-3.37079 0.156434
-3.10265 0.233445
-2.78718 0.309017
-2.46856 0.382683
-2.13417 0.45399
-1.77769 0.522499
-1.43068 0.587785
-1.05528 0.649448
-0.686181 0.707107
-0.307623 0.760406
0.0772457 0.809017
0.45265 0.85264
0.828052 0.891007
1.19399 0.92388
1.55047 0.951057
1.89748 0.97237
2.22556 0.987688
2.53472 0.996917
2.82495 1
3.0994 0.996917
3.35178 0.987688
3.5726 0.97237
3.78081 0.951057
3.96062 0.92388
4.10574 0.891007
4.23823 0.85264
4.33603 0.809017
4.40543 0.760406
4.45275 0.707107
4.47168 0.649448
4.45275 0.587785
4.41489 0.522499
4.33603 0.45399
4.25085 0.382683
4.11835 0.309017
3.95116 0.233445
3.7745 0.156434
3.55683 0.0784591
3.32654 5.3903e-14
3.0647 -0.0784591
2.76185 -0.156434
2.49686 -0.233445
2.18455 -0.309017
1.86593 -0.382683
1.52839 -0.45399
1.18768 -0.522499
0.840672 -0.587785
0.484197 -0.649448
0.127721 -0.707107
-0.228756 -0.760406
-0.594696 -0.809017
-0.948018 -0.85264
-1.29188 -0.891007
-1.63258 -0.92388
-1.95751 -0.951057
-2.27928 -0.97237
-2.57267 -0.987688
-2.85027 -0.996917
-3.13104 -1
-3.36448 -0.996917
-3.58531 -0.987688
-3.7809 -0.97237
-3.96071 -0.951057
-4.12476 -0.92388
-4.26356 -0.891007
-4.37398 -0.85264
-4.46546 -0.809017
-4.51593 -0.760406
-4.55379 -0.707107
-4.56325 -0.649448
-4.54433 -0.587785
-4.4907 -0.522499
-4.41498 -0.45399
-4.30773 -0.382683
-4.18154 -0.309017
-4.02381 -0.233445
-3.85345 -0.156434
-3.63578 -0.0784591
-3.41496 -7.17891e-14
-3.15628 0.0784591
-2.88498 0.156434
-2.60737 0.233445
-2.28874 0.309017
-1.97328 0.382683
-1.64835 0.45399
-1.30134 0.522499
-0.944863 0.587785
-0.575768 0.649448
-0.203518 0.707107
0.162421 0.760406
0.528361 0.809017
0.90061 0.85264
1.2634 0.891007
1.78076 0.92388
2.00789 0.951057
2.30128 0.97237
2.60097 0.987688
2.89435 0.996917
3.17511 1
3.42433 0.996917
3.66093 0.987688
3.86914 0.97237
4.06473 0.951057
4.2193 0.92388
4.34549 0.891007
4.45275 0.85264
4.54739 0.809017
4.59786 0.760406
4.63256 0.707107
4.61995 0.649448
4.5884 0.587785
4.52531 0.522499
4.4559 0.45399
4.33603 0.382683
4.1846 0.309017
4.00794 0.233445
3.80604 0.156434
3.60099 0.0784591
3.34547 9.32278e-14
3.07101 -0.0784591
2.74924 -0.156434
2.46532 -0.233445
2.12777 -0.309017
1.78707 -0.382683
1.44952 -0.45399
1.10566 -0.522499
0.73026 -0.587785
0.3517 -0.649448
-0.0110854 -0.707107
-0.367562 -0.760406
-0.742965 -0.809017
-1.10575 -0.85264
-1.47484 -0.891007
-1.82186 -0.92388
-2.15941 -0.951057
-2.47172 -0.97237
-2.78403 -0.987688
-3.06795 -0.996917
-3.33925 -1
-3.67679 -0.996917
-3.82822 -0.987688
-4.04274 -0.97237
-4.22255 -0.951057
-4.38659 -0.92388
-4.53486 -0.891007
-4.64527 -0.85264
-4.74307 -0.809017
-4.79985 -0.760406
-4.8314 -0.707107
-4.83771 -0.649448
-4.81563 -0.587785
-4.75253 -0.522499
-4.67051 -0.45399
-4.55694 -0.382683
-4.41814 -0.309017
-4.24463 -0.233445
-4.05535 -0.156434
-3.83768 -0.0784591
-3.58846 -8.97976e-14
-3.33294 0.0784591
-3.0364 0.156434
-2.74933 0.233445
-2.4244 0.309017
-2.08685 0.382683
-1.73984 0.45399
-1.36443 0.522499
-0.995337 0.587785
-0.610469 0.649448
-0.225601 0.707107
0.156111 0.760406
0.550443 0.809017
0.925847 0.85264
1.30756 0.891007
1.67034 0.92388
2.02682 0.951057
2.36437 0.97237
2.6893 0.987688
3.00792 0.996917
3.28868 1
3.55052 0.996917
3.79343 0.987688
4.01741 0.97237
4.20984 0.951057
4.38335 0.92388
4.52846 0.891007
4.64834 0.85264
4.73351 0.809017
4.79345 0.760406
4.82184 0.707107
4.82185 0.649448
4.79345 0.587785
4.74298 0.522499
4.6578 0.45399
4.53792 0.382683
4.38966 0.309017
4.22246 0.233445
4.01741 0.156434
3.78712 0.0784591
3.53475 1.10218e-15
3.25083 -0.0784591
2.93536 -0.156434
2.65144 -0.233445
2.31389 -0.309017
1.97319 -0.382683
1.61356 -0.45399
1.24762 -0.522499
0.872219 -0.587785
0.490505 -0.649448
0.108792 -0.707107
-0.282385 -0.760406
-0.660943 -0.809017
-1.03319 -0.85264
-1.4086 -0.891007
-1.77769 -0.92388
-2.11208 -0.951057
-2.44963 -0.97237
-2.75879 -0.987688
-3.06479 -0.996917
-3.35502 -1
-3.62316 -0.996917
-3.87238 -0.987688
-4.10267 -0.97237
-4.31404 -0.951057
-4.49385 -0.92388
-4.64843 -0.891007
-4.77146 -0.85264
-4.86295 -0.809017
-4.92288 -0.760406
-4.96074 -0.707107
-4.96705 -0.649448
-4.9355 -0.587785
-4.87872 -0.522499
-4.7967 -0.45399
-4.68944 -0.382683
-4.54117 -0.309017
-4.37082 -0.233445
-4.17207 -0.156434
-3.95756 -0.0784591
-3.70519 9.11459e-14
-3.44019 0.0784591
-3.13735 0.156434
-2.85028 0.233445
-2.51904 0.309017
-2.16887 0.382683
-1.80924 0.45399
-1.42437 0.522499
-1.04581 0.587785
-0.657789 0.649448
-0.266612 0.707107
0.134029 0.760406
0.522052 0.809017
0.925848 0.85264
1.30756 0.891007
1.68612 0.92388
2.05521 0.951057
2.40223 0.97237
2.74924 0.987688
3.07417 0.996917
3.36439 1
3.642 0.996917
3.89122 0.987688
4.12151 0.97237
4.32341 0.951057
4.49691 0.92388
4.65465 0.891007
4.78083 0.85264
4.87547 0.809017
4.94487 0.760406
4.99535 0.707107
5.00481 0.649448
4.99535 0.587785
4.94172 0.522499
4.86601 0.45399
4.75244 0.382683
4.61364 0.309017
4.44959 0.233445
4.24139 0.156434
4.02056 0.0784591
3.78081 -1.79841e-13
3.49689 -0.0784591
3.19089 -0.156434
2.89751 -0.233445
2.56627 -0.309017
2.23187 -0.382683
1.85963 -0.45399
1.51261 -0.522499
1.13406 -0.587785
0.761806 -0.649448
