data = [0.0614722 0.100362
0.0488535 0.19971
0.0583176 0.297042
0.0867097 0.391374
0.127719 0.481754
0.193968 0.567269
0.288607 0.647056
0.376938 0.720309
0.48735 0.786288
0.610382 0.844328
0.742877 0.893841
0.875371 0.934329
1.01418 0.965382
1.15298 0.986686
1.27917 0.998027
1.39589 0.999289
1.51261 0.990461
1.60725 0.971632
1.70189 0.942991
1.76814 0.904827
1.80915 0.857527
1.85331 0.801567
1.86593 0.737513
1.85962 0.666012
1.83123 0.587785
1.78707 0.503623
1.70505 0.414376
1.60725 0.320944
1.46845 0.224271
1.32018 0.125333
1.14352 0.0251301
0.94793 -0.0753268
0.72395 -0.175023
0.503124 -0.272952
0.247597 -0.368125
-0.0110842 -0.45958
-0.279231 -0.546394
-0.55684 -0.627691
-0.837604 -0.70265
-1.13414 -0.770513
-1.41806 -0.830596
-1.70198 -0.882291
-1.97328 -0.925077
-2.23512 -0.958522
-2.50326 -0.982287
-2.73986 -0.996134
-2.97331 -0.999921
-3.17836 -0.993611
-3.37079 -0.977268
-3.53483 -0.951057
-3.67995 -0.915241
-3.80298 -0.870184
-3.89762 -0.816339
-3.97964 -0.754251
-4.02065 -0.684547
-4.03958 -0.60793
-4.01434 -0.525175
-3.96071 -0.437116
-3.89131 -0.344643
-3.7809 -0.24869
-3.63894 -0.150226
-3.48121 -0.0502443
-3.28246 0.0502443
-3.06164 0.150226
-2.81557 0.24869
-2.53796 0.344643
-2.24143 0.437116
-1.92912 0.525175
-1.59157 0.60793
-1.25086 0.684547
-0.894387 0.754251
-0.537911 0.816339
-0.171972 0.870184
0.190814 0.915241
0.556752 0.951057
0.919538 0.977268
1.26024 0.993611
1.59779 0.999921
1.9101 0.996134
2.21925 0.982287
2.50317 0.958522
2.75239 0.925077
2.99214 0.882291
3.20035 0.830596
3.37701 0.770513
3.52528 0.70265
3.64516 0.627691
3.73033 0.546394
3.79658 0.45958
3.82182 0.368125
3.8092 0.272952
3.78396 0.175023
3.72087 0.0753268
3.61677 -0.0251301
3.48112 -0.125333
3.31707 -0.224271
3.12464 -0.320944
2.90697 -0.414376
2.68299 -0.503623
2.44639 -0.587785
2.18455 -0.666012
1.89748 -0.737513
1.60725 -0.801567
1.30441 -0.857527
1.00156 -0.904827
0.477886 -0.942991
0.282297 -0.971632
0.0646269 -0.990461
-0.228756 -0.999289
-0.515829 -0.998027
-0.796593 -0.986686
-1.06158 -0.965382
-1.29503 -0.934329
-1.52532 -0.893841
-1.7146 -0.844328
-1.89757 -0.786288
-2.05215 -0.720309
-2.16571 -0.647056
-2.27297 -0.567269
-2.38339 -0.481754
-2.41493 -0.391374
-2.43071 -0.297042
-2.42124 -0.19971
-2.38654 -0.100362
-2.32029 -2.00298e-14
-2.23827 0.100362
-2.14363 0.19971
-2.00483 0.297042
-1.83447 0.391374
-1.64204 0.481754
-1.44645 0.567269
-1.23509 0.647056
-1.00165 0.720309
-0.758739 0.786288
-0.50952 0.844328
-0.272921 0.893841
-0.0205482 0.934329
0.241288 0.965382
0.550444 0.986686
0.730258 0.998027
0.982632 0.999289
1.20346 0.990461
1.40535 0.971632
1.59463 0.942991
1.76814 0.904827
1.91641 0.857527
2.04259 0.801567
2.14985 0.737513
2.22872 0.666012
2.29181 0.587785
2.32336 0.503623
2.33598 0.414376
2.32967 0.320944
2.28866 0.224271
2.23503 0.125333
2.13723 0.0251301
2.00474 -0.0753268
1.85016 -0.175023
1.67981 -0.272952
1.47476 -0.368125
1.26655 -0.45958
1.02995 -0.546394
0.783888 -0.627691
0.534669 -0.70265
0.272833 -0.770513
0.00468801 -0.830596
-0.244529 -0.882291
-0.496901 -0.925077
-0.765048 -0.958522
-1.02057 -0.982287
-1.26664 -0.996134
-1.50639 -0.999921
-1.73668 -0.993611
-1.94489 -0.977268
-2.13101 -0.951057
-2.30452 -0.915241
-2.46856 -0.870184
-2.59159 -0.816339
-2.70516 -0.754251
-2.79034 -0.684547
-2.85027 -0.60793
-2.88813 -0.525175
-2.88813 -0.437116
-2.88182 -0.344643
-2.82188 -0.24869
-2.75564 -0.150226
-2.65784 -0.0502443
-2.53796 0.0502443
-2.39285 0.150226
-2.2225 0.24869
-2.02691 0.344643
-1.80293 0.437116
-1.5821 0.525175
-1.31711 0.60793
-1.06789 0.684547
-0.79344 0.754251
-0.518985 0.816339
-0.24453 0.870184
0.042543 0.915241
0.320152 0.951057
0.604071 0.977268
0.878527 0.993611
1.14983 0.999921
1.40535 0.996134
1.63564 0.982287
1.8754 0.958522
2.05837 0.925077
2.23503 0.882291
2.39276 0.830596
2.52526 0.770513
2.62621 0.70265
2.70507 0.627691
2.74924 0.546394
2.77447 0.45958
2.77132 0.368125
2.73977 0.272952
2.6893 0.175023
2.61674 0.0753268
2.49056 -0.0251301
2.33598 -0.125333
2.16563 -0.224271
1.97004 -0.320944
1.77129 -0.414376
1.54416 -0.503623
1.30441 -0.587785
1.05834 -0.666012
0.790197 -0.737513
0.515742 -0.801567
0.238133 -0.857527
-0.042631 -0.904827
-0.320242 -0.942991
-0.597851 -0.971632
-0.87546 -0.990461
-1.13414 -0.999289
-1.3739 -0.998027
-1.60419 -0.986686
-1.80608 -0.965382
-2.00167 -0.934329
-2.17833 -0.893841
-2.3266 -0.844328
-2.46856 -0.786288
-2.56951 -0.720309
-2.65784 -0.647056
-2.71462 -0.567269
-2.75248 -0.481754
-2.76194 -0.391374
-2.74933 -0.297042
-2.70201 -0.19971
-2.65153 -0.100362
-2.55689 -9.6903e-14
-2.44017 0.100362
-2.30136 0.19971
-2.14363 0.297042
-1.94804 0.391374
-1.63889 0.481754
-1.50324 0.567269
-1.28872 0.647056
-1.06474 0.720309
-0.818676 0.786288
-0.55684 0.844328
-0.291849 0.893841
-0.0300123 0.934329
0.228669 0.965382
0.503124 0.986686
0.758651 0.998027
0.99525 0.999289
1.22869 0.990461
1.46214 0.971632
1.66404 0.942991
1.83754 0.904827
1.99212 0.857527
2.1183 0.801567
2.23187 0.737513
2.31705 0.666012
2.37699 0.587785
2.41169 0.503623
2.418 0.414376
2.38961 0.320944
2.3549 0.224271
2.27604 0.125333
2.19086 0.0251301
2.06468 -0.0753268
1.90694 -0.175023
1.73975 -0.272952
1.53469 -0.368125
1.31387 -0.45958
1.11513 -0.546394
0.872218 -0.627691
0.619846 -0.70265
0.373783 -0.770513
0.115102 -0.830596
-0.149889 -0.882291
-0.414881 -0.925077
-0.676717 -0.958522
-0.92278 -0.982287
-1.172 -0.996134
-1.39913 -0.999921
-1.6799 -0.993611
-1.81555 -0.977268
-2.00167 -0.951057
-2.16571 -0.915241
-2.31714 -0.870184
-2.44332 -0.816339
-2.54743 -0.754251
-2.62314 -0.684547
-2.68308 -0.60793
-2.71778 -0.525175
-2.72724 -0.437116
-2.70516 -0.344643
-2.65469 -0.24869
-2.57582 -0.150226
-2.47172 -0.0502443
-2.34553 0.0502443
-2.20357 0.150226
-2.03953 0.24869
-1.83132 0.344643
-1.62942 0.437116
-1.40229 0.525175
-1.17831 0.60793
-0.925935 0.684547
-0.664098 0.754251
-0.392798 0.816339
-0.127807 0.870184
0.152957 0.915241
0.421102 0.951057
0.714485 0.977268
0.960548 0.993611
1.20977 0.999921
1.44952 0.996134
1.66719 0.982287
1.87224 0.958522
2.05837 0.925077
2.22241 0.882291
2.35175 0.830596
2.46532 0.770513
2.55365 0.70265
2.61989 0.627691
2.64829 0.546394
2.65775 0.45958
2.62936 0.368125
2.60097 0.272952
2.53156 0.175023
2.43692 0.0753268
2.31389 -0.0251301
2.14039 -0.125333
1.96057 -0.224271
1.76814 -0.320944
1.55678 -0.414376
1.32333 -0.503623
1.07096 -0.587785
0.818589 -0.666012
0.547289 -0.737513
0.272835 -0.801567
-0.0142389 -0.857527
-0.291848 -0.904827
-0.572612 -0.942991
-0.847067 -0.971632
-1.11206 -0.990461
-1.37074 -0.999289
-1.60418 -0.998027
-1.83447 -0.986686
-2.03953 -0.965382
-2.22565 -0.934329
-2.39285 -0.893841
-2.53796 -0.844328
-2.6673 -0.786288
-2.75879 -0.720309
-2.82819 -0.647056
-2.87867 -0.567269
-2.89759 -0.481754
-2.89759 -0.391374
-2.85974 -0.297042
-2.7998 -0.19971
-2.71778 -0.100362
-2.5979 4.82684e-14
-2.46856 0.100362
-2.30137 0.19971
-2.11208 0.297042
-1.91019 0.391374
-1.68305 0.481754
-1.44014 0.567269
-1.17831 0.647056
-0.919625 0.720309
-0.64517 0.786288
-0.367561 0.844328
-0.0867965 0.893841
0.197122 0.934329
0.471577 0.965382
0.755496 0.986686
1.0268 0.998027
1.28548 0.999289
1.51577 0.990461
1.74606 0.971632
1.95426 0.942991
2.13408 0.904827
2.30758 0.857527
2.43692 0.801567
2.55365 0.737513
2.64513 0.666012
2.71453 0.587785
2.75554 0.503623
2.76185 0.414376
2.74293 0.320944
2.71454 0.224271
2.64198 0.125333
2.52526 0.0251301
2.40853 -0.0753268
2.24134 -0.175023
2.05521 -0.272952
1.86593 -0.368125
1.65142 -0.45958
1.42744 -0.546394
1.18453 -0.627691
0.932157 -0.70265
0.670321 -0.770513
0.399021 -0.830596
0.124566 -0.882291
-0.153044 -0.925077
-0.42119 -0.958522
-0.676717 -0.982287
-0.935399 -0.996134
-1.172 -0.999921
-1.4086 -0.993611
-1.6168 -0.977268
-1.80608 -0.951057
-1.99536 -0.915241
-2.15941 -0.870184
-2.28559 -0.816339
-2.39285 -0.754251
-2.47803 -0.684547
-2.53796 -0.60793
-2.57897 -0.525175
-2.60106 -0.437116
-2.59159 -0.344643
-2.55058 -0.24869
-2.47487 -0.150226
-2.37077 -0.0502443
-2.2572 0.0502443
-2.11839 0.150226
