data = [0.0362348 0.0627905
0.0267708 0.125333
0.0267708 0.187381
0.0583176 0.24869
0.0961737 0.309017
0.124566 0.368125
0.184504 0.425779
0.260216 0.481754
0.335927 0.535827
0.421102 0.587785
0.506277 0.637424
0.604071 0.684547
0.705021 0.728969
0.809124 0.770513
0.903763 0.809017
0.998404 0.844328
1.10566 0.876307
1.20346 0.904827
1.30125 0.929776
1.38327 0.951057
1.46845 0.968583
1.54731 0.982287
1.61987 0.992115
1.6735 0.998027
1.73028 1
1.77129 0.998027
1.79969 0.992115
1.82177 0.982287
1.83754 0.968583
1.83754 0.951057
1.82808 0.929776
1.79022 0.904827
1.75868 0.876307
1.71136 0.844328
1.65773 0.809017
1.58202 0.770513
1.48422 0.728969
1.38643 0.684547
1.26655 0.637424
1.14036 0.587785
0.988941 0.535827
0.840672 0.481754
0.67663 0.425779
0.490505 0.368125
0.307535 0.309017
0.115102 0.24869
-0.0962606 0.187381
-0.304468 0.125333
-0.525293 0.0627905
-0.758739 1.22465e-16
-0.992183 -0.0627905
-1.23194 -0.125333
-1.46223 -0.187381
-1.69252 -0.24869
-1.92912 -0.309017
-2.1594 -0.368125
-2.37392 -0.425779
-2.60421 -0.481754
-2.82504 -0.535827
-3.03325 -0.587785
-3.22568 -0.637424
-3.42127 -0.684547
-3.60424 -0.728969
-3.7809 -0.770513
-3.93863 -0.809017
-4.09321 -0.844328
-4.2257 -0.876307
-4.34558 -0.904827
-4.45284 -0.929776
-4.53801 -0.951057
-4.61057 -0.968583
-4.67051 -0.982287
-4.71152 -0.992115
-4.74307 -0.998027
-4.75884 -1
-4.73676 -0.998027
-4.71468 -0.992115
-4.66105 -0.982287
-4.59795 -0.968583
-4.5254 -0.951057
-4.41183 -0.929776
-4.30142 -0.904827
-4.16892 -0.876307
-4.00803 -0.844328
-3.83768 -0.809017
-3.64209 -0.770513
-3.44019 -0.728969
-3.2099 -0.684547
-2.97646 -0.637424
-2.72093 -0.587785
-2.46225 -0.535827
-2.1878 -0.481754
-1.90388 -0.425779
-1.60103 -0.368125
-1.28557 -0.309017
-0.966945 -0.24869
-0.648325 -0.187381
-0.291848 -0.125333
0.0646269 -0.0627905
0.421103 -2.90946e-15
0.77758 0.0627905
1.12459 0.125333
1.49684 0.187381
1.86593 0.24869
2.22872 0.309017
2.56942 0.368125
3.18773 0.425779
3.3991 0.481754
3.59153 0.535827
3.85652 0.587785
4.16567 0.637424
4.46221 0.684547
4.74298 0.728969
5.01428 0.770513
5.25088 0.809017
5.46855 0.844328
5.6736 0.876307
5.85972 0.904827
6.02061 0.929776
6.15311 0.951057
6.27298 0.968583
6.34869 0.982287
6.4528 0.992115
6.49696 0.998027
6.51904 1
6.53166 0.998027
6.50958 0.992115
6.46542 0.982287
6.37708 0.968583
6.29191 0.951057
6.17834 0.929776
6.04585 0.904827
5.89127 0.876307
5.7083 0.844328
5.51271 0.809017
5.27927 0.770513
5.03636 0.728969
4.78083 0.684547
4.50007 0.637424
4.20669 0.587785
3.89122 0.535827
3.5726 0.481754
3.23821 0.425779
2.8975 0.368125
2.54418 0.309017
2.00474 0.24869
1.77445 0.187381
1.43375 0.125333
1.06465 0.0627905
0.67663 2.16837e-14
0.266525 -0.0627905
-0.130962 -0.125333
-0.528448 -0.187381
-0.92278 -0.24869
-1.31711 -0.309017
-1.70198 -0.368125
-2.08369 -0.425779
-2.46225 -0.481754
-2.81557 -0.535827
-3.16259 -0.587785
-3.49382 -0.637424
-3.80929 -0.684547
-4.12476 -0.728969
-4.43391 -0.770513
-4.72414 -0.809017
-4.9986 -0.844328
-5.24466 -0.876307
-5.48441 -0.904827
-5.69578 -0.929776
-5.89137 -0.951057
-6.06172 -0.968583
-6.21314 -0.982287
-6.33302 -0.992115
-6.44028 -0.998027
-6.52861 -1
-6.58854 -0.998027
-6.63902 -0.992115
-6.64533 -0.982287
-6.63586 -0.968583
-6.61694 -0.951057
-6.56015 -0.929776
-6.47813 -0.904827
-6.36456 -0.876307
-6.23838 -0.844328
-6.08064 -0.809017
-5.90714 -0.770513
-5.71786 -0.728969
-5.50019 -0.684547
-5.27305 -0.637424
-5.02068 -0.587785
-4.762 -0.535827
-4.48123 -0.481754
-4.18154 -0.425779
-3.86607 -0.368125
-3.55061 -0.309017
-3.20044 -0.24869
-2.85974 -0.187381
-2.49064 -0.125333
-2.11524 -0.0627905
-1.73037 -4.13461e-14
-1.33289 0.0627905
-0.935398 0.125333
-0.522139 0.187381
-0.108878 0.24869
0.304381 0.309017
0.717641 0.368125
1.11197 0.425779
1.51261 0.481754
1.90379 0.535827
2.29812 0.587785
2.67353 0.637424
3.02685 0.684547
3.37701 0.728969
3.71772 0.770513
4.03634 0.809017
4.33603 0.844328
4.61679 0.876307
4.88809 0.904827
5.13731 0.929776
5.36129 0.951057
5.56634 0.968583
5.75562 0.982287
5.91966 0.992115
6.04584 0.998027
6.1531 1
6.2509 0.998027
6.30768 0.992115
6.33923 0.982287
6.355 0.968583
6.33607 0.951057
6.30137 0.929776
6.23828 0.904827
6.15626 0.876307
6.05531 0.844328
5.91335 0.809017
5.75562 0.770513
5.56949 0.728969
5.35498 0.684547
5.131 0.637424
4.87547 0.587785
4.62625 0.535827
4.34549 0.481754
4.04264 0.425779
3.73349 0.368125
3.40225 0.309017
3.07101 0.24869
2.71453 0.187381
2.35491 0.125333
1.99212 0.0627905
1.61987 5.92321e-14
1.22554 -0.0627905
0.828052 -0.125333
0.433721 -0.187381
0.0425442 -0.24869
-0.351787 -0.309017
-0.74612 -0.368125
-1.14361 -0.425779
-1.51586 -0.481754
-1.89757 -0.535827
-2.26982 -0.587785
-2.63891 -0.637424
-2.98592 -0.684547
-3.32347 -0.728969
-3.64525 -0.770513
-3.96071 -0.809017
-4.26356 -0.844328
-4.54748 -0.876307
-4.81563 -0.904827
-5.06169 -0.929776
-5.29513 -0.951057
-5.50965 -0.968583
-5.69578 -0.982287
-5.86928 -0.992115
-6.03332 -0.998027
-6.15951 -1
-6.26992 -0.998027
-6.33617 -0.992115
-6.39296 -0.982287
-6.43712 -0.968583
-6.44343 -0.951057
-6.44659 -0.929776
-6.40557 -0.904827
-6.35194 -0.876307
-6.26992 -0.844328
-6.1532 -0.809017
-6.02386 -0.770513
-5.86928 -0.728969
-5.69893 -0.684547
-5.49703 -0.637424
-5.28883 -0.587785
-5.05538 -0.535827
-4.80616 -0.481754
-4.51909 -0.425779
-4.23832 -0.368125
-3.92917 -0.309017
-3.60739 -0.24869
-3.27615 -0.187381
-2.92599 -0.125333
-2.55689 -0.0627905
-2.18149 -7.88945e-14
-1.79346 0.0627905
-1.39913 0.125333
-0.985872 0.187381
-0.56315 0.24869
-0.146734 0.309017
0.282299 0.368125
0.708176 0.425779
1.11513 0.481754
1.53154 0.535827
1.92272 0.587785
2.31074 0.637424
2.67983 0.684547
3.04577 0.728969
3.40225 0.770513
3.7398 0.809017
4.07419 0.844328
4.36757 0.876307
4.65149 0.904827
4.91333 0.929776
5.14993 0.951057
5.36444 0.968583
5.55687 0.982287
5.72407 0.992115
5.8755 0.998027
5.99853 1
6.09632 0.998027
6.16257 0.992115
6.20673 0.982287
6.23197 0.968583
6.22566 0.951057
6.19411 0.929776
6.14679 0.904827
6.07108 0.876307
5.96698 0.844328
5.85026 0.809017
5.69883 0.770513
5.52217 0.728969
5.3329 0.684547
5.10892 0.637424
4.88493 0.587785
4.62625 0.535827
4.37388 0.481754
4.07104 0.425779
3.77765 0.368125
3.45903 0.309017
3.14041 0.24869
2.80602 0.187381
2.46532 0.125333
2.11515 0.0627905
1.74606 1.50681e-14
1.3675 -0.0627905
0.992095 -0.125333
0.607226 -0.187381
0.20974 -0.24869
-0.168817 -0.309017
-0.553686 -0.368125
-0.935398 -0.425779
-1.3108 -0.481754
-1.67674 -0.535827
-2.04268 -0.587785
-2.40862 -0.637424
-2.74617 -0.684547
-3.08372 -0.728969
-3.4118 -0.770513
-3.73358 -0.809017
-4.02381 -0.844328
-4.31403 -0.876307
-4.57272 -0.904827
-4.82825 -0.929776
-5.05854 -0.951057
-5.27305 -0.968583
-5.46549 -0.982287
-5.65161 -0.992115
-5.80934 -0.998027
-5.94499 -1
-6.05225 -0.998027
-6.13743 -0.992115
-6.20052 -0.982287
-6.24469 -0.968583
-6.26046 -0.951057
-6.2573 -0.929776
-6.23522 -0.904827
-6.18159 -0.876307
-6.10588 -0.844328
-5.99862 -0.809017
-5.87875 -0.770513
-5.73048 -0.728969
-5.56328 -0.684547
-5.374 -0.637424
-5.17841 -0.587785
-4.95128 -0.535827
-4.71152 -0.481754
-4.44022 -0.425779
-4.16577 -0.368125
-3.86923 -0.309017
-3.55376 -0.24869
-3.23199 -0.187381
-2.88813 -0.125333
-2.52534 -0.0627905
-2.16256 7.36273e-14
-1.784 0.0627905
-1.39913 0.125333
-0.998491 0.187381
-0.594695 0.24869
-0.1909 0.309017
0.22236 0.368125
0.638774 0.425779
1.05203 0.481754
1.44637 0.535827
1.83754 0.587785
2.22241 0.637424
2.60097 0.684547
2.9606 0.728969
3.32023 0.770513
3.65778 0.809017
3.98586 0.844328
4.2824 0.876307
4.56947 0.904827
4.825 0.929776
5.0616 0.951057
5.28558 0.968583
5.48432 0.982287
5.66413 0.992115
5.81556 0.998027
5.9449 1
6.04269 0.998027
6.1184 0.992115
6.16888 0.982287
6.19411 0.968583
6.20673 0.951057
6.17519 0.929776
6.12156 0.904827
6.05216 0.876307
5.96382 0.844328
5.85341 0.809017
5.71145 0.770513
5.53164 0.728969
5.34867 0.684547
5.13415 0.637424
4.90702 0.587785
4.66411 0.535827
4.40227 0.481754
4.12151 0.425779
3.83759 0.368125
3.52844 0.309017
3.21612 0.24869
2.88804 0.187381
