data = [0.0646257 0.103487
0.0488524 0.205863
0.0583164 0.306028
0.0867085 0.402906
0.130874 0.495459
0.197121 0.58269
0.285452 0.663665
0.386401 0.737513
0.503123 0.803441
0.626154 0.860742
0.758649 0.9088
0.891145 0.947098
1.02995 0.975227
1.16876 0.992883
1.29494 0.999877
1.41482 0.996134
1.53154 0.981694
1.62302 0.956712
1.71451 0.921457
1.77445 0.876307
1.81231 0.821746
1.8407 0.758362
1.84385 0.686834
1.83123 0.60793
1.78076 0.522499
1.71767 0.431456
1.62303 0.33578
1.50315 0.236499
1.37065 0.134678
1.19399 0.0314108
1.00471 -0.0721938
0.787043 -0.175023
0.556753 -0.275973
0.313844 -0.373959
0.0456988 -0.46793
-0.222447 -0.556876
-0.500056 -0.639841
-0.799748 -0.715936
-1.08682 -0.784343
-1.36759 -0.844328
-1.6515 -0.895246
-1.92596 -0.93655
-2.1878 -0.967797
-2.46856 -0.988652
-2.70201 -0.99889
-2.91968 -0.998402
-3.13104 -0.987192
-3.32347 -0.965382
-3.49067 -0.933205
-3.63263 -0.891007
-3.75566 -0.83924
-3.8503 -0.778462
-3.91024 -0.709325
-3.94809 -0.63257
-3.9544 -0.549023
-3.92917 -0.45958
-3.87869 -0.365202
-3.78721 -0.266902
-3.67048 -0.165736
-3.51906 -0.0627905
-3.34556 0.0408294
-3.13735 0.144011
-2.91021 0.245646
-2.64522 0.344643
-2.37392 0.439939
-2.07423 0.530511
-1.75561 0.615386
-1.43068 0.693653
-1.08998 0.764472
-0.730345 0.827081
-0.377025 0.880808
-0.0142389 0.925077
0.348546 0.959412
0.701867 0.983445
1.04257 0.996917
1.39589 0.999684
1.68612 0.991716
1.9795 0.973099
2.25395 0.944031
2.50317 0.904827
2.73031 0.855906
2.93536 0.797794
3.10571 0.731116
3.24767 0.656586
3.35493 0.575005
3.44326 0.48725
3.48742 0.394263
3.50951 0.297042
3.49373 0.196631
3.45588 0.0941083
3.37701 -0.00942464
3.25398 -0.112856
3.12149 -0.215076
2.95744 -0.314987
2.75555 -0.411514
2.52526 -0.503623
2.29181 -0.590324
2.03629 -0.670686
1.78707 -0.743845
1.49368 -0.809017
1.20346 -0.865501
0.913229 -0.912692
0.619846 -0.950081
0.316999 -0.977268
0.0173067 -0.993961
-0.272921 -0.99998
-0.664098 -0.995261
-0.83445 -0.979855
-1.09313 -0.953927
-1.32027 -0.917755
-1.51586 -0.871727
-1.70198 -0.816339
-1.87549 -0.752185
-2.00483 -0.679953
-2.13101 -0.60042
-2.21303 -0.51444
-2.27297 -0.422935
-2.32345 -0.326888
-2.33607 -0.227331
-2.33607 -0.125333
-2.2572 -0.0219894
-2.20357 0.0815906
-2.11524 0.184294
-1.98905 0.285019
-1.8187 0.382683
-1.65466 0.476238
-1.48431 0.564679
-1.28241 0.647056
-1.06158 0.722485
-0.831295 0.790155
-0.607315 0.84934
-0.348634 0.899405
-0.105725 0.939812
0.140338 0.970127
0.373783 0.990024
0.616692 0.999289
0.828053 0.997825
1.05203 0.985645
1.34226 0.96288
1.45268 0.929776
1.59779 0.886688
1.74921 0.834078
1.86909 0.772512
1.97004 0.70265
2.03629 0.625243
2.08045 0.541121
2.09938 0.451189
2.08991 0.356412
2.06152 0.257807
2.01105 0.156434
1.91325 0.0533817
1.79653 -0.0502443
1.65142 -0.153331
1.48422 -0.254771
1.30125 -0.353475
1.09304 -0.448383
0.875373 -0.538477
0.62931 -0.622788
0.392711 -0.700411
0.115102 -0.770513
-0.13727 -0.832341
-0.402262 -0.885231
-0.670408 -0.928615
-0.92909 -0.962028
-1.18462 -0.985109
-1.43383 -0.997613
-1.66097 -0.999403
-1.8881 -0.990461
-2.09947 -0.970884
-2.28559 -0.940881
-2.45279 -0.900774
-2.5979 -0.850994
-2.7304 -0.792077
-2.82188 -0.724653
-2.89129 -0.649448
-2.94491 -0.567269
-2.97015 -0.478998
-2.96069 -0.385584
-2.92599 -0.288029
-2.88182 -0.187381
-2.79034 -0.0847213
-2.67046 0.0188484
-2.53166 0.122216
-2.37077 0.224271
-2.17202 0.323917
-1.97012 0.420086
-1.73984 0.511743
-1.50639 0.597905
-1.24771 0.677646
-0.982718 0.750111
-0.708264 0.814521
-0.424345 0.870184
-0.140426 0.916502
0.143493 0.952979
0.421102 0.979223
0.701866 0.994951
0.963702 0.999995
1.20977 0.994301
1.44321 0.977929
1.65457 0.951057
1.85331 0.913971
2.03629 0.867071
2.17824 0.81086
2.31389 0.745941
2.39907 0.673012
2.46532 0.592857
2.51579 0.506335
2.5221 0.414376
2.51895 0.317967
2.48109 0.218143
2.41484 0.115977
2.3202 0.012566
2.18771 -0.0909802
2.02682 -0.193549
1.85016 -0.29404
1.66088 -0.391374
1.4369 -0.484504
1.20346 -0.572432
0.954239 -0.654213
0.695558 -0.728969
0.430566 -0.795896
0.156111 -0.854277
-0.115189 -0.903485
-0.389643 -0.942991
-0.667253 -0.97237
-0.919625 -0.991308
-1.172 -0.9996
-1.41806 -0.997159
-1.64204 -0.98401
-1.84078 -0.960294
-2.03953 -0.926266
-2.20357 -0.882291
-2.35499 -0.828842
-2.47172 -0.766493
-2.57582 -0.695913
-2.64522 -0.61786
-2.6957 -0.533172
-2.72409 -0.442758
-2.70832 -0.34759
-2.67992 -0.24869
-2.61052 -0.147119
-2.51904 -0.0439681
-2.39916 0.0596548
-2.26666 0.162637
-2.10893 0.263873
-1.91965 0.362275
-1.71775 0.456787
-1.50324 0.546394
-1.25717 0.630134
-1.02373 0.707107
-0.749274 0.776487
-0.496901 0.837528
-0.219292 0.889576
0.0583176 0.932071
0.329618 0.964557
0.594608 0.986686
0.840671 0.998219
1.08042 0.999033
1.30125 0.989119
1.50946 0.968583
1.70189 0.937647
1.8754 0.896641
2.02367 0.846007
2.13723 0.786288
2.24449 0.718126
2.33282 0.642253
2.38014 0.559482
2.39907 0.470704
2.39592 0.376871
2.36121 0.278991
2.31074 0.178115
2.21925 0.0753268
2.10253 -0.0282706
1.94796 -0.131564
1.78707 -0.233445
1.59148 -0.33282
1.38958 -0.42862
1.15929 -0.519817
0.922691 -0.605433
0.67032 -0.684547
0.421102 -0.75631
0.149802 -0.819952
-0.121498 -0.874789
-0.383334 -0.920232
-0.638861 -0.955793
-0.894388 -0.981091
-1.14361 -0.995853
-1.38336 -0.999921
-1.60419 -0.993252
-1.80608 -0.975917
-1.99536 -0.948102
-2.16887 -0.910106
-2.31398 -0.862337
-2.44017 -0.805308
-2.54427 -0.739631
-2.60737 -0.666012
-2.65153 -0.585241
-2.67992 -0.498185
-2.67361 -0.40578
-2.64207 -0.309017
-2.57267 -0.208936
-2.4938 -0.106611
-2.37392 -0.00314159
-2.24458 0.100362
-2.08685 0.202787
-1.90388 0.303035
-1.70198 0.400029
-1.48431 0.492727
-1.22878 0.580134
-0.966945 0.661312
-0.701954 0.735388
-0.433809 0.801567
-0.159353 0.859139
0.115102 0.907484
0.389557 0.946085
0.667166 0.974527
0.935311 0.992504
1.18453 0.999822
1.42428 0.996405
1.65773 0.982287
1.86909 0.957622
2.05206 0.922673
2.2161 0.877816
2.34544 0.823533
2.48109 0.760406
2.56627 0.689114
2.63882 0.610422
2.67352 0.525175
2.67983 0.434288
2.6546 0.338738
2.61359 0.23955
2.54103 0.13779
2.43062 0.0345506
2.29181 -0.06906
2.12461 -0.171929
1.94164 -0.272952
1.73659 -0.371044
1.50946 -0.465151
1.27917 -0.554263
1.02364 -0.637424
0.76496 -0.71374
0.484196 -0.782391
0.212896 -0.84264
-0.0647138 -0.893841
-0.351787 -0.935444
-0.613625 -0.967001
-0.888079 -0.988175
-1.14992 -0.998737
-1.38967 -0.998574
-1.62311 -0.987688
-1.82501 -0.966196
-2.02691 -0.934329
-2.19095 -0.892428
-2.35184 -0.840945
-2.47803 -0.78043
-2.57582 -0.711536
-2.64522 -0.635
-2.6957 -0.551646
-2.72093 -0.462368
-2.71778 -0.368125
-2.68308 -0.269928
-2.62314 -0.168833
-2.53796 -0.0659256
-2.4244 0.0376902
-2.28875 0.140901
-2.12155 0.242599
-1.92912 0.341692
-1.72406 0.437116
-1.49377 0.527846
-1.25402 0.612907
-0.998492 0.691387
-0.733501 0.762443
-0.462201 0.825311
-0.178282 0.879316
0.111946 0.92388
0.389555 0.958522
0.667165 0.982871
0.932156 0.996666
1.18137 0.999758
1.43375 0.992115
1.66719 0.973817
1.86909 0.945063
2.06152 0.90616
2.22241 0.857527
2.36437 0.799685
2.47163 0.733255
2.57258 0.658952
2.63567 0.577573
2.67352 0.489991
2.68299 0.397148
2.66091 0.30004
2.62936 0.19971
2.55049 0.0972355
2.45585 -0.00628314
2.31074 -0.109734
2.1467 -0.212007
1.97004 -0.312003
1.76183 -0.408649
1.55678 -0.500907
1.31702 -0.587785
1.08043 -0.668352
0.828053 -0.741742
0.550444 -0.807166
0.282299 -0.863923
0.0109985 -0.911403
-0.257147 -0.949096
-0.522138 -0.976597
-0.78082 -0.993611
-1.03004 -0.999956
-1.26348 -0.995562
-1.48746 -0.980478
-1.67674 -0.954865
-1.86287 -0.918998
-2.01745 -0.873262
-2.15625 -0.81815
-2.27297 -0.754251
-2.35499 -0.682254
-2.41809 -0.60293
-2.45594 -0.517131
-2.46856 -0.425779
-2.45279 -0.329855
-2.41178 -0.230389
-2.33922 -0.128449
-2.24458 -0.0251301
-2.12786 0.0784591
-1.97328 0.181206
-1.80608 0.282007
-1.61049 0.379779
-1.3802 0.473473
-1.16569 0.562083
-0.91647 0.644657
-0.660943 0.720309
-0.386489 0.788226
-0.112033 0.847678
0.162422 0.898028
0.440031 0.938734
0.711331 0.96936
0.985786 0.989576
1.25078 0.999166
1.49999 0.998027
