data = [0.0109974 0.0659256
0.0109974 0.131564
0.014152 0.196631
0.0425442 0.260842
0.0677816 0.323917
0.111947 0.385584
0.171885 0.445573
0.234978 0.503623
0.31069 0.559482
0.402175 0.612907
0.499969 0.663665
0.604072 0.711536
0.695558 0.75631
0.815435 0.797794
0.913229 0.835807
1.02364 0.870184
1.12774 0.900774
1.23816 0.927445
1.32333 0.950081
1.41482 0.968583
1.50315 0.982871
1.58201 0.992883
1.65773 0.998574
1.71767 0.999921
1.77445 0.996917
1.80284 0.989576
1.82177 0.977929
1.84385 0.962028
1.85331 0.94194
1.8407 0.917755
1.81861 0.889576
1.78707 0.857527
1.74606 0.821746
1.68927 0.782391
1.61987 0.739631
1.52839 0.693653
1.41166 0.644657
1.2981 0.592857
1.16245 0.538477
1.01418 0.481754
0.843827 0.422935
0.673475 0.362275
0.477886 0.30004
0.294916 0.236499
0.093019 0.171929
-0.124653 0.106611
-0.33917 0.0408294
-0.578923 -0.0251301
-0.821831 -0.0909802
-1.06158 -0.156434
-1.30765 -0.221208
-1.53478 -0.285019
-1.77769 -0.34759
-2.01429 -0.408649
-2.24458 -0.46793
-2.48118 -0.525175
-2.69885 -0.580134
-2.92599 -0.63257
-3.13419 -0.682254
-3.33609 -0.728969
-3.52853 -0.772512
-3.70834 -0.812694
-3.885 -0.84934
-4.03958 -0.882291
-4.18469 -0.911403
-4.31403 -0.93655
-4.4276 -0.957622
-4.52855 -0.974527
-4.60742 -0.987192
-4.6642 -0.995562
-4.71783 -0.9996
-4.73676 -0.999289
-4.74307 -0.994631
-4.73676 -0.985645
-4.70521 -0.97237
-4.65789 -0.954865
-4.59164 -0.933205
-4.497 -0.907484
-4.3929 -0.877816
-4.26987 -0.844328
-4.12476 -0.807166
-3.96387 -0.766493
-3.77143 -0.722485
-3.579 -0.675333
-3.35186 -0.625243
-3.12157 -0.572432
-2.86605 -0.517131
-2.60737 -0.45958
-2.32976 -0.400029
-2.04584 -0.338738
-1.72406 -0.275973
-1.41175 -0.212007
-1.08051 -0.147119
-0.727192 -0.0815906
-0.389643 -0.0157073
-0.0457857 0.0502443
0.320155 0.115977
0.686094 0.181206
1.08358 0.245646
1.46214 0.309017
1.83123 0.371044
2.19402 0.431456
2.56942 0.489991
2.91643 0.546394
3.25714 0.60042
3.59784 0.651834
4.11205 0.700411
4.29817 0.745941
4.4843 0.788226
4.76506 0.827081
5.03005 0.862337
5.26665 0.893841
5.49694 0.921457
5.68937 0.945063
5.87234 0.964557
6.02692 0.979855
6.15626 0.990889
6.26667 0.997613
6.355 0.999995
6.40548 0.998027
6.44333 0.991716
6.42756 0.981091
6.40863 0.966196
6.38024 0.947098
6.31084 0.92388
6.22882 0.896641
6.11525 0.865501
5.97013 0.830596
5.79347 0.792077
5.60735 0.750111
5.4023 0.704882
5.17516 0.656586
4.91333 0.605433
4.63887 0.551646
4.34233 0.495459
4.03003 0.437116
3.71456 0.376871
3.37386 0.314987
3.01107 0.251732
2.6546 0.187381
2.26973 0.122216
1.88171 0.0565185
1.50315 -0.00942464
1.08358 -0.0753268
0.692403 -0.140901
0.298072 -0.205863
-0.105723 -0.269928
-0.515829 -0.33282
-0.91647 -0.394263
-1.31396 -0.45399
-1.71144 -0.511743
-2.10262 -0.567269
-2.48433 -0.620327
-2.84397 -0.670686
-3.19098 -0.718126
-3.52853 -0.762443
-3.84399 -0.803441
-4.14684 -0.840945
-4.44653 -0.874789
-4.72098 -0.904827
-4.97651 -0.930928
-5.20996 -0.952979
-5.43078 -0.970884
-5.62637 -0.984564
-5.80934 -0.993961
-5.96392 -0.999033
-6.10273 -0.999758
-6.20367 -0.996134
-6.28254 -0.988175
-6.34248 -0.975917
-6.37403 -0.959412
-6.38349 -0.938734
-6.37087 -0.913971
-6.33617 -0.885231
-6.26046 -0.85264
-6.17528 -0.816339
-6.05856 -0.776487
-5.92606 -0.733255
-5.75571 -0.686834
-5.5759 -0.637424
-5.374 -0.585241
-5.14371 -0.530511
-4.89449 -0.473473
-4.62635 -0.414376
-4.3582 -0.353475
-4.04905 -0.291036
-3.73358 -0.227331
-3.4118 -0.162637
-3.05533 -0.0972355
-2.69885 -0.0314108
-2.32345 0.0345506
-1.93858 0.100362
-1.54109 0.165736
-1.14676 0.230389
-0.7335 0.29404
-0.32024 0.356412
0.0993284 0.417233
0.518898 0.476238
0.916383 0.533172
1.32649 0.587785
1.72397 0.639841
2.112 0.689114
2.48425 0.735388
2.85965 0.778462
3.20982 0.81815
3.54421 0.854277
3.87229 0.886688
4.1846 0.915241
4.46221 0.939812
4.73036 0.960294
4.97327 0.976597
5.19409 0.988652
5.38652 0.996405
5.56318 0.999822
5.7083 0.99889
5.82818 0.993611
5.92281 0.98401
5.99537 0.970127
6.03323 0.952023
6.05846 0.929776
6.049 0.903485
6.01114 0.873262
5.94805 0.83924
5.86919 0.801567
5.76508 0.760406
5.61997 0.715936
5.45593 0.668352
5.26349 0.61786
5.05844 0.564679
4.81553 0.509041
4.56001 0.451189
4.28871 0.391374
4.00479 0.329855
3.70825 0.266902
3.38963 0.202787
3.05524 0.13779
2.71454 0.0721938
2.35491 0.00628314
1.98581 -0.0596548
1.60094 -0.125333
1.22238 -0.190466
0.840671 -0.254771
0.452649 -0.317967
0.0393895 -0.379779
-0.329706 -0.439939
-0.717728 -0.498185
-1.09944 -0.554263
-1.47484 -0.60793
-1.85656 -0.658952
-2.21934 -0.707107
-2.57267 -0.752185
-2.91021 -0.79399
-3.2383 -0.832341
-3.5443 -0.867071
-3.84715 -0.898028
-4.12476 -0.925077
-4.39606 -0.948102
-4.64843 -0.967001
-4.87872 -0.981694
-5.09008 -0.992115
-5.28567 -0.998219
-5.44971 -0.99998
-5.58852 -0.997391
-5.7147 -0.990461
-5.81881 -0.979223
-5.87559 -0.963724
-5.92922 -0.944031
-5.94815 -0.920232
-5.96708 -0.892428
-5.95761 -0.860742
-5.91345 -0.825311
-5.84404 -0.786288
-5.75256 -0.743845
-5.63268 -0.698165
-5.50334 -0.649448
-5.34245 -0.597905
-5.16579 -0.54376
-4.95443 -0.48725
-4.74307 -0.42862
-4.50016 -0.368125
-4.22886 -0.306028
-3.9544 -0.242599
-3.64525 -0.178115
-3.22252 -0.112856
-2.99223 -0.0471065
-2.66415 0.0188484
-2.31714 0.0847213
-1.94173 0.150226
-1.56002 0.215076
-1.15307 0.278991
-0.749275 0.341692
-0.354943 0.402906
0.0551628 0.462368
0.452649 0.519817
0.865908 0.575005
1.26655 0.627691
1.65457 0.677646
2.04575 0.724653
2.42115 0.768507
2.78078 0.809017
3.14357 0.846007
3.47165 0.879316
3.78081 0.9088
4.07419 0.934329
4.34549 0.955793
4.5884 0.973099
4.82815 0.98617
5.03321 0.994951
5.22564 0.999403
5.38022 0.999507
5.51586 0.995261
5.62943 0.986686
5.7083 0.973817
5.76824 0.956712
5.79032 0.935444
5.79032 0.910106
5.76508 0.880808
5.71461 0.847678
5.64205 0.81086
5.53795 0.770513
5.41807 0.726814
5.27296 0.679953
5.0963 0.630134
4.90071 0.577573
4.68304 0.522499
4.44013 0.465151
4.19091 0.40578
3.91646 0.344643
3.62307 0.282007
3.32338 0.218143
3.00476 0.153331
2.67668 0.0878512
2.34544 0.0219894
1.99212 -0.0439681
1.6388 -0.109734
1.27601 -0.175023
0.906919 -0.23955
0.531515 -0.303035
0.149802 -0.365202
-0.228757 -0.425779
-0.60416 -0.484504
-0.985873 -0.541121
-1.3455 -0.595384
-1.70829 -0.647056
-2.0553 -0.695913
-2.38969 -0.741742
-2.72724 -0.784343
-3.03955 -0.823533
-3.33925 -0.859139
-3.62632 -0.891007
-3.90393 -0.918998
-4.16261 -0.942991
-4.41183 -0.96288
-4.64527 -0.978581
-4.85033 -0.990024
-5.03645 -0.997159
-5.2068 -0.999956
-5.34876 -0.998402
-5.46233 -0.992504
-5.56013 -0.982287
-5.63584 -0.967797
-5.68631 -0.949096
-5.7147 -0.926266
-5.73679 -0.899405
-5.72417 -0.868632
-5.68631 -0.834078
-5.62006 -0.795896
-5.53173 -0.754251
-5.43394 -0.709325
-5.30144 -0.661312
-5.15633 -0.610422
-4.97651 -0.556876
-4.78408 -0.500907
-4.57903 -0.442758
-4.33927 -0.382683
-4.08374 -0.320944
-3.82191 -0.257807
-3.52222 -0.193549
-3.22252 -0.128449
-2.89444 -0.0627905
-2.56005 0.00314159
-2.2225 0.06906
-1.85971 0.134678
-1.49693 0.19971
-1.11521 0.263873
-0.724037 0.326888
-0.342323 0.388481
0.0551629 0.448383
0.449495 0.506335
0.837517 0.562083
1.21608 0.615386
1.59779 0.666012
1.96688 0.71374
2.34229 0.758362
2.69561 0.799685
3.03316 0.837528
3.36439 0.871727
3.67039 0.902134
3.96378 0.928615
4.23192 0.951057
4.48429 0.96936
4.71774 0.983445
4.92595 0.993252
5.11838 0.998737
5.28242 0.999877
5.41807 0.996666
5.53164 0.989119
5.6105 0.977268
5.67044 0.961165
5.70514 0.940881
5.72407 0.916502
5.71145 0.888136
5.66098 0.855906
5.60735 0.819952
5.52217 0.78043
5.4023 0.737513
5.25718 0.691387
5.08999 0.642253
4.90702 0.590324
4.67988 0.535827
4.45906 0.478998
4.19407 0.420086
3.92277 0.359345
3.65147 0.297042
3.36439 0.233445
3.04577 0.168833
2.72715 0.103487
2.39276 0.0376902
2.04259 -0.0282706
1.68296 -0.0941083
1.32649 -0.159537
0.973168 -0.224271
0.604074 -0.288029
0.238132 -0.350534
-0.127807 -0.411514
-0.487438 -0.470704
-0.856534 -0.527846
-1.21301 -0.58269
-1.56002 -0.635
-1.91019 -0.684547
-2.23827 -0.731116
-2.5632 -0.774503
-2.8692 -0.814521
-3.16889 -0.850994
-3.44335 -0.883766
