data = [-0.0142401 0.109734
-0.00477603 0.218143
-0.00477603 0.323917
0.0267696 0.425779
0.0709351 0.522499
0.137183 0.612907
0.238132 0.695913
0.342235 0.770513
0.465266 0.835807
0.597762 0.891007
0.749185 0.935444
0.887991 0.968583
1.03941 0.990024
1.17191 0.999507
1.2981 0.996917
1.42744 0.982287
1.52839 0.955793
1.62303 0.917755
1.69874 0.868632
1.75552 0.809017
1.79338 0.739631
1.806 0.661312
1.79338 0.575005
1.76498 0.481754
1.70189 0.382683
1.61356 0.278991
1.49368 0.171929
1.34857 0.0627905
1.17822 -0.0471065
0.970013 -0.156434
0.755496 -0.263873
0.525207 -0.368125
0.263371 -0.46793
0.00784269 -0.562083
-0.276076 -0.649448
-0.56315 -0.728969
-0.84707 -0.799685
-1.14361 -0.860742
-1.43383 -0.911403
-1.7146 -0.951057
-1.98905 -0.979223
-2.25405 -0.995562
-2.50957 -0.999877
-2.74617 -0.992115
-2.95438 -0.97237
-3.13419 -0.940881
-3.30455 -0.898028
-3.45281 -0.844328
-3.56323 -0.78043
-3.65471 -0.707107
-3.71781 -0.625243
-3.75251 -0.535827
-3.73989 -0.439939
-3.70834 -0.338738
-3.63263 -0.233445
-3.52222 -0.125333
-3.39603 -0.0157073
-3.24145 0.0941083
-3.04586 0.202787
-2.83766 0.309017
-2.58213 0.411514
-2.30136 0.509041
-2.02691 0.60042
-1.71144 0.684547
-1.39598 0.760406
-1.04897 0.827081
-0.708263 0.883766
-0.354942 0.929776
-0.00162019 0.964557
0.348547 0.987688
0.686094 0.99889
1.00787 0.998027
1.32964 0.985109
1.61672 0.960294
1.88486 0.92388
2.13408 0.876307
2.36121 0.81815
2.5568 0.750111
2.724 0.673012
2.85649 0.587785
2.95744 0.495459
3.03 0.397148
3.07732 0.29404
3.08363 0.187381
3.06786 0.0784591
3.01738 -0.0314108
2.91012 -0.140901
2.79971 -0.24869
2.65144 -0.353475
2.47163 -0.45399
2.27604 -0.549023
2.05521 -0.637424
1.81861 -0.718126
1.57571 -0.790155
1.30756 -0.85264
1.03626 -0.904827
0.752342 -0.946085
0.484196 -0.975917
0.219205 -0.993961
-0.0615591 -1
-0.313932 -0.993961
-0.553684 -0.975917
-0.783974 -0.946085
-0.992181 -0.904827
-1.29818 -0.85264
-1.38967 -0.790155
-1.51901 -0.718126
-1.63889 -0.637424
-1.73353 -0.549023
-1.79662 -0.45399
-1.85025 -0.353475
-1.85971 -0.24869
-1.84709 -0.140901
-1.80293 -0.0314108
-1.73353 0.0784591
-1.63258 0.187381
-1.50639 0.29404
-1.35812 0.397148
-1.1089 0.495459
-0.982719 0.587785
-0.812367 0.673012
-0.601005 0.750111
-0.370715 0.81815
-0.134117 0.876307
0.0930178 0.92388
0.320154 0.960294
0.563062 0.985109
0.796505 0.998027
1.02049 0.99889
1.22554 0.987688
1.4369 0.964557
1.60094 0.929776
1.76814 0.883766
1.89117 0.827081
1.99843 0.760406
2.08045 0.684547
2.13723 0.60042
2.16562 0.509041
2.17193 0.411514
2.14354 0.309017
2.07099 0.202787
2.01105 0.0941083
1.92587 -0.0157073
1.77445 -0.125333
1.60725 -0.233445
1.41482 -0.338738
1.20661 -0.439939
0.98263 -0.535827
0.733413 -0.625243
0.481041 -0.707107
0.209741 -0.78043
-0.0520951 -0.844328
-0.329704 -0.898028
-0.604159 -0.940881
-0.86915 -0.97237
-1.13099 -0.992115
-1.38651 -0.999877
-1.62942 -0.995562
-1.84394 -0.979223
-2.04584 -0.951057
-2.23196 -0.911403
-2.40231 -0.860742
-2.54112 -0.799685
-2.66415 -0.728969
-2.74302 -0.649448
-2.7998 -0.562083
-2.86605 -0.46793
-2.85028 -0.368125
-2.81873 -0.263873
-2.74933 -0.156434
-2.63891 -0.0471065
-2.53481 0.0627905
-2.396 0.171929
-2.22881 0.278991
-2.04268 0.382683
-1.83763 0.481754
-1.6168 0.575005
-1.38651 0.661312
-1.10575 0.739631
-0.837604 0.809017
-0.553686 0.868632
-0.260303 0.917755
0.014152 0.955793
0.298071 0.982287
0.578835 0.996917
0.859599 0.999507
1.11513 0.990024
1.34857 0.968583
1.55678 0.935444
1.74606 0.891007
1.91325 0.835807
2.05206 0.770513
2.17193 0.695913
2.26026 0.612907
2.32967 0.522499
2.35806 0.425779
2.35806 0.323917
2.32967 0.218143
2.26973 0.109734
2.19086 7.54642e-14
2.05837 -0.109734
1.91641 -0.218143
1.73975 -0.323917
1.55047 -0.425779
1.32649 -0.522499
1.09935 -0.612907
0.862755 -0.695913
0.607228 -0.770513
0.345392 -0.835807
0.0804003 -0.891007
-0.18459 -0.935444
-0.446426 -0.968583
-0.717727 -0.990024
-0.96379 -0.999507
-1.19093 -0.996917
-1.41806 -0.982287
-1.62942 -0.955793
-1.81239 -0.917755
-1.97959 -0.868632
-2.11209 -0.809017
-2.21303 -0.739631
-2.29821 -0.661312
-2.35815 -0.575005
-2.39285 -0.481754
-2.40547 -0.382683
-2.39285 -0.278991
-2.33922 -0.171929
-2.24773 -0.0627905
-2.14994 0.0471065
-2.01114 0.156434
-1.85656 0.263873
-1.66097 0.368125
-1.44645 0.46793
-1.23509 0.562083
-0.976409 0.649448
-0.736655 0.728969
-0.468509 0.799685
-0.203519 0.860742
0.0740909 0.911403
0.3517 0.951057
0.626155 0.979223
0.881682 0.995562
1.12459 0.999877
1.3675 0.992115
1.58517 0.97237
1.79653 0.940881
1.9795 0.898028
2.12146 0.844328
2.24134 0.78043
2.34229 0.707107
2.44324 0.625243
2.48109 0.535827
2.50002 0.439939
2.45901 0.338738
2.43062 0.233445
2.39276 0.125333
2.29812 0.0157073
2.15616 -0.0941083
1.98896 -0.202787
1.79022 -0.309017
1.58517 -0.411514
1.35804 -0.509041
1.11513 -0.60042
0.853291 -0.684547
0.575681 -0.760406
0.279144 -0.827081
-0.0016202 -0.883766
-0.288694 -0.929776
-0.578922 -0.964557
-0.853378 -0.987688
-1.12783 -0.99889
-1.3802 -0.998027
-1.60734 -0.985109
-1.83447 -0.960294
-2.01745 -0.92388
-2.20672 -0.876307
-2.34868 -0.81815
-2.48433 -0.750111
-2.56951 -0.673012
-2.64522 -0.587785
-2.68308 -0.495459
-2.6957 -0.397148
-2.67677 -0.29404
-2.62314 -0.187381
-2.55689 -0.0784591
-2.4591 0.0314108
-2.29821 0.140901
-2.13732 0.24869
-1.95435 0.353475
-1.75245 0.45399
-1.51901 0.549023
-1.26664 0.637424
-0.995336 0.718126
-0.717727 0.790155
-0.427498 0.85264
-0.146734 0.904827
0.140339 0.946085
0.430567 0.975917
0.708177 0.993961
0.979477 1
1.22238 0.993961
1.46845 0.975917
1.81546 0.946085
1.93218 0.904827
2.0489 0.85264
2.22556 0.790155
2.33913 0.718126
2.42431 0.637424
2.48109 0.549023
2.52526 0.45399
2.53788 0.353475
2.51579 0.24869
2.46847 0.140901
2.35806 0.0314108
2.26026 -0.0784591
2.09622 -0.187381
1.91956 -0.29404
1.72082 -0.397148
1.5063 -0.495459
1.27286 -0.587785
1.0268 -0.673012
0.771269 -0.750111
0.490505 -0.81815
0.219205 -0.876307
-0.0710231 -0.92388
-0.348633 -0.960294
-0.616778 -0.985109
-0.878614 -0.998027
-1.14676 -0.99889
-1.38336 -0.987688
-1.60418 -0.964557
-1.80924 -0.929776
-1.97959 -0.883766
-2.13417 -0.827081
-2.27297 -0.760406
-2.38023 -0.684547
-2.45279 -0.60042
-2.50642 -0.509041
-2.53165 -0.411514
-2.54112 -0.309017
-2.50642 -0.202787
-2.44332 -0.0941083
-2.34868 0.0157073
-2.22881 0.125333
-2.07423 0.233445
-1.8881 0.338738
-1.69252 0.439939
-1.48746 0.535827
-1.24455 0.625243
-0.998491 0.707107
-0.736655 0.78043
-0.477973 0.844328
-0.197209 0.898028
0.074091 0.940881
0.345391 0.97237
0.613536 0.992115
0.869064 0.999877
1.11197 0.995562
1.35173 0.979223
1.55993 0.951057
1.75552 0.911403
1.93534 0.860742
2.07414 0.799685
2.19402 0.728969
2.2855 0.649448
2.35491 0.562083
2.37699 0.46793
2.38645 0.368125
2.36437 0.263873
2.31074 0.156434
2.23503 0.0471065
2.10884 -0.0627905
1.95111 -0.171929
1.7776 -0.278991
1.58201 -0.382683
1.36119 -0.481754
1.12775 -0.575005
0.875372 -0.661312
0.623 -0.739631
0.348546 -0.809017
0.0709363 -0.868632
-0.212982 -0.917755
-0.487437 -0.955793
-0.761892 -0.982287
-1.01742 -0.996917
-1.27295 -0.999507
-1.50324 -0.990024
-1.71775 -0.968583
-1.90388 -0.935444
-2.08054 -0.891007
-2.22881 -0.835807
-2.35815 -0.770513
-2.46856 -0.695913
-2.54112 -0.612907
-2.58844 -0.522499
-2.61999 -0.425779
-2.60737 -0.323917
-2.54743 -0.218143
-2.46541 -0.109734
-2.37392 1.26183e-13
-2.26035 0.109734
-2.11524 0.218143
-1.94489 0.323917
-1.7493 0.425779
-1.52532 0.522499
-1.28241 0.612907
-1.02057 0.695913
-0.755584 0.770513
-0.471665 0.835807
-0.203518 0.891007
0.0898632 0.935444
0.35801 0.968583
0.635619 0.990024
0.90061 0.999507
1.15614 0.996917
1.38643 0.982287
1.60725 0.955793
1.81231 0.917755
1.99212 0.868632
2.15301 0.809017
2.28235 0.739631
2.38645 0.661312
2.46847 0.575005
2.50317 0.481754
2.50948 0.382683
2.49371 0.278991
2.44324 0.171929
2.38645 0.0627905
2.26342 -0.0471065
2.10569 -0.156434
1.9448 -0.263873
1.75552 -0.368125
1.54731 -0.46793
1.31702 -0.562083
1.07727 -0.649448
0.821744 -0.728969
0.556753 -0.799685
0.285453 -0.860742
0.0109985 -0.911403
-0.263456 -0.951057
