data = [-0.042631 0.112856
-0.042631 0.224271
-0.0300123 0.33282
-0.00162019 0.437116
0.0457 0.535827
0.115102 0.627691
0.209742 0.711536
0.317 0.786288
0.440031 0.850994
0.578836 0.904827
0.717641 0.947098
0.865908 0.977268
0.995249 0.994951
1.14667 0.999921
1.27601 0.992115
1.39274 0.971632
1.50946 0.938734
1.59463 0.893841
1.65773 0.837528
1.71767 0.770513
1.7429 0.693653
1.73975 0.60793
1.71451 0.51444
1.67665 0.414376
1.61672 0.309017
1.5063 0.19971
1.37065 0.0878512
1.20977 -0.0251301
1.01102 -0.13779
0.799661 -0.24869
0.57568 -0.356412
0.326463 -0.45958
0.0583176 -0.556876
-0.231911 -0.647056
-0.506365 -0.728969
-0.806056 -0.801567
-1.09629 -0.863923
-1.39282 -0.915241
-1.68305 -0.954865
-1.96382 -0.982287
-2.23512 -0.997159
-2.48118 -0.999289
-2.7304 -0.988652
-2.93545 -0.965382
-3.13419 -0.929776
-3.30139 -0.882291
-3.4465 -0.823533
-3.56638 -0.754251
-3.64525 -0.675333
-3.70519 -0.587785
-3.73673 -0.492727
-3.72727 -0.391374
-3.69572 -0.285019
-3.61055 -0.175023
-3.5096 -0.0627905
-3.36133 0.0502443
-3.2036 0.162637
-2.99854 0.272952
-2.75563 0.379779
-2.51588 0.481754
-2.23827 0.577573
-1.94489 0.666012
-1.62627 0.745941
-1.30765 0.816339
-0.9701 0.876307
-0.626242 0.925077
-0.282385 0.962028
0.0646269 0.986686
0.395866 0.998737
0.733414 0.998027
1.04572 0.984564
1.34857 0.958522
1.61356 0.920232
1.88486 0.870184
2.10253 0.809017
2.31074 0.737513
2.47478 0.656586
2.61674 0.567269
2.73031 0.470704
2.80602 0.368125
2.84072 0.260842
2.84072 0.150226
2.82495 0.0376902
2.76501 -0.0753268
2.66406 -0.187381
2.55365 -0.297042
2.39907 -0.402906
2.2161 -0.503623
2.02682 -0.597905
1.81231 -0.684547
1.57886 -0.762443
1.33595 -0.830596
1.08673 -0.888136
0.809125 -0.934329
0.544135 -0.968583
0.275988 -0.990461
-0.0016202 -0.999684
-0.23822 -0.996134
-0.481129 -0.979855
-0.695645 -0.951057
-0.922781 -0.910106
-1.11206 -0.857527
-1.26979 -0.79399
-1.41491 -0.720309
-1.53478 -0.637424
-1.62627 -0.546394
-1.73037 -0.448383
-1.7493 -0.344643
-1.77454 -0.236499
-1.76823 -0.125333
-1.71775 -0.012566
-1.63889 0.100362
-1.53163 0.212007
-1.4086 0.320944
-1.2414 0.425779
-1.0742 0.525175
-0.891233 0.61786
-0.670406 0.70265
-0.452736 0.778462
-0.216137 0.844328
0.190813 0.899405
0.348546 0.942991
0.490505 0.974527
0.730258 0.993611
0.954238 1
1.17191 0.993611
1.3675 0.974527
1.53469 0.942991
1.69243 0.899405
1.83754 0.844328
1.96373 0.778462
2.05521 0.70265
2.11515 0.61786
2.15932 0.525175
2.17824 0.425779
2.15932 0.320944
2.11831 0.212007
2.04259 0.100362
1.93849 -0.012566
1.74606 -0.125333
1.62618 -0.236499
1.45898 -0.344643
1.25393 -0.448383
1.03626 -0.546394
0.793351 -0.637424
0.534669 -0.720309
0.250751 -0.79399
0.00153334 -0.857527
-0.279231 -0.910106
-0.544222 -0.951057
-0.812367 -0.979855
-1.07736 -0.996134
-1.32658 -0.999684
-1.56002 -0.990461
-1.78085 -0.968583
-1.97013 -0.934329
-2.14679 -0.888136
-2.29506 -0.830596
-2.41493 -0.762443
-2.51588 -0.684547
-2.57897 -0.597905
-2.62945 -0.503623
-2.65153 -0.402906
-2.6326 -0.297042
-2.59475 -0.187381
-2.52219 -0.0753268
-2.41809 0.0376902
-2.28244 0.150226
-2.13417 0.260842
-1.93542 0.368125
-1.73037 0.470704
-1.51901 0.567269
-1.26348 0.656586
-1.00796 0.737513
-0.730346 0.809017
-0.459046 0.870184
-0.171973 0.920232
0.111946 0.958522
0.399019 0.984564
0.686093 0.998027
0.947929 0.998737
1.19084 0.986686
1.41482 0.962028
1.62618 0.925077
1.81861 0.876307
1.9795 0.816339
2.10569 0.745941
2.22556 0.666012
2.31074 0.577573
2.35175 0.481754
2.36752 0.379779
2.35806 0.272952
2.31389 0.162637
2.24449 0.0502443
2.13408 -0.0627905
2.00158 -0.175023
1.84385 -0.285019
1.65773 -0.391374
1.44006 -0.492727
1.21607 -0.587785
0.979476 -0.675333
0.71764 -0.754251
0.458958 -0.823533
0.193968 -0.882291
-0.0836418 -0.929776
-0.361251 -0.965382
-0.638861 -0.988652
-0.897542 -0.999289
-1.14045 -0.997159
-1.37705 -0.982287
-1.5821 -0.954865
-1.77138 -0.915241
-1.94173 -0.863923
-2.08685 -0.801567
-2.20673 -0.728969
-2.30452 -0.647056
-2.3613 -0.556876
-2.396 -0.45958
-2.40862 -0.356412
-2.38654 -0.24869
-2.32976 -0.13779
-2.23827 -0.0251301
-2.1247 0.0878512
-1.99536 0.19971
-1.82186 0.309017
-1.62311 0.414376
-1.40229 0.51444
-1.18462 0.60793
-0.935398 0.693653
-0.660944 0.770513
-0.386489 0.837528
-0.121498 0.893841
0.16873 0.938734
0.443185 0.971632
0.720794 0.992115
0.98263 0.999921
1.235 0.994951
1.46529 0.977268
1.68612 0.947098
1.88171 0.904827
2.05837 0.850994
2.20033 0.786288
2.3202 0.711536
2.40222 0.627691
2.46216 0.535827
2.4874 0.437116
2.49055 0.33282
2.4527 0.224271
2.38645 0.112856
2.29181 1.07684e-13
2.1467 -0.112856
1.99843 -0.224271
1.80915 -0.33282
1.60094 -0.437116
1.31071 -0.535827
1.11828 -0.627691
0.862755 -0.711536
0.600918 -0.786288
0.307536 -0.850994
0.0236172 -0.904827
-0.27292 -0.947098
-0.563148 -0.977268
-0.834449 -0.994951
-1.1089 -0.999921
-1.36128 -0.992115
-1.59472 -0.971632
-1.80924 -0.938734
-2.01744 -0.893841
-2.16571 -0.837528
-2.30767 -0.770513
-2.42755 -0.693653
-2.52219 -0.60793
-2.57582 -0.51444
-2.61683 -0.414376
-2.61367 -0.309017
-2.58528 -0.19971
-2.5285 -0.0878512
-2.42755 0.0251301
-2.30452 0.13779
-2.1594 0.24869
-1.96697 0.356412
-1.75876 0.45958
-1.54109 0.556876
-1.29503 0.647056
-1.0395 0.728969
-0.774511 0.801567
-0.477973 0.863923
-0.194054 0.915241
0.105638 0.954865
0.392711 0.982287
0.673475 0.997159
0.941621 0.999289
1.2003 0.988652
1.4369 0.965382
1.70189 0.929776
1.84385 0.882291
2.02998 0.823533
2.16247 0.754251
2.29181 0.675333
2.37383 0.587785
2.44008 0.492727
2.44639 0.391374
2.44639 0.285019
2.418 0.175023
2.35175 0.0627905
2.25396 -0.0502443
2.10884 -0.162637
1.94165 -0.272952
1.76814 -0.379779
1.55678 -0.481754
1.32649 -0.577573
1.08989 -0.666012
0.834363 -0.745941
0.559908 -0.816339
0.282299 -0.876307
-0.00162019 -0.925077
-0.285539 -0.962028
-0.55053 -0.986686
-0.812366 -0.998737
-1.06474 -0.998027
-1.30765 -0.984564
-1.53478 -0.958522
-1.72722 -0.920232
-1.90072 -0.870184
-2.06476 -0.809017
-2.20041 -0.737513
-2.29505 -0.656586
-2.36446 -0.567269
-2.41809 -0.470704
-2.42755 -0.368125
-2.41493 -0.260842
-2.36761 -0.150226
-2.29505 -0.0376902
-2.1878 0.0753268
-2.05215 0.187381
-1.89757 0.297042
-1.70513 0.402906
-1.50008 0.503623
-1.2761 0.597905
-1.03319 0.684547
-0.768201 0.762443
-0.50321 0.830596
-0.231909 0.888136
0.0488547 0.934329
0.329619 0.968583
0.604074 0.990461
0.872219 0.999684
1.12459 0.996134
1.36434 0.979855
1.58517 0.951057
1.78391 0.910106
1.97004 0.857527
2.10884 0.79399
2.24449 0.720309
2.34229 0.637424
2.40223 0.546394
2.44008 0.448383
2.44639 0.344643
2.41169 0.236499
2.36752 0.125333
2.27604 0.012566
2.15932 -0.100362
2.00158 -0.212007
1.82492 -0.320944
1.61356 -0.425779
1.39274 -0.525175
1.1656 -0.61786
0.90692 -0.70265
0.638775 -0.778462
0.367475 -0.844328
0.0867108 -0.899405
-0.178281 -0.942991
-0.4622 -0.974527
-0.727192 -0.993611
-0.985873 -1
-1.23194 -0.993611
-1.46854 -0.974527
-1.67359 -0.942991
-1.86287 -0.899405
-2.03322 -0.844328
-2.18464 -0.778462
-2.30452 -0.70265
-2.38023 -0.61786
-2.43386 -0.525175
-2.46225 -0.425779
-2.45594 -0.320944
-2.42124 -0.212007
-2.36446 -0.100362
-2.26351 0.012566
-2.14048 0.125333
-1.9859 0.236499
-1.79977 0.344643
-1.59472 0.448383
-1.38021 0.546394
-1.1373 0.637424
-0.891234 0.720309
-0.626243 0.79399
-0.345479 0.857527
-0.074179 0.910106
0.212894 0.951057
0.496813 0.979855
0.771268 0.996134
1.0331 0.999684
1.29179 0.990461
1.51892 0.968583
1.73344 0.934329
1.91956 0.888136
2.08991 0.830596
2.23187 0.762443
2.33913 0.684547
2.42115 0.597905
2.48109 0.503623
2.50002 0.402906
2.4874 0.297042
2.45901 0.187381
2.38645 0.0753268
2.28866 -0.0376902
2.13408 -0.150226
1.9795 -0.260842
1.78391 -0.368125
1.56624 -0.470704
1.35173 -0.567269
1.10882 -0.656586
0.850136 -0.737513
0.594609 -0.809017
0.307536 -0.870184
0.0330813 -0.920232
-0.244528 -0.958522
-0.525293 -0.984564
-0.783975 -0.998027
-1.04266 -0.998737
-1.2761 -0.986686
-1.50008 -0.962028
-1.69567 -0.925077
-1.87233 -0.876307
-2.02691 -0.816339
-2.14994 -0.745941
-2.25405 -0.666012
-2.32029 -0.577573
-2.35499 -0.481754
-2.37708 -0.379779
