data = [0.0204614 0.106611
0.0173067 0.212007
0.0236161 0.314987
0.0646257 0.414376
0.105637 0.509041
0.171885 0.597905
0.269679 0.679953
0.373782 0.754251
0.493659 0.819952
0.635618 0.876307
0.764959 0.922673
0.913227 0.958522
1.04257 0.983445
1.18768 0.997159
1.31387 0.999507
1.44006 0.990461
1.55678 0.970127
1.64826 0.938734
1.73344 0.896641
1.79022 0.844328
1.83439 0.782391
1.85331 0.711536
1.85016 0.63257
1.82177 0.546394
1.78391 0.45399
1.7082 0.356412
1.61672 0.254771
1.48107 0.150226
1.32333 0.0439681
1.15298 -0.0627905
0.947929 -0.168833
0.727104 -0.272952
0.490505 -0.373959
0.225513 -0.470704
-0.0300135 -0.562083
-0.323396 -0.647056
-0.591542 -0.724653
-0.87546 -0.79399
-1.16569 -0.854277
-1.45592 -0.904827
-1.73668 -0.945063
-2.00798 -0.974527
-2.26982 -0.992883
-2.51588 -0.999921
-2.75564 -0.995562
-2.96069 -0.979855
-3.15943 -0.952979
-3.31716 -0.915241
-3.46859 -0.867071
-3.58846 -0.809017
-3.67995 -0.741742
-3.73042 -0.666012
-3.76197 -0.58269
-3.76513 -0.492727
-3.73673 -0.397148
-3.67995 -0.297042
-3.58846 -0.193549
-3.46228 -0.0878512
-3.31401 0.0188484
-3.12473 0.125333
-2.91652 0.230389
-2.65784 0.33282
-2.39916 0.431456
-2.11524 0.525175
-1.80924 0.612907
-1.49377 0.693653
-1.16253 0.766493
-0.809212 0.830596
-0.465355 0.885231
-0.112033 0.929776
0.238133 0.963724
0.585144 0.986686
0.922693 0.998402
1.25393 0.998737
1.56624 0.987688
1.86278 0.965382
2.13408 0.932071
2.37699 0.888136
2.58835 0.834078
2.79025 0.770513
2.95113 0.698165
3.09625 0.61786
3.20035 0.530511
3.27922 0.437116
3.32023 0.338738
3.32969 0.236499
3.31076 0.131564
3.25714 0.0251301
3.1625 -0.0815906
3.04577 -0.187381
2.89751 -0.291036
2.724 -0.391374
2.52526 -0.48725
2.29812 -0.577573
2.05837 -0.661312
1.79653 -0.737513
1.52208 -0.805308
1.24762 -0.863923
0.963703 -0.912692
0.682939 -0.951057
0.39271 -0.978581
0.105637 -0.994951
-0.175128 -0.99998
-0.424345 -0.993611
-0.689336 -0.975917
-0.925934 -0.947098
-1.15307 -0.907484
-1.35181 -0.857527
-1.52847 -0.797794
-1.67674 -0.728969
-1.80608 -0.651834
-1.90388 -0.567269
-1.98274 -0.476238
-2.03637 -0.379779
-2.0553 -0.278991
-2.03953 -0.175023
-1.99852 -0.06906
-1.92912 0.0376902
-1.81239 0.144011
-1.73037 0.24869
-1.59788 0.350534
-1.42122 0.448383
-1.2414 0.541121
-1.04897 0.627691
-0.847068 0.707107
-0.638861 0.778462
-0.395953 0.840945
-0.159354 0.893841
0.0930179 0.93655
0.34539 0.968583
0.58199 0.989576
0.821743 0.999289
1.05519 0.997613
1.25393 0.984564
1.44321 0.960294
1.61987 0.925077
1.78391 0.879316
1.91325 0.823533
2.02367 0.758362
2.10569 0.684547
2.17509 0.60293
2.2161 0.51444
2.20664 0.420086
2.20348 0.320944
2.1814 0.218143
2.10884 0.112856
2.00158 0.00628314
1.86278 -0.100362
1.71136 -0.205863
1.51577 -0.309017
1.31702 -0.408649
1.08989 -0.503623
0.856446 -0.592857
0.613536 -0.675333
0.361164 -0.750111
0.0993284 -0.816339
-0.168817 -0.873262
-0.440117 -0.920232
-0.701953 -0.956712
-0.963789 -0.982287
-1.22563 -0.996666
-1.45592 -0.999684
-1.68936 -0.991308
-1.89757 -0.971632
-2.08685 -0.940881
-2.26035 -0.899405
-2.41493 -0.847678
-2.54112 -0.786288
-2.64207 -0.715936
-2.72093 -0.637424
-2.76825 -0.551646
-2.7998 -0.45958
-2.79349 -0.362275
-2.75879 -0.260842
-2.70201 -0.156434
-2.61999 -0.0502443
-2.50642 0.0565185
-2.36446 0.162637
-2.19095 0.266902
-1.9859 0.368125
-1.76823 0.465151
-1.53478 0.556876
-1.29187 0.642253
-1.02057 0.720309
-0.749273 0.790155
-0.474819 0.850994
-0.200364 0.902134
0.083555 0.942991
0.364319 0.973099
0.638774 0.992115
0.90061 0.999822
1.14983 0.996134
1.38643 0.981091
1.60725 0.954865
1.80915 0.917755
1.99843 0.870184
2.1467 0.812694
2.28235 0.745941
2.38014 0.670686
2.4527 0.587785
2.50317 0.498185
2.51264 0.402906
2.51264 0.303035
2.47163 0.19971
2.41169 0.0941083
2.31389 -0.012566
2.17509 -0.119097
2.01105 -0.224271
1.82808 -0.326888
1.63249 -0.425779
1.40851 -0.519817
1.18453 -0.60793
0.935313 -0.689114
0.664012 -0.762443
0.40533 -0.827081
0.137185 -0.882291
-0.140426 -0.927445
-0.414881 -0.962028
-0.683027 -0.985645
-0.932245 -0.998027
-1.17831 -0.999033
-1.40544 -0.988652
-1.6168 -0.967001
-1.79977 -0.934329
-1.97013 -0.891007
-2.11839 -0.837528
-2.24143 -0.774503
-2.34553 -0.70265
-2.41178 -0.622788
-2.4591 -0.535827
-2.49064 -0.442758
-2.47487 -0.344643
-2.43386 -0.242599
-2.37392 -0.13779
-2.28559 -0.0314108
-2.16887 0.0753268
-2.04268 0.181206
-1.87233 0.285019
-1.67674 0.385584
-1.46223 0.481754
-1.23825 0.572432
-1.0048 0.656586
-0.749274 0.733255
-0.500056 0.801567
-0.241373 0.860742
0.0299266 0.910106
0.304381 0.949096
0.575681 0.977268
0.818589 0.994301
1.06781 1
1.31072 0.994301
1.5347 0.977268
1.73028 0.949096
1.9101 0.910106
2.06468 0.860742
2.18455 0.801567
2.29497 0.733255
2.36752 0.656586
2.42115 0.572432
2.43062 0.481754
2.43377 0.385584
2.40538 0.285019
2.33913 0.181206
2.2508 0.0753268
2.13408 -0.0314108
1.97004 -0.13779
1.79338 -0.242599
1.60094 -0.344643
1.37696 -0.442758
1.15298 -0.535827
0.910074 -0.622788
0.645083 -0.70265
0.376938 -0.774503
0.0961737 -0.837528
-0.18459 -0.891007
-0.465356 -0.934329
-0.736656 -0.967001
-1.00165 -0.988652
-1.26033 -0.999033
-1.5127 -0.998027
-1.74299 -0.985645
-1.94804 -0.962028
-2.13101 -0.927445
-2.28875 -0.882291
-2.44648 -0.827081
-2.56951 -0.762443
-2.64522 -0.689114
-2.70201 -0.60793
-2.7304 -0.519817
-2.74933 -0.425779
-2.7304 -0.326888
-2.68623 -0.224271
-2.61052 -0.119097
-2.50957 -0.012566
-2.36446 0.0941083
-2.16887 0.19971
-2.03322 0.303035
-1.82186 0.402906
-1.59472 0.498185
-1.35497 0.587785
-1.09629 0.670686
-0.837604 0.745941
-0.569459 0.812694
-0.28554 0.870184
-0.0079307 0.917755
0.282297 0.954865
0.556752 0.981091
0.824899 0.996134
1.08989 0.999822
1.33911 0.992115
1.55993 0.973099
1.77445 0.942991
1.96057 0.902134
2.12146 0.850994
2.25711 0.790155
2.36752 0.720309
2.44954 0.642253
2.49055 0.556876
2.52841 0.465151
2.52841 0.368125
2.50002 0.266902
2.45901 0.162637
2.37068 0.0565185
2.26027 -0.0502443
2.08991 -0.156434
1.93849 -0.260842
1.73028 -0.362275
1.52208 -0.45958
1.28863 -0.551646
1.03941 -0.637424
0.780733 -0.715936
0.506279 -0.786288
0.225514 -0.847678
-0.0710231 -0.899405
-0.339169 -0.940881
-0.613623 -0.971632
-0.888078 -0.991308
-1.14361 -0.999684
-1.38336 -0.996666
-1.61996 -0.982287
-1.82501 -0.956712
-2.02375 -0.920232
-2.19411 -0.873262
-2.34553 -0.816339
-2.46856 -0.750111
-2.55374 -0.675333
-2.62629 -0.592857
-2.67046 -0.503623
-2.67992 -0.408649
-2.6673 -0.309017
-2.62629 -0.205863
-2.55374 -0.100362
-2.4591 0.00628314
-2.32976 0.112856
-2.18464 0.218143
-1.99852 0.320944
-1.79346 0.420086
-1.58526 0.51444
-1.34235 0.60293
-1.09629 0.684547
-0.831295 0.758362
-0.569459 0.823533
-0.295004 0.879316
-0.0173947 0.925077
0.257061 0.960294
0.518897 0.984564
0.796507 0.997613
1.04888 0.999289
1.27601 0.989576
1.50315 0.968583
1.69558 0.93655
1.88171 0.893841
2.04259 0.840945
2.17824 0.778462
2.29497 0.707107
2.36752 0.627691
2.42115 0.541121
2.44639 0.448383
2.44008 0.350534
2.39907 0.24869
2.33598 0.144011
2.24765 0.0376902
2.12777 -0.06906
1.97319 -0.175023
1.78707 -0.278991
1.60094 -0.379779
1.38327 -0.476238
1.15929 -0.567269
0.916383 -0.651834
0.657702 -0.728969
0.40533 -0.797794
0.12772 -0.857527
-0.14358 -0.907484
-0.411725 -0.947098
-0.67987 -0.975917
-0.938553 -0.993611
-1.19408 -0.99998
-1.44014 -0.994951
-1.65466 -0.978581
-1.85971 -0.951057
-2.03322 -0.912692
-2.19411 -0.863923
-2.32345 -0.805308
-2.43386 -0.737513
-2.51904 -0.661312
-2.58213 -0.577573
-2.61367 -0.48725
-2.61998 -0.391374
-2.60421 -0.291036
-2.54743 -0.187381
-2.47487 -0.0815906
-2.36761 0.0251301
-2.23512 0.131564
-2.06792 0.236499
-1.86918 0.338738
-1.67043 0.437116
-1.43068 0.530511
-1.18777 0.61786
-0.941708 0.698165
-0.667253 0.770513
-0.399106 0.834078
-0.108878 0.888136
0.168731 0.932071
0.45265 0.965382
0.72395 0.987688
0.988941 0.998737
1.23816 0.998402
1.48107 0.986686
1.70189 0.963724
1.91956 0.929776
2.08991 0.885231
2.24134 0.830596
2.38014 0.766493
2.4874 0.693653
2.56627 0.612907
2.61674 0.525175
2.63251 0.431456
2.62305 0.33282
2.58835 0.230389
2.52841 0.125333
2.43693 0.0188484
