data = [-0.0268576 0.0878512
-0.0300123 0.175023
-0.0363217 0.260842
-0.00162019 0.344643
0.052007 0.425779
0.0993272 0.503623
0.181348 0.577573
0.266524 0.647056
0.358009 0.711536
0.474731 0.770513
0.588299 0.823533
0.711332 0.870184
0.831208 0.910106
0.966858 0.942991
1.09304 0.968583
1.20346 0.986686
1.31703 0.997159
1.43375 0.999921
1.52523 0.994951
1.61987 0.982287
1.69558 0.962028
1.74921 0.934329
1.79338 0.899405
1.82177 0.857527
1.82808 0.809017
1.81546 0.754251
1.78707 0.693653
1.74606 0.627691
1.67981 0.556876
1.58833 0.481754
1.48422 0.402906
1.35803 0.320944
1.19715 0.236499
1.02049 0.150226
0.837517 0.0627905
0.645083 -0.0251301
0.430567 -0.112856
0.212896 -0.19971
-0.0394763 -0.285019
-0.291848 -0.368125
-0.563148 -0.448383
-0.83445 -0.525175
-1.1089 -0.597905
-1.3802 -0.666012
-1.66728 -0.728969
-1.91334 -0.786288
-2.1878 -0.837528
-2.44963 -0.882291
-2.69254 -0.920232
-2.91337 -0.951057
-3.13735 -0.974527
-3.35186 -0.990461
-3.55061 -0.998737
-3.73042 -0.999289
-3.885 -0.992115
-4.00803 -0.977268
-4.11529 -0.954865
-4.20047 -0.925077
-4.26041 -0.888136
-4.30457 -0.844328
-4.31403 -0.79399
-4.29826 -0.737513
-4.26987 -0.675333
-4.19416 -0.60793
-4.10583 -0.535827
-3.98911 -0.45958
-3.84399 -0.379779
-3.66733 -0.297042
-3.48121 -0.212007
-3.25722 -0.125333
-3.01432 -0.0376902
-2.75248 0.0502443
-2.46856 0.13779
-2.16256 0.224271
-1.83448 0.309017
-1.48746 0.391374
-1.14361 0.470704
-0.780821 0.546394
-0.411726 0.61786
-0.033167 0.684547
0.348546 0.745941
0.717641 0.801567
1.09935 0.850994
1.4716 0.893841
1.8407 0.929776
2.19086 0.958522
2.53157 0.979855
2.86281 0.993611
3.1688 0.999684
3.45588 0.998027
3.71771 0.988652
3.95747 0.971632
4.17829 0.947098
4.37073 0.915241
4.53792 0.876307
4.68304 0.830596
4.78083 0.778462
4.84708 0.720309
4.89755 0.656586
4.91017 0.587785
4.90071 0.51444
4.84708 0.437116
4.77452 0.356412
4.68619 0.272952
4.54108 0.187381
4.37704 0.100362
4.09312 0.012566
3.9417 -0.0753268
3.70825 -0.162637
3.43064 -0.24869
3.14672 -0.33282
2.84703 -0.414376
2.5221 -0.492727
2.1814 -0.567269
1.83123 -0.637424
1.46845 -0.70265
1.10882 -0.762443
0.736569 -0.816339
0.364319 -0.863923
-0.0142401 -0.904827
-0.386489 -0.938734
-0.875459 -0.965382
-1.09313 -0.984564
-1.41175 -0.996134
-1.70829 -1
-2.01114 -0.996134
-2.30137 -0.984564
-2.56005 -0.965382
-2.79664 -0.938734
-3.00801 -0.904827
-3.2036 -0.863923
-3.37079 -0.816339
-3.5096 -0.762443
-3.62632 -0.70265
-3.72096 -0.637424
-3.7809 -0.567269
-3.82822 -0.492727
-3.85346 -0.414376
-3.79667 -0.33282
-3.77143 -0.24869
-3.70519 -0.162637
-3.59162 -0.0753268
-3.45912 0.012566
-3.31085 0.100362
-3.12789 0.187381
-2.92914 0.272952
-2.68939 0.356412
-2.44017 0.437116
-2.18464 0.51444
-1.90072 0.587785
-1.61049 0.656586
-1.30134 0.720309
-0.995337 0.778462
-0.679872 0.830596
-0.361251 0.876307
-0.042631 0.915241
0.285453 0.947098
0.604072 0.971632
0.913229 0.988652
1.20977 0.998027
1.49053 0.999684
1.75868 0.993611
2.01105 0.979855
2.23818 0.958522
2.45901 0.929776
2.64829 0.893841
2.81549 0.850994
2.96375 0.801567
3.07732 0.745941
3.16565 0.684547
3.24136 0.61786
3.28237 0.546394
3.28868 0.470704
3.27291 0.391374
3.24767 0.309017
3.18458 0.224271
3.08678 0.13779
2.9606 0.0502443
2.80917 -0.0376902
2.63251 -0.125333
2.43693 -0.212007
2.22241 -0.297042
1.99843 -0.379779
1.74606 -0.45958
1.47476 -0.535827
1.20346 -0.60793
0.903765 -0.675333
0.610382 -0.737513
0.301226 -0.79399
-0.0110854 -0.844328
-0.326551 -0.888136
-0.629398 -0.925077
-0.925935 -0.954865
-1.21932 -0.977268
-1.50639 -0.992115
-1.78085 -0.999289
-2.04268 -0.998737
-2.27928 -0.990461
-2.52534 -0.974527
-2.72724 -0.951057
-2.91337 -0.920232
-3.09003 -0.882291
-3.22883 -0.837528
-3.35187 -0.786288
-3.44651 -0.728969
-3.53484 -0.666012
-3.58531 -0.597905
-3.60739 -0.525175
-3.59793 -0.448383
-3.55692 -0.368125
-3.50329 -0.285019
-3.43389 -0.19971
-3.29193 -0.112856
-3.13419 -0.0251301
-2.96384 0.0627905
-2.78718 0.150226
-2.58213 0.236499
-2.35499 0.320944
-2.11524 0.402906
-1.84079 0.481754
-1.55687 0.556876
-1.25717 0.627691
-0.960636 0.693653
-0.64517 0.754251
-0.32024 0.809017
0.00153335 0.857527
0.335927 0.899405
0.657702 0.934329
0.979477 0.962028
1.28548 0.982287
1.57571 0.994951
1.88171 0.999921
2.14354 0.997159
2.39591 0.986686
2.64198 0.968583
2.85649 0.942991
3.05839 0.910106
3.22874 0.870184
3.37701 0.823533
3.5032 0.770513
3.59784 0.711536
3.66724 0.647056
3.7051 0.577573
3.72402 0.503623
3.71456 0.425779
3.68932 0.344643
3.61361 0.260842
3.51582 0.175023
3.38648 0.0878512
3.21297 8.61224e-14
3.04577 -0.0878512
2.85019 -0.175023
2.63567 -0.260842
2.38961 -0.344643
1.93849 -0.425779
1.74921 -0.503623
1.55993 -0.577573
1.27917 -0.647056
0.960549 -0.711536
0.645083 -0.770513
0.317 -0.823533
-0.0142389 -0.870184
-0.329704 -0.910106
-0.657789 -0.942991
-0.96379 -0.968583
-1.27926 -0.986686
-1.57264 -0.997159
-1.86602 -0.999921
-2.14363 -0.994951
-2.38654 -0.982287
-2.61052 -0.962028
-2.84397 -0.934329
-3.04271 -0.899405
-3.2036 -0.857527
-3.37079 -0.809017
-3.46859 -0.754251
-3.56323 -0.693653
-3.6484 -0.627691
-3.70519 -0.556876
-3.72727 -0.481754
-3.72096 -0.402906
-3.68941 -0.320944
-3.63578 -0.236499
-3.54114 -0.150226
-3.42758 -0.0627905
-3.31401 0.0251301
-3.04902 0.112856
-2.92599 0.19971
-2.74302 0.285019
-2.53796 0.368125
-2.29505 0.448383
-1.96066 0.525175
-1.55371 0.597905
-1.37074 0.666012
-1.07736 0.728969
-0.752429 0.786288
-0.433809 0.837528
-0.0931059 0.882291
0.225513 0.920232
0.563062 0.951057
0.884836 0.974527
1.19084 0.990461
1.48738 0.998737
1.78391 0.999289
2.04575 0.992115
2.31705 0.977268
2.67352 0.954865
2.80287 0.925077
2.97006 0.888136
3.17827 0.844328
3.336 0.79399
3.45272 0.737513
3.54421 0.675333
3.61676 0.60793
3.65147 0.535827
3.66093 0.45958
3.64516 0.379779
3.60099 0.297042
3.52843 0.212007
3.42749 0.125333
3.31077 0.0376902
3.1625 -0.0502443
2.95429 -0.13779
2.7587 -0.224271
2.52841 -0.309017
2.31074 -0.391374
2.05521 -0.470704
1.79022 -0.546394
1.50315 -0.61786
1.2003 -0.684547
0.881682 -0.745941
0.563062 -0.801567
0.238133 -0.850994
-0.0836407 -0.893841
-0.405416 -0.929776
-0.714572 -0.958522
-1.02057 -0.979855
-1.32027 -0.993611
-1.60103 -0.999684
-1.87549 -0.998027
-2.13417 -0.988652
-2.38023 -0.971632
-2.60421 -0.947098
-2.82819 -0.915241
-3.01747 -0.876307
-3.18467 -0.830596
-3.32032 -0.778462
-3.43704 -0.720309
-3.53168 -0.656586
-3.59162 -0.587785
-3.63578 -0.51444
-3.6484 -0.437116
-3.63263 -0.356412
-3.59477 -0.272952
-3.53484 -0.187381
-3.44335 -0.100362
-3.33294 -0.012566
-3.19729 0.0753268
-3.03009 0.162637
-2.85028 0.24869
-2.63891 0.33282
-2.39916 0.414376
-2.15625 0.492727
-1.8881 0.567269
-1.6168 0.637424
-1.32027 0.70265
-1.03004 0.762443
-0.711418 0.816339
-0.38649 0.863923
-0.0804883 0.904827
0.253905 0.938734
0.556752 0.965382
0.878527 0.984564
1.1656 0.996134
1.44636 1
1.71766 0.996134
1.97004 0.984564
2.21925 0.965382
2.44008 0.938734
2.64513 0.904827
2.82179 0.863923
2.97637 0.816339
3.10256 0.762443
3.21612 0.70265
3.29184 0.637424
3.35177 0.567269
3.37386 0.492727
3.38017 0.414376
3.35493 0.33282
3.29184 0.24869
3.20982 0.162637
3.0994 0.0753268
2.9606 -0.012566
2.78709 -0.100362
2.60412 -0.187381
2.38961 -0.272952
2.15932 -0.356412
1.91956 -0.437116
1.65457 -0.51444
1.38012 -0.587785
1.0962 -0.656586
0.793352 -0.720309
0.499969 -0.778462
0.190813 -0.830596
-0.118342 -0.876307
-0.427498 -0.915241
-0.739809 -0.947098
-1.03004 -0.971632
-1.33604 -0.988652
-1.61365 -0.998027
-1.88811 -0.999684
-2.14048 -0.993611
-2.37392 -0.979855
-2.5979 -0.958522
-2.80611 -0.929776
-2.99223 -0.893841
-3.16574 -0.850994
-3.31086 -0.801567
-3.41496 -0.745941
-3.51906 -0.684547
-3.58846 -0.61786
-3.63578 -0.546394
-3.64525 -0.470704
-3.63263 -0.391374
-3.60424 -0.309017
-3.52853 -0.224271
-3.44966 -0.13779
-3.33925 -0.0502443
-3.20675 0.0376902
-3.04902 0.125333
-2.86605 0.212007
-2.64207 0.297042
-2.41178 0.379779
-2.16256 0.45958
-1.89757 0.535827
-1.61996 0.60793
-1.32027 0.675333
-1.01742 0.737513
-0.708264 0.79399
-0.389643 0.844328
-0.0489415 0.888136
