data = [0.052007 0.119097
0.0488524 0.236499
0.0583164 0.350534
0.0898632 0.45958
0.140338 0.562083
0.212895 0.656586
0.307535 0.741742
0.421102 0.816339
0.544133 0.879316
0.689248 0.929776
0.828052 0.967001
0.979476 0.990461
1.11513 0.999822
1.25709 0.994951
1.38643 0.975917
1.49999 0.942991
1.60725 0.896641
1.6735 0.837528
1.73028 0.766493
1.77129 0.684547
1.7776 0.592857
1.74921 0.492727
1.72082 0.385584
1.65142 0.272952
1.55678 0.156434
1.41482 0.0376902
1.24762 -0.0815906
1.05203 -0.19971
0.843826 -0.314987
0.613536 -0.425779
0.3517 -0.530511
0.0835538 -0.627691
-0.194056 -0.715936
-0.477974 -0.79399
-0.771357 -0.860742
-1.0742 -0.915241
-1.36443 -0.956712
-1.6452 -0.984564
-1.92912 -0.998402
-2.1878 -0.998027
-2.43071 -0.983445
-2.65153 -0.954865
-2.85027 -0.912692
-3.02378 -0.857527
-3.17836 -0.790155
-3.29508 -0.711536
-3.39918 -0.622788
-3.44966 -0.525175
-3.4749 -0.420086
-3.46543 -0.309017
-3.42442 -0.193549
-3.34871 -0.0753268
-3.2383 0.0439681
-3.09634 0.162637
-2.92599 0.278991
-2.70832 0.391374
-2.48118 0.498185
-2.22565 0.597905
-1.94804 0.689114
-1.63889 0.770513
-1.32658 0.840945
-0.995337 0.899405
-0.664098 0.945063
-0.32655 0.977268
0.0109974 0.995562
0.339082 0.999684
0.660857 0.989576
0.963703 0.965382
1.24762 0.927445
1.51577 0.876307
1.75867 0.812694
1.9795 0.737513
2.15616 0.651834
2.30759 0.556876
2.43062 0.45399
2.51895 0.344643
2.57573 0.230389
2.59466 0.112856
2.57258 -0.00628314
2.54734 -0.125333
2.45901 -0.242599
2.34544 -0.356412
2.20664 -0.465151
2.03313 -0.567269
1.84701 -0.661312
1.63564 -0.745941
1.41482 -0.819952
1.17191 -0.882291
0.929002 -0.932071
0.682939 -0.968583
0.427412 -0.991308
0.187658 -0.999921
-0.0457857 -0.994301
-0.266612 -0.974527
-0.477973 -0.940881
-0.689336 -0.893841
-0.86915 -0.834078
-1.02688 -0.762443
-1.14676 -0.679953
-1.23825 -0.587785
-1.31711 -0.48725
-1.37074 -0.379779
-1.37705 -0.266902
-1.35497 -0.150226
-1.32658 -0.0314108
-1.22878 0.0878512
-1.16884 0.205863
-1.09313 0.320944
-0.91647 0.431456
-0.749273 0.535827
-0.56315 0.63257
-0.351787 0.720309
-0.134117 0.797794
0.0993284 0.863923
0.335928 0.917755
0.572527 0.958522
0.824899 0.985645
1.06781 0.998737
1.27917 0.997613
1.46845 0.982287
1.66719 0.952979
1.83754 0.910106
1.99843 0.854277
2.11831 0.786288
2.21294 0.707107
2.27288 0.61786
2.31389 0.519817
2.30759 0.414376
2.30443 0.303035
2.2508 0.187381
2.16563 0.06906
2.0489 -0.0502443
1.88486 -0.168833
1.69243 -0.285019
1.49999 -0.397148
1.27286 -0.503623
1.01418 -0.60293
0.755496 -0.693653
0.481041 -0.774503
0.190813 -0.844328
-0.0899512 -0.902134
-0.377025 -0.947098
-0.730345 -0.978581
-0.938553 -0.996134
-1.19093 -0.999507
-1.43068 -0.988652
-1.6515 -0.963724
-1.87864 -0.925077
-2.06161 -0.873262
-2.22565 -0.809017
-2.37707 -0.733255
-2.47487 -0.647056
-2.55374 -0.551646
-2.60737 -0.448383
-2.62629 -0.338738
-2.60106 -0.224271
-2.55374 -0.106611
-2.46541 0.012566
-2.34869 0.131564
-2.21303 0.24869
-2.03953 0.362275
-1.83448 0.470704
-1.62311 0.572432
-1.37705 0.666012
-1.12152 0.750111
-0.862841 0.823533
-0.594695 0.885231
-0.304467 0.934329
-0.0142389 0.970127
0.26968 0.992115
0.544135 0.99998
0.815435 0.993611
1.05203 0.973099
1.30125 0.938734
1.49999 0.891007
1.67981 0.830596
1.83439 0.758362
1.96373 0.675333
2.06468 0.58269
2.14354 0.481754
2.1814 0.373959
2.17824 0.260842
2.15616 0.144011
2.09622 0.0251301
2.00789 -0.0941083
1.86909 -0.212007
1.71136 -0.326888
1.53469 -0.437116
1.31071 -0.541121
1.09304 -0.637424
0.850135 -0.724653
0.5883 -0.801567
0.326463 -0.867071
0.0488535 -0.920232
-0.228756 -0.960294
-0.493747 -0.986686
-0.752428 -0.999033
-1.0048 -0.997159
-1.23509 -0.981091
-1.46223 -0.951057
-1.66412 -0.907484
-1.83447 -0.850994
-1.97328 -0.782391
-2.10578 -0.70265
-2.20042 -0.612907
-2.26035 -0.51444
-2.29821 -0.408649
-2.30767 -0.297042
-2.27613 -0.181206
-2.20988 -0.0627905
-2.12155 0.0565185
-1.99852 0.175023
-1.84709 0.291036
-1.6515 0.402906
-1.44645 0.509041
-1.21932 0.60793
-0.989028 0.698165
-0.736656 0.778462
-0.455891 0.847678
-0.178281 0.904827
0.102483 0.949096
0.386402 0.979855
0.657702 0.996666
0.925847 0.999289
1.18768 0.987688
1.42113 0.962028
1.64195 0.922673
1.82808 0.870184
2.00158 0.805308
2.1467 0.728969
2.26342 0.642253
2.34229 0.546394
2.39907 0.442758
2.41169 0.33282
2.40538 0.218143
2.3549 0.100362
2.27604 -0.0188484
2.14039 -0.13779
1.99212 -0.254771
1.80915 -0.368125
1.59779 -0.476238
1.38327 -0.577573
1.13721 -0.670686
0.872218 -0.754251
0.591454 -0.827081
0.31069 -0.888136
0.0236161 -0.93655
-0.266612 -0.971632
-0.553686 -0.992883
-0.82814 -1
-1.09944 -0.992883
-1.3455 -0.971632
-1.56633 -0.93655
-1.77454 -0.888136
-1.96697 -0.827081
-2.11209 -0.754251
-2.25089 -0.670686
-2.35184 -0.577573
-2.4244 -0.476238
-2.47172 -0.368125
-2.46225 -0.254771
-2.44332 -0.13779
-2.396 -0.0188484
-2.2919 0.100362
-2.15625 0.218143
-2.00798 0.33282
-1.82501 0.442758
-1.61996 0.546394
-1.3802 0.642253
-1.14992 0.728969
-0.884925 0.805308
-0.601005 0.870184
-0.329704 0.922673
-0.0394763 0.962028
0.244442 0.987688
0.522052 0.999289
0.802816 0.996666
1.05203 0.979855
1.28863 0.949096
1.5063 0.904827
1.73659 0.847678
1.86278 0.778462
2.01736 0.698165
2.12146 0.60793
2.20348 0.509041
2.2508 0.402906
2.27919 0.291036
2.26342 0.175023
2.22241 0.0565185
2.13723 -0.0627905
2.01105 -0.181206
1.85962 -0.297042
1.68927 -0.408649
1.49053 -0.51444
1.27286 -0.612907
1.0268 -0.70265
0.553599 -0.782391
0.399021 -0.850994
0.238133 -0.907484
-0.00477487 -0.951057
-0.27923 -0.981091
-0.54422 -0.997159
-0.806057 -0.999033
-1.06474 -0.986686
-1.30134 -0.960294
-1.50955 -0.920232
-1.70829 -0.867071
-1.86287 -0.801567
-2.01114 -0.724653
-2.10893 -0.637424
-2.19411 -0.541121
-2.25089 -0.437116
-2.28875 -0.326888
-2.26982 -0.212007
-2.22881 -0.0941083
-2.15625 0.0251301
-2.06477 0.144011
-1.92281 0.260842
-1.75245 0.373959
-1.57264 0.481754
-1.35812 0.58269
-1.13099 0.675333
-0.888078 0.758362
-0.623087 0.830596
-0.351787 0.891007
-0.0773325 0.938734
0.197122 0.973099
0.477886 0.993611
0.73026 0.99998
0.985786 0.992115
1.21608 0.970127
1.43375 0.934329
1.63564 0.885231
1.80284 0.823533
1.95426 0.750111
2.08045 0.666012
2.17509 0.572432
2.22241 0.470704
2.23818 0.362275
2.22872 0.24869
2.19402 0.131564
2.12146 0.012566
2.00789 -0.106611
1.8407 -0.224271
1.67666 -0.338738
1.48107 -0.448383
1.27286 -0.551646
1.0268 -0.647056
0.771269 -0.733255
0.509433 -0.809017
0.21605 -0.873262
-0.0615591 -0.925077
-0.345478 -0.963724
-0.619934 -0.988652
-0.900698 -0.999507
-1.15307 -0.996134
-1.4086 -0.978581
-1.62942 -0.947098
-1.84394 -0.902134
-2.02691 -0.844328
-2.19095 -0.774503
-2.31083 -0.693653
-2.41178 -0.60293
-2.47802 -0.503623
-2.5285 -0.397148
-2.54427 -0.285019
-2.51273 -0.168833
-2.44963 -0.0502443
-2.35815 0.06906
-2.23196 0.187381
-2.09 0.303035
-1.90072 0.414376
-1.68621 0.519817
-1.46538 0.61786
-1.22878 0.707107
-0.957481 0.786288
-0.686181 0.854277
-0.405416 0.910106
-0.124652 0.952979
0.162422 0.982287
0.449495 0.997613
0.714486 0.998737
0.976322 0.985645
1.22238 0.958522
1.44006 0.917755
1.63249 0.863923
1.81231 0.797794
1.96057 0.720309
2.0773 0.63257
2.15932 0.535827
2.20033 0.431456
2.23187 0.320944
2.2161 0.205863
2.17509 0.0878512
2.09307 -0.0314108
1.96688 -0.150226
1.82177 -0.266902
1.65142 -0.379779
1.44637 -0.48725
1.22554 -0.587785
0.995249 -0.679953
0.727104 -0.762443
0.465268 -0.834078
0.178194 -0.893841
-0.105725 -0.940881
-0.386489 -0.974527
-0.657789 -0.994301
-0.941708 -0.999921
-1.19408 -0.991308
-1.44014 -0.968583
-1.65781 -0.932071
-1.85971 -0.882291
-2.02691 -0.819952
-2.17518 -0.745941
-2.28875 -0.661312
-2.38969 -0.567269
-2.44332 -0.465151
-2.48118 -0.356412
-2.48749 -0.242599
-2.44963 -0.125333
-2.37077 -0.00628314
-2.27297 0.112856
-2.13417 0.230389
-1.96382 0.344643
-1.784 0.45399
-1.57895 0.556876
-1.33919 0.651834
-1.09313 0.737513
-0.83445 0.812694
-0.56315 0.876307
-0.276076 0.927445
0.00153333 0.965382
0.291761 0.989576
0.566216 0.999684
0.834363 0.995562
1.0962 0.977268
1.32333 0.945063
1.54101 0.899405
1.72713 0.840945
1.88802 0.770513
