data = [-0.0300135 0.06906
-0.0268588 0.13779
-0.0268588 0.205863
-0.00162135 0.272952
0.0236161 0.338738
0.0740909 0.402906
0.140338 0.465151
0.219205 0.525175
0.298071 0.58269
0.395866 0.637424
0.490505 0.689114
0.604072 0.737513
0.714485 0.782391
0.824898 0.823533
0.925846 0.860742
1.03941 0.893841
1.14036 0.922673
1.24762 0.947098
1.34542 0.967001
1.44006 0.982287
1.52208 0.992883
1.60725 0.998737
1.6735 0.999822
1.73659 0.996134
1.76498 0.987688
1.80284 0.974527
1.82808 0.956712
1.8407 0.934329
1.83123 0.907484
1.81861 0.876307
1.78707 0.840945
1.7429 0.801567
1.69243 0.758362
1.61356 0.711536
1.51892 0.661312
1.41482 0.60793
1.2981 0.551646
1.16245 0.492727
1.02364 0.431456
0.850136 0.368125
0.692403 0.303035
0.496814 0.236499
0.307535 0.168833
0.093019 0.100362
-0.127807 0.0314108
-0.367561 -0.0376902
-0.594696 -0.106611
-0.83445 -0.175023
-1.0742 -0.242599
-1.32342 -0.309017
-1.56948 -0.373959
-1.80924 -0.437116
-2.05215 -0.498185
-2.27928 -0.556876
-2.51588 -0.612907
-2.74617 -0.666012
-2.96384 -0.715936
-3.17836 -0.762443
-3.38341 -0.805308
-3.58531 -0.844328
-3.75251 -0.879316
-3.92601 -0.910106
-4.07428 -0.93655
-4.21624 -0.958522
-4.33612 -0.975917
-4.43076 -0.988652
-4.51278 -0.996666
-4.58534 -0.999921
-4.6295 -0.998402
-4.66736 -0.992115
-4.67682 -0.981091
-4.66105 -0.965382
-4.62635 -0.945063
-4.57903 -0.920232
-4.50962 -0.891007
-4.42129 -0.857527
-4.31719 -0.819952
-4.18785 -0.778462
-4.03327 -0.733255
-3.86292 -0.684547
-3.67364 -0.63257
-3.46543 -0.577573
-3.2383 -0.519817
-3.00801 -0.45958
-2.74302 -0.397148
-2.46225 -0.33282
-2.16571 -0.266902
-1.86602 -0.19971
-1.56002 -0.131564
-1.21301 -0.0627905
-0.884925 0.00628314
-0.534757 0.0753268
-0.162508 0.144011
0.200277 0.212007
0.5883 0.278991
0.94793 0.344643
1.33595 0.408649
1.72082 0.470704
2.09307 0.530511
2.46532 0.587785
2.81548 0.642253
3.15934 0.693653
3.48112 0.741742
3.80605 0.786288
4.12782 0.827081
4.43382 0.863923
4.71143 0.896641
4.97958 0.925077
5.2351 0.949096
5.50009 0.968583
5.6389 0.983445
5.77139 0.993611
5.92913 0.999033
6.06477 0.999684
6.16572 0.995562
6.24144 0.986686
6.2856 0.973099
6.29506 0.954865
6.29506 0.932071
6.2509 0.904827
6.19727 0.873262
6.11525 0.837528
6.01115 0.797794
5.78717 0.754251
5.6736 0.707107
5.51587 0.656586
5.31081 0.60293
5.07421 0.546394
4.80922 0.48725
4.52531 0.425779
4.21615 0.362275
3.90069 0.297042
3.57576 0.230389
3.23821 0.162637
2.88489 0.0941083
2.51895 0.0251301
2.13408 -0.0439681
1.7429 -0.112856
1.34542 -0.181206
0.938465 -0.24869
0.531515 -0.314987
0.118255 -0.379779
-0.29816 -0.442758
-0.701954 -0.503623
-1.11206 -0.562083
-1.50008 -0.61786
-2.14363 -0.670686
-2.3613 -0.720309
-2.61683 -0.766493
-2.94807 -0.809017
-3.28562 -0.847678
-3.63578 -0.882291
-3.92917 -0.912692
-4.22255 -0.938734
-4.50331 -0.960294
-4.75253 -0.977268
-4.99229 -0.989576
-5.2068 -0.997159
-5.40239 -0.99998
-5.56013 -0.998027
-5.70524 -0.991308
-5.81881 -0.979855
-5.90398 -0.963724
-5.96392 -0.942991
-6.0144 -0.917755
-6.03017 -0.888136
-6.02701 -0.854277
-6.00178 -0.816339
-5.94499 -0.774503
-5.86297 -0.728969
-5.76202 -0.679953
-5.62637 -0.627691
-5.46233 -0.572432
-5.26674 -0.51444
-5.04276 -0.45399
-4.81247 -0.391374
-4.56956 -0.326888
-4.30772 -0.260842
-4.02381 -0.193549
-3.73673 -0.125333
-3.40549 -0.0565185
-3.06164 0.012566
-2.72093 0.0815906
-2.35815 0.150226
-1.97959 0.218143
-1.56317 0.285019
-1.16884 0.350534
-0.765047 0.414376
-0.358097 0.476238
0.0520094 0.535827
0.465269 0.592857
0.875372 0.647056
1.27601 0.698165
1.67981 0.745941
2.04575 0.790155
2.43377 0.830596
2.78709 0.867071
3.13726 0.899405
3.47165 0.927445
3.78396 0.951057
4.0805 0.970127
4.34549 0.984564
4.59155 0.994301
4.81869 0.999289
5.01743 0.999507
5.18778 0.994951
5.33921 0.985645
5.45593 0.971632
5.55057 0.952979
5.61682 0.929776
5.65467 0.902134
5.67044 0.870184
5.65152 0.834078
5.61997 0.79399
5.55057 0.750111
5.45908 0.70265
5.34236 0.651834
5.19409 0.597905
5.02058 0.541121
4.81869 0.481754
4.59155 0.420086
4.34549 0.356412
4.08365 0.291036
3.80605 0.224271
3.49374 0.156434
3.18142 0.0878512
2.85965 0.0188484
2.50633 -0.0502443
2.16563 -0.119097
1.80915 -0.187381
1.43375 -0.254771
1.05834 -0.320944
0.673475 -0.385584
0.307536 -0.448383
-0.0773313 -0.509041
-0.471664 -0.567269
-0.856532 -0.622788
-1.23194 -0.675333
-1.60419 -0.724653
-1.96697 -0.770513
-2.31083 -0.812694
-2.64522 -0.850994
-2.97015 -0.885231
-3.28246 -0.915241
-3.57269 -0.940881
-3.8503 -0.962028
-4.10898 -0.978581
-4.35505 -0.990461
-4.57587 -0.997613
-4.77146 -1
-4.9355 -0.997613
-5.09324 -0.990461
-5.24466 -0.978581
-5.32983 -0.962028
-5.4087 -0.940881
-5.46549 -0.915241
-5.50019 -0.885231
-5.5065 -0.850994
-5.49703 -0.812694
-5.46548 -0.770513
-5.40239 -0.724653
-5.32353 -0.675333
-5.21311 -0.622788
-5.08062 -0.567269
-4.92288 -0.509041
-4.74307 -0.448383
-4.54117 -0.385584
-4.31719 -0.320944
-4.07428 -0.254771
-3.83137 -0.187381
-3.55061 -0.119097
-3.22883 -0.0502443
-2.91652 0.0188484
-2.59475 0.0878512
-2.2572 0.156434
-1.90388 0.224271
-1.5474 0.291036
-1.172 0.356412
-0.796593 0.420086
-0.405417 0.481754
-0.0110854 0.541121
0.370628 0.597905
0.758651 0.651834
1.13721 0.70265
1.52839 0.750111
1.89433 0.79399
2.26342 0.834078
2.61043 0.870184
2.94798 0.902134
3.27606 0.929776
3.58522 0.952979
3.86914 0.971632
4.11836 0.985645
4.36757 0.994951
4.59155 0.999507
4.80292 0.999289
4.96696 0.994301
5.10892 0.984564
5.21302 0.970127
5.29819 0.951057
5.37391 0.927445
5.40861 0.899405
5.41176 0.867071
5.4023 0.830596
5.35182 0.790155
5.28557 0.745941
5.10576 0.698165
5.02689 0.647056
4.90702 0.592857
4.73667 0.535827
4.54108 0.476238
4.3171 0.414376
4.06788 0.350534
3.79973 0.285019
3.51582 0.218143
3.21297 0.150226
2.89751 0.0815906
2.58204 0.012566
2.23503 -0.0565185
1.88171 -0.125333
1.53154 -0.193549
1.15929 -0.260842
0.790197 -0.326888
0.424258 -0.391374
0.0425453 -0.45399
-0.329704 -0.51444
-0.70511 -0.572432
-1.07736 -0.627691
-1.44645 -0.679953
-1.79977 -0.728969
-2.13732 -0.774503
-2.47487 -0.816339
-2.79349 -0.854277
-3.10265 -0.888136
-3.39603 -0.917755
-3.66733 -0.942991
-3.93232 -0.963724
-4.16261 -0.979855
-4.39606 -0.991308
-4.59164 -0.998027
-4.77146 -0.99998
-4.93235 -0.997159
-5.06484 -0.989576
-5.19103 -0.977268
-5.2699 -0.960294
-5.33614 -0.938734
-5.37716 -0.912692
-5.39924 -0.882291
-5.38977 -0.847678
-5.37085 -0.809017
-5.31722 -0.766493
-5.24466 -0.720309
-5.15948 -0.670686
-5.03961 -0.61786
-4.88187 -0.562083
-4.72414 -0.503623
-4.53486 -0.442758
-4.33296 -0.379779
-4.09005 -0.314987
-3.84399 -0.24869
-3.57585 -0.181206
-3.30139 -0.112856
-3.0017 -0.0439681
-2.68623 0.0251301
-2.3613 0.0941083
-2.02691 0.162637
-1.68305 0.230389
-1.31396 0.297042
-0.941708 0.362275
-0.563148 0.425779
-0.175126 0.48725
0.203432 0.546394
0.594609 0.60293
0.973168 0.656586
1.35173 0.707107
1.71766 0.754251
2.07099 0.797794
2.42431 0.837528
2.76816 0.873262
3.08994 0.904827
3.3991 0.932071
3.68932 0.954865
3.95431 0.973099
4.213 0.986686
4.44959 0.995562
4.64518 0.999684
4.82815 0.999033
4.99219 0.993611
5.11523 0.983445
5.21302 0.968583
5.29504 0.949096
5.35813 0.925077
5.37391 0.896641
5.37706 0.863923
5.34551 0.827081
5.2982 0.786288
5.21933 0.741742
5.12153 0.693653
4.98904 0.642253
4.82184 0.587785
4.63887 0.530511
4.43066 0.470704
4.19407 0.408649
3.94169 0.344643
3.68301 0.278991
3.38963 0.212007
3.09625 0.144011
2.77763 0.0753268
2.46216 0.00628314
2.10884 -0.0627905
1.76183 -0.131564
1.42113 -0.19971
1.05519 -0.266902
0.686094 -0.33282
0.307536 -0.397148
-0.0710231 -0.45958
-0.440118 -0.519817
-0.802903 -0.577573
-1.17831 -0.63257
-1.54425 -0.684547
-1.87233 -0.733255
-2.20672 -0.778462
-2.53796 -0.819952
-2.84712 -0.857527
-3.1405 -0.891007
-3.42758 -0.920232
-3.69888 -0.945063
-3.9481 -0.965382
-4.17839 -0.981091
-4.38975 -0.992115
-4.57903 -0.998402
-4.74938 -0.999921
-4.89449 -0.996666
-5.01121 -0.988652
-5.11532 -0.975917
-5.19103 -0.958522
-5.24151 -0.93655
-5.27621 -0.910106
-5.27621 -0.879316
-5.26359 -0.844328
-5.2352 -0.805308
-5.16264 -0.762443
-5.07746 -0.715936
