data = [-0.0363205 0.115977
-0.0394752 0.230389
-0.0205483 0.341692
0.00784384 0.448383
0.055164 0.549023
0.137183 0.642253
0.225516 0.726814
0.339083 0.801567
0.471578 0.865501
0.597764 0.917755
0.749188 0.957622
0.897456 0.984564
1.04888 0.998219
1.18137 0.998402
1.31387 0.985109
1.42744 0.958522
1.53785 0.918998
1.61672 0.867071
1.68296 0.803441
1.72713 0.728969
1.73659 0.644657
1.73659 0.551646
1.70505 0.451189
1.64826 0.344643
1.56624 0.233445
1.44952 0.119097
1.30125 0.00314159
1.13405 -0.112856
0.916383 -0.227331
0.689249 -0.338738
0.443185 -0.445573
0.181349 -0.546394
-0.0931047 -0.639841
-0.386489 -0.724653
-0.673562 -0.799685
-0.979564 -0.863923
-1.2761 -0.916502
-1.56633 -0.956712
-1.84709 -0.98401
-2.11839 -0.998027
-2.37392 -0.998574
-2.60737 -0.985645
-2.82819 -0.959412
-3.02063 -0.920232
-3.20991 -0.868632
-3.34556 -0.805308
-3.46859 -0.731116
-3.55376 -0.647056
-3.61055 -0.554263
-3.63578 -0.45399
-3.62947 -0.34759
-3.60108 -0.236499
-3.51275 -0.122216
-3.40865 -0.00628314
-3.26984 0.109734
-3.09318 0.224271
-2.90075 0.33578
-2.66415 0.442758
-2.396 0.54376
-2.1247 0.637424
-1.8187 0.722485
-1.50324 0.797794
-1.172 0.862337
-0.82814 0.915241
-0.487437 0.955793
-0.146734 0.983445
0.193968 0.997825
0.531516 0.998737
0.843827 0.98617
1.14667 0.960294
1.42744 0.921457
1.69874 0.870184
1.93534 0.807166
2.13408 0.733255
2.31074 0.649448
2.45901 0.556876
2.57257 0.456787
2.6546 0.350534
2.70192 0.23955
2.70823 0.125333
2.68614 0.00942464
2.64513 -0.106611
2.5568 -0.221208
2.44954 -0.33282
2.27288 -0.439939
2.12777 -0.541121
1.93849 -0.635
1.72398 -0.720309
1.49368 -0.795896
1.25709 -0.860742
1.00787 -0.913971
0.742877 -0.954865
0.48735 -0.982871
0.238132 -0.997613
-0.0205494 -0.99889
-0.263457 -0.986686
-0.493748 -0.961165
-0.683026 -0.922673
-0.872306 -0.871727
-1.02688 -0.809017
-1.18777 -0.735388
-1.3108 -0.651834
-1.38021 -0.559482
-1.45592 -0.45958
-1.49377 -0.353475
-1.50955 -0.242599
-1.48746 -0.128449
-1.44961 -0.012566
-1.40229 0.103487
-1.29187 0.218143
-1.172 0.329855
-1.0048 0.437116
-0.824986 0.538477
-0.629398 0.63257
-0.414882 0.718126
-0.200364 0.79399
0.0330801 0.859139
0.25706 0.912692
0.493661 0.953927
0.73026 0.982287
1.0268 0.997391
1.16876 0.999033
1.38012 0.987192
1.58517 0.962028
1.76498 0.92388
1.90379 0.873262
2.03629 0.81086
2.12461 0.737513
2.20033 0.654213
2.24134 0.562083
2.26657 0.462368
2.24449 0.356412
2.20979 0.245646
2.14039 0.131564
2.02682 0.0157073
1.89117 -0.100362
1.72082 -0.215076
1.52523 -0.326888
1.31071 -0.434288
1.07411 -0.535827
0.824898 -0.630134
0.563062 -0.715936
0.291761 -0.792077
-0.0615603 -0.857527
-0.266612 -0.911403
-0.531603 -0.952979
-0.806058 -0.981694
-1.06789 -0.997159
-1.32657 -0.999166
-1.57895 -0.987688
-1.80924 -0.96288
-2.02375 -0.925077
-2.20042 -0.874789
-2.3613 -0.812694
-2.48749 -0.739631
-2.58213 -0.656586
-2.64838 -0.564679
-2.6957 -0.465151
-2.69569 -0.359345
-2.67361 -0.24869
-2.62945 -0.134678
-2.54743 -0.0188484
-2.43386 0.0972355
-2.29821 0.212007
-2.11524 0.323917
-1.92912 0.431456
-1.71144 0.533172
-1.48115 0.627691
-1.21932 0.71374
-0.960636 0.790155
-0.683026 0.855906
-0.402262 0.910106
-0.121498 0.952023
0.171885 0.981091
0.449494 0.996917
0.71764 0.999289
0.976321 0.988175
1.20977 0.963724
1.44321 0.926266
1.64195 0.876307
1.8123 0.814521
1.95426 0.741742
2.07099 0.658952
2.15616 0.567269
2.21925 0.46793
2.23818 0.362275
2.23503 0.251732
2.20033 0.13779
2.14039 0.0219894
2.02998 -0.0941083
1.88486 -0.208936
1.73659 -0.320944
1.54731 -0.42862
1.33595 -0.530511
1.12144 -0.625243
0.869063 -0.711536
0.613536 -0.788226
0.354855 -0.854277
0.0804003 -0.9088
-0.18459 -0.951057
-0.46851 -0.980478
-0.727192 -0.996666
-0.982718 -0.999403
-1.22878 -0.988652
-1.45276 -0.964557
-1.63573 -0.927445
-1.83132 -0.877816
-1.98274 -0.816339
-2.11524 -0.743845
-2.21619 -0.661312
-2.2919 -0.569853
-2.31714 -0.470704
-2.35499 -0.365202
-2.33607 -0.254771
-2.28559 -0.140901
-2.20672 -0.0251301
-2.09 0.0909802
-1.96066 0.205863
-1.79977 0.317967
-1.58526 0.425779
-1.36759 0.527846
-1.14045 0.622788
-0.888078 0.709325
-0.626242 0.786288
-0.348633 0.85264
-0.0773325 0.907484
0.209741 0.950081
0.49366 0.979855
0.768115 0.996405
1.02995 0.999507
1.28232 0.989119
1.51892 0.965382
1.73975 0.928615
1.92272 0.879316
2.08676 0.81815
2.22241 0.745941
2.33282 0.663665
2.40222 0.572432
2.44954 0.473473
2.46216 0.368125
2.44323 0.257807
2.39907 0.144011
2.32651 0.0282706
2.20979 -0.0878512
2.04259 -0.202787
1.88171 -0.314987
1.67981 -0.422935
1.45268 -0.525175
1.21923 -0.620327
0.947931 -0.707107
0.670322 -0.784343
0.389558 -0.850994
0.102484 -0.90616
-0.17828 -0.949096
-0.462199 -0.979223
-0.88177 -0.996134
-1.04897 -0.9996
-1.28872 -0.989576
-1.51901 -0.966196
-1.73984 -0.929776
-1.92912 -0.880808
-2.10893 -0.819952
-2.25089 -0.74803
-2.37392 -0.666012
-2.46225 -0.575005
-2.51273 -0.476238
-2.54427 -0.371044
-2.55374 -0.260842
-2.51273 -0.147119
-2.44332 -0.0314108
-2.34553 0.0847213
-2.2225 0.19971
-2.06477 0.312003
-1.86602 0.420086
-1.65466 0.522499
-1.41806 0.61786
-1.17515 0.704882
-0.922781 0.782391
-0.632553 0.84934
-0.354942 0.904827
-0.0773325 0.948102
0.219205 0.978581
0.48735 0.995853
0.771269 0.999684
1.05203 0.990024
1.27917 0.967001
1.51261 0.930928
1.71136 0.882291
1.88486 0.821746
2.04575 0.750111
2.17194 0.668352
2.26342 0.577573
2.3202 0.478998
2.37383 0.373959
2.37699 0.263873
2.34229 0.150226
2.27919 0.0345506
2.18455 -0.0815906
2.03944 -0.196631
1.87855 -0.309017
1.69243 -0.417233
1.47791 -0.519817
1.26024 -0.615386
0.944775 -0.70265
0.75865 -0.78043
0.490505 -0.847678
0.22236 -0.903485
-0.0552497 -0.947098
-0.32655 -0.977929
-0.604159 -0.995562
-0.875459 -0.999758
-1.12783 -0.990461
-1.35497 -0.967797
-1.56633 -0.932071
-1.76192 -0.883766
-1.92596 -0.823533
-2.06792 -0.752185
-2.18149 -0.670686
-2.26666 -0.580134
-2.32029 -0.481754
-2.35815 -0.376871
-2.33291 -0.266902
-2.30767 -0.153331
-2.24458 -0.0376902
-2.14048 0.0784591
-2.03953 0.193549
-1.89441 0.306028
-1.70513 0.414376
-1.49693 0.517131
-1.2761 0.612907
-1.03004 0.700411
-0.774512 0.778462
-0.515829 0.846007
-0.235065 0.902134
0.0393895 0.946085
0.320154 0.977268
0.585144 0.995261
0.859599 0.999822
1.09935 0.990889
1.32649 0.968583
1.53785 0.933205
1.73344 0.885231
1.88802 0.825311
2.02682 0.754251
2.15616 0.673012
2.22872 0.58269
2.28235 0.484504
2.30759 0.379779
2.29812 0.269928
2.25396 0.156434
2.1814 0.0408294
2.0773 -0.0753268
1.91956 -0.190466
1.74921 -0.303035
1.55678 -0.411514
1.32018 -0.51444
1.10251 -0.610422
0.84698 -0.698165
0.58199 -0.776487
0.30438 -0.844328
0.0267708 -0.900774
-0.253993 -0.945063
-0.525293 -0.976597
-0.806058 -0.994951
-1.09629 -0.999877
-1.33288 -0.991308
-1.56948 -0.96936
-1.78715 -0.934329
-1.97959 -0.886688
-2.1531 -0.827081
-2.29505 -0.75631
-2.41178 -0.675333
-2.50326 -0.585241
-2.55058 -0.48725
-2.57582 -0.382683
-2.56951 -0.272952
-2.52535 -0.159537
-2.44332 -0.0439681
-2.34553 0.0721938
-2.21304 0.187381
-2.07107 0.30004
-1.86602 0.408649
-1.65781 0.511743
-1.42752 0.60793
-1.16884 0.695913
-0.919626 0.774503
-0.638862 0.84264
-0.367561 0.899405
-0.0741778 0.944031
0.203432 0.975917
0.48735 0.994631
0.752341 0.999921
1.01102 0.991716
1.25078 0.970127
1.47791 0.935444
1.68296 0.888136
1.84701 0.828842
2.00158 0.758362
2.11515 0.677646
2.2161 0.587785
2.27604 0.489991
2.30127 0.385584
2.29812 0.275973
2.26657 0.162637
2.19402 0.0471065
2.09622 -0.06906
1.96373 -0.184294
1.79653 -0.297042
1.61356 -0.40578
1.39274 -0.509041
1.15614 -0.605433
0.910075 -0.693653
0.654547 -0.772512
0.376938 -0.840945
0.0898643 -0.898028
-0.194054 -0.942991
-0.459045 -0.975227
-0.730346 -0.994301
-1.00165 -0.999956
-1.25086 -0.992115
-1.49062 -0.970884
-1.70198 -0.93655
-1.89126 -0.889576
-2.05846 -0.830596
-2.20042 -0.760406
-2.31714 -0.679953
-2.40547 -0.590324
-2.46856 -0.492727
-2.4938 -0.388481
-2.48433 -0.278991
-2.44017 -0.165736
-2.37708 -0.0502443
-2.26982 0.0659256
-2.13417 0.181206
-1.9859 0.29404
-1.79662 0.402906
-1.57579 0.506335
-1.36128 0.60293
-1.10575 0.691387
-0.853377 0.770513
