data = [-0.0268576 0.0721938
-0.0205483 0.144011
-0.0142389 0.215076
-0.00162019 0.285019
0.0457 0.353475
0.0804015 0.420086
0.149803 0.484504
0.222361 0.546394
0.310691 0.605433
0.399021 0.661312
0.509434 0.71374
0.613538 0.762443
0.72395 0.807166
0.837517 0.847678
0.954241 0.883766
1.05834 0.915241
1.17191 0.94194
1.27917 0.963724
1.3675 0.980478
1.46214 0.992115
1.55047 0.998574
1.62618 0.999822
1.69243 0.995853
1.7429 0.986686
1.78707 0.97237
1.80915 0.952979
1.82808 0.928615
1.83123 0.899405
1.81861 0.865501
1.79338 0.827081
1.75552 0.784343
1.68927 0.737513
1.62618 0.686834
1.52208 0.63257
1.42428 0.575005
1.29494 0.51444
1.16245 0.451189
1.00156 0.385584
0.834363 0.317967
0.667166 0.24869
0.458958 0.178115
0.253905 0.106611
0.0330801 0.0345506
-0.190901 -0.0376902
-0.430654 -0.109734
-0.673562 -0.181206
-0.919625 -0.251732
-1.16884 -0.320944
-1.42752 -0.388481
-1.6799 -0.45399
-1.92596 -0.517131
-2.18149 -0.577573
-2.42755 -0.635
-2.65784 -0.689114
-2.89444 -0.739631
-3.12788 -0.786288
-3.33609 -0.828842
-3.5443 -0.867071
-3.73989 -0.900774
-3.90709 -0.929776
-4.07428 -0.953927
-4.20993 -0.973099
-4.34558 -0.987192
-4.44653 -0.996134
-4.53801 -0.999877
-4.61373 -0.998402
-4.67051 -0.991716
-4.70206 -0.979855
-4.71468 -0.96288
-4.70837 -0.940881
-4.67998 -0.913971
-4.6295 -0.882291
-4.55694 -0.846007
-4.46861 -0.805308
-4.35505 -0.760406
-4.21624 -0.711536
-4.0522 -0.658952
-3.88185 -0.60293
-3.67995 -0.54376
-3.46543 -0.481754
-3.23514 -0.417233
-2.97646 -0.350534
-2.69885 -0.282007
-2.41493 -0.212007
-2.10262 -0.140901
-1.78715 -0.06906
-1.45907 0.00314159
-1.11206 0.0753268
-0.765047 0.147119
-0.395953 0.218143
-0.0079307 0.288029
0.373783 0.356412
0.755496 0.422935
1.14036 0.48725
1.51577 0.549023
1.88802 0.60793
2.24765 0.663665
2.62621 0.715936
2.97637 0.764472
3.33285 0.809017
3.65147 0.84934
3.9764 0.885231
4.29186 0.916502
4.5537 0.942991
4.81238 0.964557
5.06475 0.981091
5.34551 0.992504
5.46224 0.998737
5.63259 0.999758
5.79663 0.995562
5.9102 0.98617
6.00484 0.971632
6.07739 0.952023
6.11525 0.927445
6.1184 0.898028
6.10579 0.863923
6.06162 0.825311
5.9796 0.782391
5.88811 0.735388
5.73354 0.684547
5.52848 0.630134
5.41492 0.572432
5.22564 0.511743
4.98904 0.448383
4.73351 0.382683
4.44644 0.314987
4.12466 0.245646
3.80605 0.175023
3.4685 0.103487
3.12779 0.0314108
2.7587 -0.0408294
2.37699 -0.112856
2.00474 -0.184294
1.60725 -0.254771
1.20977 -0.323917
0.796505 -0.391374
0.395865 -0.456787
-0.0331682 -0.519817
-0.452737 -0.580134
-0.859686 -0.637424
-1.26664 -0.691387
-1.6515 -0.741742
-2.31083 -0.788226
-2.53165 -0.830596
-2.76825 -0.868632
-3.09318 -0.902134
-3.4118 -0.930928
-3.73042 -0.954865
-4.01119 -0.973817
-4.28564 -0.987688
-4.55063 -0.996405
-4.78723 -0.999921
-4.9986 -0.998219
-5.20365 -0.991308
-5.35192 -0.979223
-5.47811 -0.962028
-5.58221 -0.939812
-5.65792 -0.912692
-5.71786 -0.880808
-5.75571 -0.844328
-5.76833 -0.803441
-5.73679 -0.758362
-5.70839 -0.709325
-5.62322 -0.656586
-5.53173 -0.60042
-5.41816 -0.541121
-5.25412 -0.478998
-5.09008 -0.414376
-4.89134 -0.34759
-4.67998 -0.278991
-4.43391 -0.208936
-4.16261 -0.13779
-3.87869 -0.0659256
-3.57585 0.00628314
-3.25722 0.0784591
-2.92283 0.150226
-2.56635 0.221208
-2.19411 0.291036
-1.79662 0.359345
-1.4086 0.425779
-1.01111 0.489991
-0.60416 0.551646
-0.200364 0.610422
0.21605 0.666012
0.623002 0.718126
1.01733 0.766493
1.41166 0.81086
1.80284 0.850994
2.1814 0.886688
2.54418 0.917755
2.87542 0.944031
3.21297 0.965382
3.52844 0.981694
3.80605 0.992883
4.07419 0.99889
4.3171 0.999684
4.54423 0.995261
4.72405 0.985645
4.90387 0.970884
5.03636 0.951057
5.1657 0.926266
5.24772 0.896641
5.30766 0.862337
5.34551 0.823533
5.33605 0.78043
5.30766 0.733255
5.26665 0.682254
5.18463 0.627691
5.07422 0.569853
4.9291 0.509041
4.76506 0.445573
4.56316 0.379779
4.34865 0.312003
4.11836 0.242599
3.85652 0.171929
3.58207 0.100362
3.27606 0.0282706
2.95429 -0.0439681
2.63567 -0.115977
2.29812 -0.187381
1.94164 -0.257807
1.58832 -0.326888
1.22554 -0.394263
0.84698 -0.45958
0.48104 -0.522499
0.093019 -0.58269
-0.288695 -0.639841
-0.664098 -0.693653
-1.03004 -0.743845
-1.39282 -0.790155
-1.76192 -0.832341
-2.10578 -0.870184
-2.43702 -0.903485
-2.74933 -0.932071
-3.05217 -0.955793
-3.32978 -0.974527
-3.60424 -0.988175
-3.8503 -0.996666
-4.0869 -0.999956
-4.29195 -0.998027
-4.47808 -0.990889
-4.63581 -0.978581
-4.77777 -0.961165
-4.88187 -0.938734
-4.97967 -0.911403
-5.04907 -0.879316
-5.08377 -0.84264
-5.10586 -0.801567
-5.09955 -0.75631
-5.068 -0.707107
-5.01121 -0.654213
-4.91973 -0.597905
-4.80616 -0.538477
-4.61057 -0.476238
-4.50331 -0.411514
-4.3235 -0.344643
-4.12476 -0.275973
-3.90709 -0.205863
-3.66733 -0.134678
-3.39918 -0.0627905
-3.12473 0.00942464
-2.82504 0.0815906
-2.51588 0.153331
-2.18149 0.224271
-1.83447 0.29404
-1.48115 0.362275
-1.13414 0.42862
-0.742965 0.492727
-0.348633 0.554263
0.0330801 0.612907
0.402175 0.668352
0.783887 0.720309
1.15929 0.768507
1.52523 0.812694
1.89117 0.85264
2.22872 0.888136
2.58204 0.918998
2.91328 0.945063
3.22874 0.966196
3.50635 0.982287
3.77765 0.993252
4.03318 0.999033
4.27293 0.9996
4.47168 0.994951
4.64203 0.985109
4.80607 0.970127
4.93857 0.950081
5.04582 0.925077
5.10891 0.895246
5.15939 0.860742
5.20671 0.821746
5.19094 0.778462
5.16255 0.731116
5.0963 0.679953
5.00797 0.625243
4.89124 0.567269
4.74298 0.506335
4.57263 0.442758
4.36757 0.376871
4.14675 0.309017
3.7461 0.23955
3.58206 0.168833
3.35178 0.0972355
3.07417 0.0251301
2.75239 -0.0471065
2.42115 -0.119097
2.07729 -0.190466
1.70505 -0.260842
1.34857 -0.329855
0.963703 -0.397148
0.588299 -0.462368
0.206586 -0.525175
-0.175128 -0.585241
-0.556841 -0.642253
-0.92278 -0.695913
-1.29187 -0.745941
-1.64204 -0.792077
-2.00167 -0.834078
-2.34553 -0.871727
-2.67046 -0.904827
-2.967 -0.933205
-3.25407 -0.956712
-3.53168 -0.975227
-3.79036 -0.988652
-4.03012 -0.996917
-4.23832 -0.99998
-4.43076 -0.997825
-4.59795 -0.990461
-4.74622 -0.977929
-4.8661 -0.960294
-4.9702 -0.937647
-5.04592 -0.910106
-5.09324 -0.877816
-5.11216 -0.840945
-5.12163 -0.799685
-5.1027 -0.754251
-5.03961 -0.704882
-4.96389 -0.651834
-4.86926 -0.595384
-4.73676 -0.535827
-4.5948 -0.473473
-4.41183 -0.408649
-4.2194 -0.341692
-3.98911 -0.272952
-3.75566 -0.202787
-3.49382 -0.131564
-3.22252 -0.0596548
-2.9323 0.012566
-2.62629 0.0847213
-2.30136 0.156434
-1.97012 0.227331
-1.61996 0.297042
-1.2761 0.365202
-0.900697 0.431456
-0.522139 0.495459
-0.14358 0.556876
0.244441 0.615386
0.619846 0.670686
1.00156 0.722485
1.37065 0.770513
1.73659 0.814521
2.09307 0.854277
2.44324 0.889576
2.77763 0.920232
3.09625 0.946085
3.39279 0.967001
3.68617 0.982871
3.948 0.993611
4.1846 0.999166
4.40858 0.999507
4.60102 0.994631
4.75875 0.984564
4.90386 0.96936
5.02374 0.949096
5.11838 0.92388
5.18463 0.893841
5.21302 0.859139
5.23195 0.819952
5.2004 0.776487
5.14993 0.728969
5.07421 0.677646
4.97958 0.622788
4.84392 0.564679
4.68619 0.503623
4.50007 0.439939
4.28871 0.373959
4.05526 0.306028
3.79658 0.236499
3.52213 0.165736
3.22874 0.0941083
2.91643 0.0219894
2.57889 -0.0502443
2.24449 -0.122216
1.89433 -0.193549
1.5347 -0.263873
1.17191 -0.33282
0.793352 -0.400029
0.411639 -0.465151
0.0267708 -0.527846
-0.348633 -0.587785
-0.730346 -0.644657
-1.10575 -0.698165
-1.47169 -0.74803
-1.82817 -0.79399
-2.17202 -0.835807
-2.48749 -0.873262
-2.81557 -0.90616
-3.11842 -0.934329
-3.39603 -0.957622
-3.66102 -0.975917
-3.90708 -0.989119
-4.13422 -0.997159
-4.34243 -0.999995
-4.53486 -0.997613
-4.68944 -0.990024
-4.8314 -0.977268
-4.93866 -0.959412
-5.03014 -0.93655
-5.09324 -0.9088
-5.13425 -0.876307
-5.14687 -0.83924
-5.13425 -0.797794
-5.09008 -0.752185
-5.02699 -0.70265
-4.93866 -0.649448
-4.81563 -0.592857
-4.68313 -0.533172
-4.51278 -0.470704
-4.32981 -0.40578
-4.12791 -0.338738
-3.88816 -0.269928
-3.6484 -0.19971
-3.38026 -0.128449
-3.09318 -0.0565185
-2.79664 0.0157073
-2.48433 0.0878512
-2.15625 0.159537
-1.80924 0.230389
-1.4433 0.30004
-1.0742 0.368125
-0.6988 0.434288
-0.313931 0.498185
0.0583176 0.559482
0.44634 0.61786
