data = [-0.0237029 0.0847213
-0.0205483 0.168833
-0.0173936 0.251732
0.00468801 0.33282
0.0393895 0.411514
0.0993284 0.48725
0.159266 0.559482
0.250752 0.627691
0.354855 0.691387
0.458958 0.750111
0.57568 0.803441
0.689249 0.850994
0.815435 0.892428
0.944775 0.927445
1.0615 0.955793
1.19399 0.977268
1.30125 0.991716
1.41166 0.999033
1.51577 0.999166
1.60725 0.992115
1.67666 0.977929
1.74606 0.956712
1.79653 0.928615
1.82492 0.893841
1.84701 0.85264
1.84385 0.805308
1.83439 0.752185
1.79338 0.693653
1.7429 0.630134
1.67035 0.562083
1.57571 0.489991
1.45898 0.414376
1.32018 0.33578
1.17191 0.254771
0.99525 0.171929
0.815435 0.0878512
0.616691 0.00314159
0.380092 -0.0815906
0.146647 -0.165736
-0.0994152 -0.24869
-0.351787 -0.329855
-0.613624 -0.408649
-0.88177 -0.484504
-1.15622 -0.556876
-1.41806 -0.625243
-1.68936 -0.689114
-1.95435 -0.74803
-2.21934 -0.801567
-2.47802 -0.84934
-2.72409 -0.891007
-2.967 -0.926266
-3.19729 -0.954865
-3.4118 -0.976597
-3.58846 -0.991308
-3.77459 -0.99889
-3.93232 -0.999289
-4.07428 -0.992504
-4.19731 -0.978581
-4.29826 -0.957622
-4.37082 -0.929776
-4.4276 -0.895246
-4.45599 -0.854277
-4.44969 -0.807166
-4.43391 -0.754251
-4.39606 -0.695913
-4.31088 -0.63257
-4.22571 -0.564679
-4.09005 -0.492727
-3.94494 -0.417233
-3.76197 -0.338738
-3.56323 -0.257807
-3.33609 -0.175023
-3.09318 -0.0909802
-2.84081 -0.00628314
-2.54743 0.0784591
-2.24143 0.162637
-1.92596 0.245646
-1.57895 0.326888
-1.22563 0.40578
-0.862842 0.481754
-0.490593 0.554263
-0.118343 0.622788
0.266525 0.686834
0.654547 0.745941
1.02995 0.799685
1.41166 0.847678
1.78391 0.889576
2.14354 0.925077
2.49686 0.953927
2.83441 0.975917
3.14988 0.990889
3.44641 0.998737
3.73033 0.999403
3.99217 0.992883
4.2193 0.979223
4.43067 0.958522
4.61994 0.930928
4.7903 0.896641
4.93225 0.855906
5.0332 0.809017
5.09945 0.75631
5.13415 0.698165
5.12784 0.635
5.10892 0.567269
5.07737 0.495459
5.01428 0.420086
4.90071 0.341692
4.75875 0.260842
4.58524 0.178115
4.36442 0.0941083
4.13728 0.00942464
3.87229 -0.0753268
3.59153 -0.159537
3.30761 -0.242599
2.7587 -0.323917
2.57573 -0.402906
2.33282 -0.478998
1.99843 -0.551646
1.61987 -0.620327
1.24131 -0.684547
0.881683 -0.743845
0.49997 -0.797794
0.118256 -0.846007
-0.266611 -0.888136
-0.642015 -0.92388
-1.0048 -0.952979
-1.36443 -0.975227
-1.70198 -0.990461
-2.03322 -0.998574
-2.33291 -0.999507
-2.61052 -0.993252
-2.89444 -0.979855
-3.13104 -0.959412
-3.3424 -0.932071
-3.53168 -0.898028
-3.70519 -0.857527
-3.85977 -0.81086
-3.9828 -0.758362
-4.09952 -0.700411
-4.15315 -0.637424
-4.19731 -0.569853
-4.20047 -0.498185
-4.18469 -0.422935
-4.14368 -0.344643
-4.06482 -0.263873
-3.96702 -0.181206
-3.83453 -0.0972355
-3.6831 -0.012566
-3.51275 0.0721938
-3.31716 0.156434
-3.09949 0.23955
-2.85027 0.320944
-2.58213 0.400029
-2.27613 0.476238
-1.93227 0.549023
-1.69567 0.61786
-1.38336 0.682254
-1.04581 0.741742
-0.70511 0.795896
-0.373871 0.844328
-0.0363228 0.886688
0.288607 0.922673
0.613536 0.952023
0.938466 0.974527
1.25078 0.990024
1.55678 0.998402
1.84385 0.9996
2.11515 0.993611
2.37699 0.980478
2.60728 0.960294
2.82495 0.933205
3.02054 0.899405
3.17511 0.859139
3.32338 0.812694
3.43695 0.760406
3.51582 0.70265
3.58837 0.639841
3.61992 0.572432
3.62938 0.500907
3.61992 0.425779
3.58206 0.34759
3.50635 0.266902
3.4054 0.184294
3.2666 0.100362
3.10887 0.0157073
2.91959 -0.06906
2.70823 -0.153331
2.48425 -0.236499
2.23818 -0.317967
1.97004 -0.397148
1.69558 -0.473473
1.40535 -0.546394
1.09935 -0.615386
0.783888 -0.679953
0.468422 -0.739631
0.146647 -0.79399
-0.175126 -0.84264
-0.512675 -0.885231
-0.83445 -0.921457
-1.14676 -0.951057
-1.45276 -0.973817
-1.74614 -0.989576
-2.03637 -0.998219
-2.29506 -0.999684
-2.54112 -0.993961
-2.76825 -0.981091
-2.98277 -0.961165
-3.17205 -0.934329
-3.3424 -0.900774
-3.48436 -0.860742
-3.60108 -0.814521
-3.68626 -0.762443
-3.76513 -0.704882
-3.81244 -0.642253
-3.83137 -0.575005
-3.82506 -0.503623
-3.79352 -0.42862
-3.73989 -0.350534
-3.65156 -0.269928
-3.53168 -0.187381
-3.38657 -0.103487
-3.23199 -0.0188484
-3.0364 0.0659256
-2.83135 0.150226
-2.60421 0.233445
-2.33922 0.314987
-2.05846 0.394263
-1.78716 0.470704
-1.47485 0.54376
-1.15938 0.612907
-0.834451 0.677646
-0.500057 0.737513
-0.159354 0.792077
0.187658 0.840945
0.522052 0.883766
0.869063 0.920232
1.19715 0.950081
1.52208 0.973099
1.83754 0.989119
2.13723 0.998027
2.418 0.999758
2.6893 0.994301
2.93536 0.981694
3.14988 0.962028
3.35177 0.935444
3.53474 0.902134
3.70825 0.862337
3.8439 0.816339
3.94485 0.764472
4.02056 0.707107
4.06157 0.644657
4.07735 0.577573
4.07104 0.506335
4.04895 0.431456
3.98271 0.353475
3.89122 0.272952
3.7745 0.190466
3.61046 0.106611
3.43695 0.0219894
3.22559 -0.0627905
3.00161 -0.147119
2.76186 -0.230389
2.49687 -0.312003
2.20664 -0.391374
1.90064 -0.46793
1.6041 -0.541121
1.28863 -0.610422
0.957394 -0.675333
0.610382 -0.735388
0.257062 -0.790155
-0.0836407 -0.83924
-0.418034 -0.882291
-0.761892 -0.918998
-1.09944 -0.949096
-1.42437 -0.97237
-1.73984 -0.988652
-2.04584 -0.997825
-2.32976 -0.999822
-2.5979 -0.994631
-2.85343 -0.982287
-3.0711 -0.96288
-3.273 -0.93655
-3.45912 -0.903485
-3.61686 -0.863923
-3.75251 -0.81815
-3.86292 -0.766493
-3.94809 -0.709325
-4.01119 -0.647056
-4.04589 -0.580134
-4.04589 -0.509041
-4.02065 -0.434288
-3.9828 -0.356412
-3.91024 -0.275973
-3.80614 -0.193549
-3.66733 -0.109734
-3.5096 -0.0251301
-3.33925 0.0596548
-3.11842 0.144011
-2.88813 0.227331
-2.60421 0.309017
-2.34238 0.388481
-2.0553 0.465151
-1.75876 0.538477
-1.4433 0.60793
-1.10891 0.673012
-0.768203 0.733255
-0.411726 0.788226
-0.0552497 0.837528
0.405329 0.880808
0.641927 0.917755
0.992094 0.948102
1.32649 0.971632
1.66404 0.988175
1.97635 0.997613
2.27604 0.999877
2.55996 0.994951
2.82495 0.982871
3.07101 0.963724
3.29499 0.937647
3.49689 0.904827
3.68301 0.865501
3.83128 0.819952
3.95747 0.768507
4.05211 0.711536
4.12466 0.649448
4.15621 0.58269
4.17829 0.511743
4.16252 0.437116
4.12151 0.359345
4.04895 0.278991
3.93854 0.196631
3.81551 0.112856
3.642 0.0282706
3.46534 -0.0565185
3.23505 -0.140901
3.00161 -0.224271
2.75555 -0.306028
2.47163 -0.385584
2.19402 -0.462368
1.87855 -0.535827
1.55678 -0.605433
1.23185 -0.670686
0.891146 -0.731116
0.544135 -0.786288
0.197123 -0.835807
-0.153044 -0.879316
-0.490592 -0.916502
-0.840759 -0.947098
-1.172 -0.970884
-1.50008 -0.987688
-1.80924 -0.997391
-2.10893 -0.999921
-2.38969 -0.995261
-2.64838 -0.983445
-2.88813 -0.964557
-3.11211 -0.938734
-3.31401 -0.90616
-3.49067 -0.867071
-3.63578 -0.821746
-3.76197 -0.770513
-3.87869 -0.71374
-3.95756 -0.651834
-4.02381 -0.585241
-4.05535 -0.51444
-4.05535 -0.439939
-4.02696 -0.362275
-3.97964 -0.282007
-3.90709 -0.19971
-3.80298 -0.115977
-3.66418 -0.0314108
-3.50013 0.0533817
-3.32347 0.13779
-3.10896 0.221208
-2.85658 0.303035
-2.60737 0.382683
-2.33607 0.45958
-2.03322 0.533172
-1.73037 0.60293
-1.41175 0.668352
-1.08367 0.728969
-0.749274 0.784343
-0.386489 0.834078
-0.0489404 0.877816
0.301226 0.915241
0.645082 0.946085
0.98263 0.970127
1.32018 0.987192
1.64195 0.997159
1.93849 0.999956
2.23187 0.995562
2.51895 0.98401
2.76816 0.965382
2.99845 0.939812
3.20351 0.907484
3.38332 0.868632
3.53159 0.823533
3.67355 0.772512
3.77765 0.715936
3.85652 0.654213
3.9133 0.587785
3.92592 0.517131
3.93223 0.442758
3.90699 0.365202
3.83759 0.285019
3.74926 0.202787
3.63569 0.119097
3.48112 0.0345506
3.30761 -0.0502443
3.0994 -0.134678
2.87542 -0.218143
2.62621 -0.30004
2.37383 -0.379779
2.09622 -0.456787
1.80284 -0.530511
1.49999 -0.60042
1.19084 -0.666012
0.869064 -0.726814
0.528361 -0.782391
0.190814 -0.832341
-0.162508 -0.876307
-0.487437 -0.913971
-0.818676 -0.945063
-1.13414 -0.96936
-1.45276 -0.986686
-1.76823 -0.996917
-2.0553 -0.99998
-2.32345 -0.995853
-2.57897 -0.984564
-2.82188 -0.966196
-3.03324 -0.940881
-3.22883 -0.9088
-3.40234 -0.870184
-3.55061 -0.825311
-3.67364 -0.774503
-3.7809 -0.718126
-3.86607 -0.656586
-3.9197 -0.590324
-3.95125 -0.519817
-3.9481 -0.445573
-3.92286 -0.368125
-3.85977 -0.288029
-3.79352 -0.205863
