data = [-0.0142389 0.153331
-0.0173936 0.303035
-0.00477603 0.445573
0.0425442 0.577573
0.108792 0.695913
0.206586 0.797794
0.335927 0.880808
0.471577 0.942991
0.635619 0.982871
0.793352 0.999507
0.954239 0.992504
1.11828 0.962028
1.25709 0.9088
1.38958 0.834078
1.49053 0.739631
1.57255 0.627691
1.62618 0.500907
1.6388 0.362275
1.61356 0.215076
1.55993 0.0627905
1.46214 -0.0909802
1.32018 -0.242599
1.13406 -0.388481
0.922693 -0.525175
0.679785 -0.649448
0.411639 -0.758362
0.124566 -0.84934
-0.175126 -0.920232
-0.477973 -0.96936
-0.790284 -0.995562
-1.09313 -0.998219
-1.3802 -0.977268
-1.6452 -0.933205
-1.8881 -0.867071
-2.10578 -0.78043
-2.2919 -0.675333
-2.44332 -0.554263
-2.56636 -0.420086
-2.6326 -0.275973
-2.67361 -0.125333
-2.67046 0.0282706
-2.62629 0.181206
-2.54427 0.329855
-2.40231 0.470704
-2.23196 0.60042
-2.03006 0.715936
-1.81555 0.814521
-1.56317 0.893841
-1.30134 0.952023
-1.01742 0.987688
-0.746119 0.999995
-0.4622 0.988652
-0.18459 0.953927
0.0867097 0.896641
0.323308 0.81815
0.531516 0.720309
0.723949 0.605433
0.875372 0.476238
0.992094 0.33578
1.08043 0.187381
1.11828 0.0345506
1.12459 -0.119097
1.07727 -0.269928
1.00471 -0.414376
0.903765 -0.549023
0.752341 -0.670686
0.591454 -0.776487
0.402175 -0.863923
0.190813 -0.930928
-0.0205494 -0.975917
-0.238221 -0.997825
-0.455892 -0.996134
-0.65779 -0.970884
-0.853378 -0.922673
-1.03004 -0.85264
-1.18146 -0.762443
-1.30449 -0.654213
-1.39598 -0.530511
-1.45907 -0.394263
-1.48746 -0.24869
-1.46854 -0.0972355
-1.41806 0.0565185
-1.33604 0.208936
-1.20039 0.356412
-1.02057 0.495459
-0.831294 0.622788
-0.613623 0.735388
-0.367559 0.830596
-0.112034 0.90616
0.159266 0.960294
0.44003 0.991716
0.714485 0.999684
0.998404 0.98401
1.25393 0.945063
1.49368 0.883766
1.70189 0.801567
1.88486 0.700411
2.03313 0.58269
2.15616 0.451189
2.22872 0.309017
2.25711 0.159537
2.25711 0.00628314
2.21926 -0.147119
2.09938 -0.297042
1.97319 -0.439939
1.79338 -0.572432
1.49053 -0.691387
1.32649 -0.79399
1.08989 -0.877816
0.843826 -0.940881
0.553599 -0.981694
0.266525 -0.999289
-0.0268576 -0.993252
-0.301312 -0.963724
-0.572614 -0.911403
-0.824986 -0.837528
-1.0395 -0.743845
-1.21932 -0.63257
-1.36759 -0.506335
-1.478 -0.368125
-1.59472 -0.221208
-1.62942 -0.06906
-1.63889 0.0847213
-1.60419 0.236499
-1.54109 0.382683
-1.41806 0.519817
-1.26348 0.644657
-1.09313 0.754251
-0.88177 0.846007
-0.660942 0.917755
-0.430653 0.967797
-0.187745 0.994951
0.0646281 0.998574
0.317 0.978581
0.544135 0.935444
0.77127 0.870184
0.963702 0.784343
1.18137 0.679953
1.26971 0.559482
1.39589 0.425779
1.48107 0.282007
1.50315 0.131564
1.49053 -0.0219894
1.4369 -0.175023
1.32964 -0.323917
1.17191 -0.465151
1.00471 -0.595384
0.799661 -0.711536
0.585146 -0.81086
0.342236 -0.891007
0.0867097 -0.950081
-0.178282 -0.986686
-0.443273 -0.999956
-0.708264 -0.989576
-0.960637 -0.955793
-1.20039 -0.899405
-1.41491 -0.821746
-1.60103 -0.724653
-1.76192 -0.610422
-1.8881 -0.481754
-1.97959 -0.341692
-2.01744 -0.193549
-2.03637 -0.0408294
-2.00167 0.112856
-1.93227 0.263873
-1.81239 0.408649
-1.65781 0.54376
-1.48115 0.666012
-1.26664 0.772512
-1.04266 0.860742
-0.793439 0.928615
-0.518984 0.974527
-0.244529 0.997391
0.0330801 0.996666
0.294916 0.97237
0.553598 0.925077
0.793352 0.855906
1.00787 0.766493
1.20661 0.658952
1.35803 0.535827
1.47476 0.400029
1.54416 0.254771
1.58833 0.103487
1.5694 -0.0502443
1.51261 -0.202787
1.43059 -0.350534
1.30756 -0.489991
1.14036 -0.61786
0.951085 -0.731116
0.733413 -0.827081
0.490505 -0.903485
0.234978 -0.958522
-0.0237041 -0.990889
-0.288695 -0.999822
-0.544223 -0.985109
-0.783976 -0.947098
-1.01742 -0.886688
-1.21301 -0.805308
-1.40229 -0.704882
-1.54425 -0.587785
-1.66728 -0.456787
-1.72722 -0.314987
-1.76507 -0.165736
-1.77138 -0.012566
-1.72091 0.140901
-1.63889 0.291036
-1.50955 0.434288
-1.35181 0.567269
-1.16569 0.686834
-0.944862 0.790155
-0.705109 0.874789
-0.443272 0.938734
-0.178281 0.980478
0.093019 0.999033
0.367474 0.993961
0.62931 0.965382
0.881682 0.913971
1.11828 0.840945
1.32649 0.74803
1.49368 0.637424
1.62303 0.511743
1.72397 0.373959
1.79338 0.227331
1.80284 0.0753268
1.79022 -0.0784591
1.71766 -0.230389
1.61987 -0.376871
1.46845 -0.51444
1.28548 -0.639841
1.08673 -0.750111
0.859599 -0.84264
0.610382 -0.915241
0.345391 -0.966196
0.074091 -0.994301
-0.197209 -0.99889
-0.45589 -0.979855
-0.711418 -0.937647
-0.944862 -0.873262
-1.15307 -0.788226
-1.33604 -0.684547
-1.48746 -0.564679
-1.59788 -0.431456
-1.6799 -0.288029
-1.72406 -0.13779
-1.72722 0.0157073
-1.69252 0.168833
-1.62627 0.317967
-1.50954 0.45958
-1.36128 0.590324
-1.18146 0.707107
-0.96379 0.807166
-0.742964 0.888136
-0.487437 0.948102
-0.216137 0.985645
0.146649 0.999877
0.329618 0.990461
0.569372 0.957622
0.809125 0.902134
1.01733 0.825311
1.2003 0.728969
1.37065 0.615386
1.49684 0.48725
1.59779 0.34759
1.64826 0.19971
1.67034 0.0471065
1.64195 -0.106611
1.54731 -0.257807
1.45898 -0.402906
1.30756 -0.538477
1.11513 -0.661312
0.916383 -0.768507
0.670319 -0.857527
0.424257 -0.926266
0.17504 -0.973099
-0.0867965 -0.996917
-0.354942 -0.997159
-0.61047 -0.973817
-0.853378 -0.927445
-1.07736 -0.859139
-1.28557 -0.770513
-1.45592 -0.663665
-1.59472 -0.541121
-1.69252 -0.40578
-1.75876 -0.260842
-1.79031 -0.109734
-1.75245 0.0439681
-1.70829 0.196631
-1.62627 0.344643
-1.48115 0.484504
-1.30765 0.612907
-1.09944 0.726814
-0.881769 0.823533
-0.642015 0.900774
-0.37387 0.956712
-0.118342 0.990024
0.156113 0.999921
0.436877 0.98617
0.878528 0.949096
1.01102 0.889576
1.15929 0.809017
1.35803 0.709325
1.52208 0.592857
1.64826 0.462368
1.72713 0.320944
1.76499 0.171929
1.78076 0.0188484
1.74921 -0.134678
1.66404 -0.285019
1.54731 -0.42862
1.39589 -0.562083
1.20977 -0.682254
1.00156 -0.786288
0.771269 -0.871727
0.515742 -0.93655
0.260216 -0.979223
-0.00477603 -0.998737
-0.279231 -0.994631
-0.531603 -0.967001
-0.771356 -0.916502
-0.989028 -0.844328
-1.18462 -0.752185
-1.36128 -0.642253
-1.48746 -0.517131
-1.58841 -0.379779
-1.6515 -0.233445
-1.67359 -0.0815906
-1.65466 0.0721938
-1.60418 0.224271
-1.50639 0.371044
-1.37074 0.509041
-1.20985 0.635
-1.02057 0.745941
-0.806057 0.83924
-0.566303 0.912692
-0.310778 0.964557
-0.0520962 0.993611
0.216049 0.999166
0.471577 0.981091
0.714485 0.939812
0.94162 0.876307
1.14667 0.792077
1.32333 0.689114
1.46529 0.569853
1.57571 0.437116
1.65773 0.29404
1.68612 0.144011
1.68296 -0.00942464
1.64826 -0.162637
1.54731 -0.312003
1.42113 -0.45399
1.26339 -0.585241
1.06781 -0.70265
0.85329 -0.803441
0.600918 -0.885231
0.342236 -0.946085
0.0804003 -0.984564
-0.197209 -0.999758
-0.455891 -0.991308
-0.705109 -0.959412
-0.935398 -0.904827
-1.15307 -0.828842
-1.33919 -0.733255
-1.49062 -0.620327
-1.61365 -0.492727
-1.70513 -0.353475
-1.75561 -0.205863
-1.77454 -0.0533817
-1.75245 0.100362
-1.69252 0.251732
-1.59787 0.397148
-1.44014 0.533172
-1.25717 0.656586
-1.05843 0.764472
-0.82814 0.854277
-0.578923 0.92388
-0.317087 0.971632
-0.0394763 0.996405
0.22236 0.997613
0.48735 0.975227
0.742877 0.929776
0.966857 0.862337
1.17822 0.774503
1.35488 0.668352
1.50315 0.546394
1.61356 0.411514
1.67981 0.266902
1.71451 0.115977
1.69243 -0.0376902
1.64826 -0.190466
1.55678 -0.338738
1.42744 -0.478998
1.2634 -0.60793
1.06781 -0.722485
0.843827 -0.819952
0.610382 -0.898028
0.3517 -0.954865
0.093019 -0.989119
-0.168817 -0.99998
-0.430653 -0.987192
-0.686181 -0.951057
-0.925934 -0.892428
-1.13099 -0.812694
-1.32027 -0.71374
-1.45907 -0.597905
-1.56948 -0.46793
-1.66412 -0.326888
-1.69882 -0.178115
-1.70513 -0.0251301
-1.67359 0.128449
-1.60734 0.278991
-1.478 0.422935
-1.32658 0.556876
-1.14361 0.677646
-0.935398 0.782391
-0.708264 0.868632
-0.446428 0.934329
-0.18459 0.977929
0.0804003 0.998402
0.345391 0.995261
0.619846 0.968583
0.84698 0.918998
1.08673 0.847678
1.28232 0.75631
1.44952 0.647056
1.58517 0.522499
1.67665 0.385584
1.74606 0.23955
1.76183 0.0878512
1.73975 -0.0659256
1.67665 -0.218143
1.57886 -0.365202
1.44005 -0.503623
1.2697 -0.630134
1.0615 -0.741742
0.837517 -0.835807
0.597763 -0.910106
0.335927 -0.96288
