data = [0.00153449 0.147119
-0.00162019 0.291036
0.014152 0.42862
0.0551629 0.556876
0.134029 0.673012
0.21605 0.774503
0.348545 0.859139
0.481041 0.925077
0.626155 0.970884
0.799661 0.995562
0.957394 0.998574
1.12144 0.979855
1.2634 0.939812
1.4022 0.879316
1.51577 0.799685
1.6041 0.70265
1.66719 0.590324
1.70189 0.465151
1.69243 0.329855
1.66404 0.187381
1.58517 0.0408294
1.48107 -0.106611
1.31071 -0.251732
1.11828 -0.391374
0.897455 -0.522499
0.654547 -0.642253
0.392711 -0.74803
0.0961737 -0.837528
-0.197209 -0.9088
-0.496901 -0.960294
-0.802904 -0.990889
-1.10575 -0.999921
-1.39598 -0.987192
-1.66412 -0.952979
-1.9165 -0.898028
-2.1247 -0.823533
-2.31714 -0.731116
-2.48433 -0.622788
-2.60421 -0.500907
-2.68623 -0.368125
-2.73671 -0.227331
-2.74933 -0.0815906
-2.72409 0.0659256
-2.65153 0.212007
-2.53796 0.353475
-2.38023 0.48725
-2.19726 0.610422
-1.99852 0.720309
-1.75245 0.814521
-1.49377 0.891007
-1.21932 0.948102
-0.932244 0.984564
-0.642015 0.9996
-0.354942 0.992883
-0.0741778 0.964557
0.193968 0.915241
0.449494 0.846007
0.670321 0.758362
0.865908 0.654213
1.03311 0.535827
1.1656 0.40578
1.25078 0.266902
1.31387 0.122216
1.33595 -0.0251301
1.32018 -0.171929
1.26655 -0.314987
1.17822 -0.451189
1.05203 -0.577573
0.90061 -0.691387
0.720795 -0.790155
0.525205 -0.871727
0.316999 -0.934329
0.102482 -0.976597
-0.121498 -0.997613
-0.336014 -0.996917
-0.547376 -0.974527
-0.73981 -0.930928
-0.919625 -0.867071
-1.08682 -0.784343
-1.21616 -0.684547
-1.31396 -0.569853
-1.37074 -0.442758
-1.40229 -0.306028
-1.41491 -0.162637
-1.38336 -0.0157073
-1.30134 0.131564
-1.19723 0.275973
-1.03319 0.414376
-0.862842 0.54376
-0.670408 0.661312
-0.436964 0.764472
-0.197209 0.850994
0.0677816 0.918998
0.342236 0.967001
0.607227 0.993961
0.872218 0.999289
1.12144 0.982871
1.3675 0.945063
1.58517 0.886688
1.79653 0.809017
1.95742 0.71374
2.10884 0.60293
2.20664 0.478998
2.28235 0.344643
2.30443 0.202787
2.2855 0.0565185
2.21295 -0.0909802
2.05521 -0.236499
1.97635 -0.376871
1.8407 -0.509041
1.65142 -0.630134
1.42113 -0.737513
1.16876 -0.828842
0.897455 -0.902134
0.604074 -0.955793
0.294917 -0.988652
0.00153449 -0.999995
-0.288694 -0.989576
-0.572612 -0.957622
-0.837603 -0.904827
-1.08367 -0.832341
-1.28872 -0.741742
-1.54109 -0.635
-1.64204 -0.51444
-1.7493 -0.382683
-1.82817 -0.242599
-1.87233 -0.0972355
-1.86918 0.0502443
-1.84079 0.196631
-1.77138 0.338738
-1.65466 0.473473
-1.49693 0.597905
-1.31396 0.709325
-1.1089 0.805308
-0.872306 0.883766
-0.632551 0.942991
-0.383333 0.981694
-0.112033 0.999033
0.149803 0.994631
0.392711 0.968583
0.629311 0.921457
0.840672 0.854277
1.03942 0.768507
1.19715 0.666012
1.39589 0.549023
1.44952 0.420086
1.5063 0.282007
1.55362 0.13779
1.54101 -0.00942464
1.49368 -0.156434
1.39274 -0.30004
1.25393 -0.437116
1.07727 -0.564679
0.872219 -0.679953
0.657702 -0.78043
0.411639 -0.863923
0.152958 -0.928615
-0.108879 -0.973099
-0.386489 -0.996405
-0.651481 -0.998027
-0.907007 -0.977929
-1.14992 -0.93655
-1.38021 -0.874789
-1.58841 -0.79399
-1.7493 -0.695913
-1.90072 -0.58269
-2.00167 -0.456787
-2.06477 -0.320944
-2.09947 -0.178115
-2.09947 -0.0314108
-2.05215 0.115977
-1.96066 0.260842
-1.82817 0.400029
-1.66728 0.530511
-1.47484 0.649448
-1.26979 0.754251
-1.02057 0.84264
-0.761892 0.912692
-0.487437 0.96288
-0.212983 0.992115
0.0614722 0.999758
0.332773 0.985645
0.597764 0.950081
0.843827 0.893841
1.07096 0.81815
1.26655 0.724653
1.43059 0.615386
1.55362 0.492727
1.6388 0.359345
1.69243 0.218143
1.70505 0.0721938
1.68612 -0.0753268
1.61987 -0.221208
1.51577 -0.362275
1.37696 -0.495459
1.20661 -0.61786
0.995249 -0.726814
0.774423 -0.819952
0.522051 -0.895246
0.260215 -0.951057
0.00784269 -0.98617
-0.257148 -0.999822
-0.52214 -0.991716
-0.765048 -0.962028
-0.998492 -0.911403
-1.19724 -0.840945
-1.38967 -0.752185
-1.53478 -0.647056
-1.65466 -0.527846
-1.72406 -0.397148
-1.77769 -0.257807
-1.79031 -0.112856
-1.75561 0.0345506
-1.68936 0.181206
-1.58841 0.323917
-1.43384 0.45958
-1.26033 0.585241
-1.05528 0.698165
-0.824987 0.795896
-0.582076 0.876307
-0.310776 0.937647
-0.0394763 0.978581
0.225514 0.998219
0.496814 0.996134
0.76496 0.97237
1.00787 0.927445
1.24447 0.862337
1.4369 0.778462
1.6041 0.677646
1.7429 0.562083
1.84701 0.434288
1.90694 0.297042
1.93218 0.153331
1.92272 0.00628314
1.86593 -0.140901
1.77129 -0.285019
1.6388 -0.422935
1.46214 -0.551646
1.26024 -0.668352
1.03311 -0.770513
0.780733 -0.855906
0.512588 -0.922673
0.228669 -0.96936
-0.042631 -0.994951
-0.317086 -0.99889
-0.575767 -0.981091
-0.831295 -0.94194
-1.06789 -0.882291
-1.29503 -0.803441
-1.478 -0.707107
-1.64835 -0.595384
-1.77138 -0.470704
-1.84394 -0.33578
-1.88495 -0.193549
-1.88495 -0.0471065
-1.85971 0.100362
-1.78715 0.245646
-1.70198 0.385584
-1.55056 0.517131
-1.3802 0.637424
-1.19408 0.743845
-0.957481 0.834078
-0.717728 0.90616
-0.452736 0.958522
-0.18459 0.990024
0.083555 0.99998
0.354855 0.988175
0.613536 0.954865
0.859599 0.900774
1.07412 0.827081
1.25709 0.735388
1.4369 0.627691
1.55993 0.506335
1.67035 0.373959
1.7082 0.233445
1.73028 0.0878512
1.69874 -0.0596548
1.64826 -0.205863
1.5347 -0.34759
1.4022 -0.481754
1.22554 -0.605433
1.02995 -0.715936
0.802815 -0.81086
0.537824 -0.888136
0.298071 -0.946085
0.0330801 -0.983445
-0.244529 -0.999403
-0.506365 -0.993611
-0.755584 -0.966196
-0.989028 -0.917755
-1.20039 -0.84934
-1.38967 -0.762443
-1.55687 -0.658952
-1.67674 -0.541121
-1.76823 -0.411514
-1.81555 -0.272952
-1.83447 -0.128449
-1.82501 0.0188484
-1.77454 0.165736
-1.67043 0.309017
-1.52847 0.445573
-1.36443 0.572432
-1.15622 0.686834
-0.948017 0.786288
-0.591541 0.868632
-0.440117 0.932071
-0.203519 0.975227
0.0804003 0.997159
0.345391 0.997391
0.597763 0.975917
0.850135 0.933205
1.0615 0.870184
1.2697 0.788226
1.44637 0.689114
1.59463 0.575005
1.69874 0.448383
1.7776 0.312003
1.81546 0.168833
1.80915 0.0219894
1.77445 -0.125333
1.67035 -0.269928
1.55047 -0.408649
1.38958 -0.538477
1.19715 -0.656586
0.985785 -0.760406
0.736568 -0.847678
0.484196 -0.916502
0.21605 -0.965382
-0.0584056 -0.993252
-0.336015 -0.999507
-0.601006 -0.98401
-0.856532 -0.947098
-1.08367 -0.889576
-1.30134 -0.812694
-1.48746 -0.718126
-1.63573 -0.60793
-1.75876 -0.484504
-1.83763 -0.350534
-1.88179 -0.208936
-1.89757 -0.0627905
-1.87233 0.0847213
-1.79662 0.230389
-1.69567 0.371044
-1.54109 0.503623
-1.37074 0.625243
-1.172 0.733255
-0.948017 0.825311
-0.705109 0.899405
-0.433809 0.953927
-0.175126 0.987688
0.0993284 0.999956
0.364319 0.990461
0.623001 0.959412
0.869063 0.907484
1.08043 0.835807
1.27286 0.745941
1.43059 0.639841
1.56624 0.519817
1.65773 0.388481
1.72082 0.24869
1.73028 0.103487
1.70189 -0.0439681
1.63564 -0.190466
1.53154 -0.33282
1.38958 -0.46793
1.21292 -0.592857
1.01418 -0.704882
0.790197 -0.801567
0.544135 -0.880808
0.288607 -0.940881
0.0141521 -0.980478
-0.266612 -0.998737
-0.531603 -0.995261
-0.790284 -0.970127
-1.0395 -0.92388
-1.26348 -0.857527
-1.45592 -0.772512
-1.62942 -0.670686
-1.76192 -0.554263
-1.86602 -0.425779
-1.93542 -0.288029
-1.95751 -0.144011
-1.95751 0.00314159
-1.88495 0.150226
-1.81239 0.29404
-1.67043 0.431456
-1.5127 0.559482
-1.32973 0.675333
-1.11206 0.776487
-0.878614 0.860742
-0.619933 0.926266
-0.354942 0.971632
-0.0804872 0.995853
0.193968 0.998402
0.462113 0.979223
0.708176 0.938734
0.938466 0.877816
1.15614 0.797794
1.33911 0.700411
1.49369 0.587785
1.6041 0.462368
1.68927 0.326888
1.73659 0.184294
1.73344 0.0376902
1.69874 -0.109734
1.62303 -0.254771
1.50946 -0.394263
1.35803 -0.525175
1.17506 -0.644657
0.966857 -0.750111
0.742877 -0.83924
0.48735 -0.910106
0.234978 -0.961165
-0.0363217 -0.991308
-0.310778 -0.999877
-0.575768 -0.986686
-0.812367 -0.952023
-1.04266 -0.896641
-1.25086 -0.821746
-1.42752 -0.728969
-1.58841 -0.620327
-1.69567 -0.498185
-1.79346 -0.365202
-1.82817 -0.224271
-1.83447 -0.0784591
-1.80608 0.06906
-1.73353 0.215076
-1.63258 0.356412
-1.47484 0.489991
-1.30449 0.612907
-1.1089 0.722485
-0.875459 0.816339
-0.629397 0.892428
-0.367561 0.949096
-0.0962606 0.985109
0.175041 0.999684
0.443186 0.992504
