data = [-0.0142401 0.150226
-0.0110854 0.297042
-0.00793071 0.437116
0.0456977 0.567269
0.102483 0.684547
0.200277 0.786288
0.326462 0.870184
0.465268 0.934329
0.616691 0.977268
0.787043 0.998027
0.951085 0.996134
1.12775 0.971632
1.2634 0.925077
1.38327 0.857527
1.49999 0.770513
1.58202 0.666012
1.62933 0.546394
1.65457 0.414376
1.6388 0.272952
1.60094 0.125333
1.51892 -0.0251301
1.39905 -0.175023
1.22238 -0.320944
1.02364 -0.45958
0.796507 -0.587785
0.54098 -0.70265
0.266525 -0.801567
-0.0268576 -0.882291
-0.326551 -0.942991
-0.632553 -0.982287
-0.932245 -0.999289
-1.23194 -0.993611
-1.50324 -0.965382
-1.75561 -0.915241
-2.00167 -0.844328
-2.20357 -0.754251
-2.37392 -0.647056
-2.51273 -0.525175
-2.60737 -0.391374
-2.67046 -0.24869
-2.68939 -0.100362
-2.67361 0.0502443
-2.61052 0.19971
-2.50957 0.344643
-2.35815 0.481754
-2.18464 0.60793
-1.97644 0.720309
-1.75245 0.816339
-1.50008 0.893841
-1.22563 0.951057
-0.948017 0.986686
-0.660943 0.999921
-0.37387 0.990461
-0.0962606 0.958522
0.16873 0.904827
0.417949 0.830596
0.632464 0.737513
0.834363 0.627691
0.99525 0.503623
1.12459 0.368125
1.21292 0.224271
1.26655 0.0753268
1.26971 -0.0753268
1.235 -0.224271
1.18137 -0.368125
1.07412 -0.503623
0.94793 -0.627691
0.777579 -0.737513
0.597764 -0.830596
0.405329 -0.904827
0.181349 -0.958522
-0.0300135 -0.990461
-0.260303 -0.999921
-0.471664 -0.986686
-0.670408 -0.951057
-0.850223 -0.893841
-1.01111 -0.816339
-1.16569 -0.720309
-1.28872 -0.60793
-1.36443 -0.481754
-1.39598 -0.344643
-1.41491 -0.19971
-1.39282 -0.0502443
-1.32027 0.100362
-1.22563 0.24869
-1.08051 0.391374
-0.907006 0.525175
-0.717728 0.647056
-0.481128 0.754251
-0.244529 0.844328
0.0173067 0.915241
0.285452 0.965382
0.556753 0.993611
0.837517 0.999289
1.10251 0.982287
1.34226 0.942991
1.57255 0.882291
1.78391 0.801567
1.96688 0.70265
2.10569 0.587785
2.21295 0.45958
2.28866 0.320944
2.31389 0.175023
2.29181 0.0251301
2.24765 -0.125333
2.13092 -0.272952
1.93849 -0.414376
1.82492 -0.546394
1.64511 -0.666012
1.41482 -0.770513
1.15929 -0.857527
0.887991 -0.925077
0.600918 -0.971632
0.298072 -0.996134
-0.0205483 -0.998027
-0.291848 -0.977268
-0.534757 -0.934329
-0.787129 -0.870184
-1.01742 -0.786288
-1.22878 -0.684547
-1.41175 -0.567269
-1.56002 -0.437116
-1.66412 -0.297042
-1.73037 -0.150226
-1.75245 -3.27092e-14
-1.73037 0.150226
-1.67043 0.297042
-1.45907 0.437116
-1.36443 0.567269
-1.26348 0.684547
-1.08367 0.786288
-0.875459 0.870184
-0.657788 0.934329
-0.424344 0.977268
-0.171973 0.998027
0.083555 0.996134
0.335927 0.971632
0.572526 0.925077
0.79966 0.857527
0.985785 0.770513
1.15614 0.666012
1.2981 0.546394
1.39904 0.414376
1.46214 0.272952
1.48422 0.125333
1.45267 -0.0251301
1.41166 -0.175023
1.31071 -0.320944
1.11513 -0.45958
1.01102 -0.587785
0.846982 -0.70265
0.635619 -0.801567
0.389556 -0.882291
0.130875 -0.942991
-0.14358 -0.982287
-0.427498 -0.999289
-0.698798 -0.993611
-0.960637 -0.965382
-1.19724 -0.915241
-1.41806 -0.844328
-1.60419 -0.754251
-1.77138 -0.647056
-1.89757 -0.525175
-1.99221 -0.391374
-2.04584 -0.24869
-2.07107 -0.100362
-2.05215 0.0502443
-1.98905 0.19971
-1.88495 0.344643
-1.73984 0.481754
-1.57579 0.60793
-1.3802 0.720309
-1.15307 0.816339
-0.897543 0.893841
-0.629397 0.951057
-0.358097 0.986686
-0.0804872 0.999921
0.187658 0.990461
0.455804 0.958522
0.705021 0.904827
0.94162 0.830596
1.14036 0.737513
1.30756 0.627691
1.44321 0.503623
1.53154 0.368125
1.60094 0.224271
1.61672 0.0753268
1.59463 -0.0753268
1.53154 -0.224271
1.41797 -0.368125
1.27601 -0.503623
1.10566 -0.627691
0.906919 -0.737513
0.686094 -0.830596
0.443185 -0.904827
0.187658 -0.958522
-0.0804872 -0.990461
-0.348633 -0.999921
-0.607314 -0.986686
-0.843915 -0.951057
-1.08367 -0.893841
-1.29819 -0.816339
-1.46538 -0.720309
-1.61996 -0.60793
-1.72722 -0.481754
-1.79662 -0.344643
-1.84079 -0.19971
-1.84079 -0.0502443
-1.80608 0.100362
-1.72722 0.24869
-1.6168 0.391374
-1.44961 0.525175
-1.26664 0.647056
-1.05212 0.754251
-0.815522 0.844328
-0.566304 0.915241
-0.307622 0.965382
-0.0205483 0.993611
0.247597 0.999289
0.515743 0.982287
0.780733 0.942991
1.01102 0.882291
1.23816 0.801567
1.4022 0.70265
1.56624 0.587785
1.68296 0.45958
1.77129 0.320944
1.8123 0.175023
1.80915 0.0251301
1.77445 -0.125333
1.68927 -0.272952
1.57255 -0.414376
1.40851 -0.546394
1.22554 -0.666012
1.00471 -0.770513
0.755496 -0.857527
0.49366 -0.925077
0.231824 -0.971632
-0.0457857 -0.996134
-0.317086 -0.998027
-0.588387 -0.977268
-0.843914 -0.934329
-1.0742 -0.870184
-1.28241 -0.786288
-1.45907 -0.684547
-1.60734 -0.567269
-1.72722 -0.437116
-1.79346 -0.297042
-1.84078 -0.150226
-1.84078 -1.50684e-13
-1.80924 0.150226
-1.73037 0.297042
-1.60419 0.437116
-1.4433 0.567269
-1.26664 0.684547
-1.05212 0.786288
-0.840759 0.870184
-0.585232 0.934329
-0.317086 0.977268
-0.0615591 0.998027
0.21605 0.996134
0.484196 0.971632
0.720794 0.925077
0.935311 0.857527
1.14036 0.770513
1.30756 0.666012
1.44637 0.546394
1.55362 0.414376
1.62303 0.272952
1.66719 0.125333
1.6388 -0.0251301
1.60094 -0.175023
1.51261 -0.320944
1.38327 -0.45958
1.22238 -0.587785
1.0268 -0.70265
0.80597 -0.801567
0.563062 -0.882291
0.316999 -0.942991
0.052007 -0.982287
-0.228757 -0.999289
-0.500057 -0.993611
-0.755584 -0.965382
-0.982718 -0.915241
-1.19408 -0.844328
-1.38652 -0.754251
-1.55056 -0.647056
-1.68305 -0.525175
-1.78716 -0.391374
-1.83447 -0.24869
-1.86287 -0.100362
-1.84394 0.0502443
-1.79347 0.19971
-1.69252 0.344643
-1.52216 0.481754
-1.35497 0.60793
-1.16253 0.720309
-0.932244 0.816339
-0.695645 0.893841
-0.440118 0.951057
-0.175126 0.986686
0.102483 0.999921
0.370628 0.990461
0.648238 0.958522
0.951085 0.904827
1.11513 0.830596
1.32333 0.737513
1.48738 0.627691
1.62303 0.503623
1.72397 0.368125
1.76814 0.224271
1.7776 0.0753268
1.74921 -0.0753268
1.67035 -0.224271
1.56624 -0.368125
1.42113 -0.503623
1.24762 -0.627691
1.04257 -0.737513
0.815434 -0.830596
0.57568 -0.904827
0.31069 -0.958522
0.0393895 -0.990461
-0.219292 -0.999921
-0.487438 -0.986686
-0.736656 -0.951057
-0.979564 -0.893841
-1.18777 -0.816339
-1.38021 -0.720309
-1.53478 -0.60793
-1.65782 -0.481754
-1.73037 -0.344643
-1.77454 -0.19971
-1.79977 -0.0502443
-1.77454 0.100362
-1.71144 0.24869
-1.60734 0.391374
-1.45907 0.525175
-1.28872 0.647056
-1.08682 0.754251
-0.859687 0.844328
-0.610469 0.915241
-0.351787 0.965382
-0.0867965 0.993611
0.178194 0.999289
0.44634 0.982287
0.698712 0.942991
0.932158 0.882291
1.14352 0.801567
1.32333 0.70265
1.46845 0.587785
1.57886 0.45958
1.66088 0.320944
1.70189 0.175023
1.7082 0.0251301
1.66404 -0.125333
1.57886 -0.272952
1.45898 -0.414376
1.31072 -0.546394
1.12459 -0.666012
0.906919 -0.770513
0.670319 -0.857527
0.424257 -0.925077
0.146647 -0.971632
-0.118343 -0.996134
-0.392798 -0.998027
-0.654634 -0.977268
-0.894389 -0.934329
-1.12468 -0.870184
-1.32027 -0.786288
-1.49693 -0.684547
-1.63258 -0.567269
-1.73984 -0.437116
-1.80293 -0.297042
-1.83447 -0.150226
-1.83447 6.17445e-14
-1.79662 0.150226
-1.71144 0.297042
-1.58841 0.437116
-1.42437 0.567269
-1.23825 0.684547
-1.03635 0.786288
-0.796594 0.870184
-0.547375 0.934329
-0.295003 0.977268
-0.0268576 0.998027
0.247597 0.996134
0.515741 0.971632
0.755495 0.925077
0.98263 0.857527
1.18453 0.770513
1.36434 0.666012
1.5063 0.546394
1.6041 0.414376
1.67666 0.272952
1.7082 0.125333
1.68927 -0.0251301
1.64826 -0.175023
1.53154 -0.320944
1.4022 -0.45958
1.24447 -0.587785
1.04572 -0.70265
0.828052 -0.801567
0.58199 -0.882291
0.342236 -0.942991
0.0709363 -0.982287
-0.206673 -0.999289
-0.471665 -0.993611
-0.717728 -0.965382
-0.954326 -0.915241
-1.16253 -0.844328
-1.35812 -0.754251
-1.53163 -0.647056
-1.6515 -0.525175
-1.74614 -0.391374
-1.80293 -0.24869
-1.82186 -0.100362
-1.80293 0.0502443
-1.73984 0.19971
-1.64204 0.344643
-1.49377 0.481754
-1.31711 0.60793
-1.12152 0.720309
-0.894387 0.816339
-0.654634 0.893841
-0.395952 0.951057
-0.121497 0.986686
0.146649 0.999921
0.417949 0.990461
0.679784 0.958522
0.916382 0.904827
1.14036 0.830596
1.33595 0.737513
1.49999 0.627691
1.63249 0.503623
1.71451 0.368125
1.77129 0.224271
