data = [-0.0331681 0.128449
-0.0489404 0.254771
-0.033167 0.376871
0.00784153 0.492727
0.0456988 0.60042
0.134029 0.698165
0.231824 0.784343
0.3517 0.857527
0.503123 0.916502
0.654546 0.960294
0.81228 0.988175
0.976322 0.999684
1.13721 0.994631
1.28232 0.973099
1.39905 0.935444
1.51261 0.882291
1.59779 0.814521
1.66404 0.733255
1.70505 0.639841
1.72397 0.535827
1.69874 0.422935
1.66404 0.303035
1.59779 0.178115
1.49368 0.0502443
1.35803 -0.0784591
1.16876 -0.205863
0.976322 -0.329855
0.746032 -0.448383
0.490505 -0.559482
0.225514 -0.661312
-0.0615602 -0.752185
-0.364407 -0.830596
-0.654635 -0.895246
-0.954328 -0.945063
-1.24455 -0.979223
-1.52216 -0.997159
-1.80608 -0.998574
-2.06792 -0.983445
-2.30452 -0.952023
-2.52535 -0.904827
-2.72724 -0.84264
-2.88498 -0.766493
-3.01432 -0.677646
-3.09949 -0.577573
-3.17836 -0.46793
-3.21621 -0.350534
-3.22568 -0.227331
-3.18467 -0.100362
-3.1058 0.0282706
-2.99854 0.156434
-2.85028 0.282007
-2.67046 0.402906
-2.46541 0.517131
-2.22881 0.622788
-1.97644 0.718126
-1.70829 0.801567
-1.39913 0.871727
-1.09944 0.927445
-0.790285 0.967797
-0.46851 0.992115
-0.156199 0.999995
0.156111 0.991308
0.449494 0.966196
0.746032 0.925077
1.00787 0.868632
1.24131 0.797794
1.45267 0.71374
1.62934 0.61786
1.79022 0.511743
1.90694 0.397148
1.97635 0.275973
2.02682 0.150226
2.03629 0.0219894
2.01105 -0.106611
1.9448 -0.233445
1.85962 -0.356412
1.73659 -0.473473
1.58201 -0.58269
1.40851 -0.682254
1.20977 -0.770513
0.998405 -0.846007
0.774425 -0.907484
0.547289 -0.953927
0.304381 -0.984564
0.0740921 -0.99889
-0.162508 -0.996666
-0.377025 -0.977929
-0.588387 -0.942991
-0.774512 -0.892428
-0.935399 -0.827081
-1.07736 -0.74803
-1.20354 -0.656586
-1.29188 -0.554263
-1.3455 -0.442758
-1.38336 -0.323917
-1.38652 -0.19971
-1.36759 -0.0721938
-1.29187 0.0565185
-1.20039 0.184294
-1.05843 0.309017
-0.910161 0.42862
-0.736655 0.541121
-0.518984 0.644657
-0.304467 0.737513
-0.0647138 0.81815
0.162421 0.885231
0.588299 0.937647
0.749186 0.974527
0.894302 0.995261
1.12144 0.999507
1.34857 0.987192
1.5694 0.958522
1.77129 0.913971
1.93534 0.854277
2.08991 0.78043
2.19086 0.693653
2.2855 0.595384
2.32967 0.48725
2.34859 0.371044
2.32651 0.24869
2.26657 0.122216
2.15932 -0.00628314
2.08676 -0.134678
1.96688 -0.260842
1.77445 -0.382683
1.56309 -0.498185
1.32333 -0.605433
1.05834 -0.70265
0.771269 -0.788226
0.474732 -0.860742
0.187659 -0.918998
-0.118343 -0.962028
-0.418035 -0.989119
-0.717728 -0.999822
-1.00165 -0.993961
-1.28241 -0.971632
-1.50639 -0.933205
-1.73037 -0.879316
-1.93227 -0.81086
-2.10578 -0.728969
-2.24458 -0.635
-2.35184 -0.530511
-2.40862 -0.417233
-2.44017 -0.297042
-2.44017 -0.171929
-2.41178 -0.0439681
-2.35184 0.0847213
-2.24143 0.212007
-2.11208 0.33578
-1.92912 0.45399
-1.73353 0.564679
-1.50639 0.666012
-1.25717 0.75631
-1.00796 0.834078
-0.733501 0.898028
-0.449582 0.947098
-0.165662 0.980478
0.118256 0.997613
0.40533 0.998219
0.673475 0.982287
0.929002 0.950081
1.15298 0.902134
1.35488 0.83924
1.52839 0.762443
1.68612 0.673012
1.79653 0.572432
1.88171 0.462368
1.93534 0.344643
1.93534 0.221208
1.92587 0.0941083
1.87855 -0.0345506
1.76498 -0.162637
1.65142 -0.288029
1.49999 -0.408649
1.30441 -0.522499
1.10251 -0.627691
0.875372 -0.722485
0.632463 -0.805308
0.370627 -0.874789
0.108791 -0.929776
-0.162509 -0.96936
-0.436962 -0.992883
-0.695645 -0.999956
-0.948017 -0.990461
-1.18462 -0.964557
-1.39913 -0.922673
-1.60419 -0.865501
-1.77454 -0.79399
-1.92596 -0.709325
-2.03322 -0.612907
-2.11524 -0.506335
-2.16571 -0.391374
-2.19411 -0.269928
-2.17833 -0.144011
-2.13417 -0.0157073
-2.04584 0.112856
-1.93858 0.23955
-1.77138 0.362275
-1.59788 0.478998
-1.39282 0.587785
-1.15622 0.686834
-0.913317 0.774503
-0.651479 0.84934
-0.389643 0.910106
-0.0962606 0.955793
0.178194 0.985645
0.458958 0.999166
0.727104 0.996134
0.992094 0.976597
1.22869 0.940881
1.44321 0.889576
1.65142 0.823533
1.82492 0.743845
1.96373 0.651834
2.07729 0.549023
2.15616 0.437116
2.19402 0.317967
2.19402 0.193549
2.17824 0.0659256
2.11831 -0.0627905
2.01105 -0.190466
1.8754 -0.314987
1.71451 -0.434288
1.51892 -0.546394
1.30441 -0.649448
1.06781 -0.741742
0.815435 -0.821746
0.544135 -0.888136
0.275989 -0.939812
-0.00477487 -0.975917
-0.272921 -0.995853
-0.559995 -0.999289
-0.815522 -0.98617
-1.04897 -0.956712
-1.26664 -0.911403
-1.47169 -0.850994
-1.6452 -0.776487
-1.784 -0.689114
-1.9165 -0.590324
-1.99221 -0.481754
-2.04584 -0.365202
-2.07738 -0.242599
-2.05846 -0.115977
-2.01429 0.012566
-1.92912 0.140901
-1.82501 0.266902
-1.67043 0.388481
-1.50008 0.503623
-1.29818 0.610422
-1.08051 0.707107
-0.853377 0.792077
-0.588386 0.863923
-0.323396 0.921457
-0.0457869 0.963724
0.231823 0.990024
0.499968 0.999921
0.749185 0.993252
0.985786 0.970127
1.20977 0.930928
1.39905 0.876307
1.57886 0.807166
1.73028 0.724653
1.85016 0.630134
1.93849 0.525175
1.98897 0.411514
2.02367 0.291036
2.0142 0.165736
1.97635 0.0376902
1.89748 -0.0909802
1.78076 -0.218143
1.59779 -0.341692
1.43375 -0.45958
1.23816 -0.569853
1.02995 -0.670686
0.793352 -0.760406
0.525207 -0.837528
0.25706 -0.900774
-0.0173947 -0.949096
-0.295004 -0.981694
-0.566304 -0.998027
-0.837604 -0.997825
-1.08998 -0.981091
-1.3108 -0.948102
-1.51585 -0.899405
-1.70198 -0.835807
-1.8534 -0.758362
-1.9859 -0.668352
-2.07423 -0.567269
-2.12786 -0.456787
-2.16571 -0.338738
-2.18149 -0.215076
-2.14994 -0.0878512
-2.08685 0.0408294
-1.98274 0.168833
-1.8534 0.29404
-1.6799 0.414376
-1.48431 0.527846
-1.27926 0.63257
-0.966945 0.726814
-0.783975 0.809017
-0.534757 0.877816
-0.250839 0.932071
0.0267708 0.970884
0.298071 0.993611
0.563063 0.999877
0.824899 0.989576
1.07727 0.96288
1.29494 0.920232
1.49368 0.862337
1.67666 0.790155
1.83754 0.704882
1.96057 0.60793
2.05206 0.500907
2.11515 0.385584
2.13723 0.263873
2.12461 0.13779
2.07099 0.00942464
1.99212 -0.119097
1.85647 -0.245646
1.69874 -0.368125
1.51892 -0.484504
1.30756 -0.592857
1.08358 -0.691387
0.831207 -0.778462
0.572526 -0.85264
0.30438 -0.912692
0.0267708 -0.957622
-0.244529 -0.986686
-0.518984 -0.999403
-0.783975 -0.995562
-1.0395 -0.975227
-1.26033 -0.938734
-1.47169 -0.886688
-1.66097 -0.819952
-1.81555 -0.739631
-1.9512 -0.647056
-2.05215 -0.54376
-2.11524 -0.431456
-2.15625 -0.312003
-2.16887 -0.187381
-2.13101 -0.0596548
-2.07107 0.06906
-1.97012 0.196631
-1.83132 0.320944
-1.67043 0.439939
-1.478 0.551646
-1.2761 0.654213
-1.04266 0.745941
-0.793439 0.825311
-0.541067 0.891007
-0.269766 0.94194
0.00468917 0.977268
0.282299 0.996405
0.54098 0.999033
0.799661 0.985109
1.04257 0.954865
1.25709 0.9088
1.44952 0.847678
1.62303 0.772512
1.74921 0.684547
1.85647 0.585241
1.93849 0.476238
1.9795 0.359345
1.99528 0.236499
1.97004 0.109734
1.91641 -0.0188484
1.81861 -0.147119
1.68296 -0.272952
1.52523 -0.394263
1.34226 -0.509041
1.1309 -0.615386
0.897455 -0.711536
0.651393 -0.795896
0.392711 -0.867071
0.121411 -0.92388
-0.153044 -0.965382
-0.42119 -0.990889
-0.686181 -0.99998
-0.941708 -0.992504
-1.19093 -0.968583
-1.4086 -0.928615
-1.60734 -0.873262
-1.79031 -0.803441
-1.93227 -0.720309
-2.04899 -0.625243
-2.14048 -0.519817
-2.19095 -0.40578
-2.21934 -0.285019
-2.20672 -0.159537
-2.17518 -0.0314108
-2.09947 0.0972355
-1.98905 0.224271
-1.85025 0.34759
-1.67043 0.465151
-1.48746 0.575005
-1.26348 0.675333
-1.02373 0.764472
-0.771356 0.840945
-0.503211 0.903485
-0.225601 0.951057
0.0330813 0.982871
0.310691 0.998402
0.578836 0.997391
0.834363 0.979855
1.06781 0.946085
1.28232 0.896641
1.47791 0.832341
1.64826 0.754251
1.78076 0.663665
1.88486 0.562083
1.96373 0.451189
1.99527 0.33282
1.99843 0.208936
1.98266 0.0815906
1.91641 -0.0471065
1.806 -0.175023
1.68296 -0.30004
1.51892 -0.420086
1.32018 -0.533172
1.10566 -0.637424
0.872218 -0.731116
0.632465 -0.812694
0.364319 -0.880808
0.0993284 -0.934329
-0.165663 -0.97237
-0.440118 -0.994301
-0.695645 -0.999758
-0.944862 -0.988652
-1.18146 -0.961165
-1.39282 -0.917755
-1.59157 -0.859139
-1.75876 -0.786288
-1.91334 -0.700411
-2.01745 -0.60293
-2.09631 -0.495459
-2.14679 -0.379779
-2.16571 -0.257807
-2.14679 -0.131564
