data = [-0.0142401 0.125333
-0.0110854 0.24869
0.00153333 0.368125
0.0488524 0.481754
0.0961725 0.587785
0.181348 0.684547
0.275988 0.770513
0.399019 0.844328
0.531515 0.904827
0.686093 0.951057
0.840671 0.982287
0.992094 0.998027
1.13721 0.998027
1.28863 0.982287
1.42113 0.951057
1.53469 0.904827
1.63564 0.844328
1.70189 0.770513
1.73028 0.684547
1.76814 0.587785
1.76183 0.481754
1.73028 0.368125
1.6735 0.24869
1.57255 0.125333
1.44006 5.66554e-16
1.27286 -0.125333
1.08358 -0.24869
0.869064 -0.368125
0.635618 -0.481754
0.367473 -0.587785
0.0961725 -0.684547
-0.181437 -0.770513
-0.47482 -0.844328
-0.771357 -0.904827
-1.06789 -0.951057
-1.36128 -0.982287
-1.64835 -0.998027
-1.91965 -0.998027
-2.17833 -0.982287
-2.41178 -0.951057
-2.62314 -0.904827
-2.81557 -0.844328
-2.97015 -0.770513
-3.09318 -0.684547
-3.19729 -0.587785
-3.25407 -0.481754
-3.28562 -0.368125
-3.28877 -0.24869
-3.24776 -0.125333
-3.17521 -2.44929e-16
-3.0711 0.125333
-2.92914 0.24869
-2.74302 0.368125
-2.54427 0.481754
-2.31714 0.587785
-2.06792 0.684547
-1.79031 0.770513
-1.48746 0.844328
-1.18146 0.904827
-0.862842 0.951057
-0.537912 0.982287
-0.219292 0.998027
0.0961737 0.998027
0.402175 0.982287
0.698712 0.951057
0.973167 0.904827
1.235 0.844328
1.45583 0.770513
1.65773 0.684547
1.81861 0.587785
1.95742 0.481754
2.06783 0.368125
2.13092 0.24869
2.15932 0.125333
2.17194 -8.51439e-15
2.14354 -0.125333
2.06783 -0.24869
1.96688 -0.368125
1.84385 -0.481754
1.68296 -0.587785
1.50315 -0.684547
1.30441 -0.770513
1.09305 -0.844328
0.869064 -0.904827
0.638774 -0.951057
0.399021 -0.982287
0.165575 -0.998027
-0.074179 -0.998027
-0.288695 -0.982287
-0.487438 -0.951057
-0.689336 -0.904827
-0.859687 -0.844328
-1.02057 -0.770513
-1.13414 -0.684547
-1.23825 -0.587785
-1.30449 -0.481754
-1.35497 -0.368125
-1.36443 -0.24869
-1.3455 -0.125333
-1.28556 -5.81893e-15
-1.2067 0.125333
-1.08682 0.24869
-0.938553 0.368125
-0.793439 0.481754
-0.594695 0.587785
-0.392798 0.684547
-0.168817 0.770513
0.0646269 0.844328
0.288607 0.904827
0.537824 0.951057
0.793353 0.982287
1.0268 0.998027
1.26024 0.998027
1.48107 0.982287
1.68296 0.951057
1.86909 0.904827
2.03313 0.844328
2.16563 0.770513
2.26973 0.684547
2.33913 0.587785
2.35806 0.481754
2.36121 0.368125
2.34859 0.24869
2.30758 0.125333
2.22241 2.54813e-14
2.09622 -0.125333
1.93534 -0.24869
1.73028 -0.368125
1.50315 -0.481754
1.26024 -0.587785
1.00156 -0.684547
0.720796 -0.770513
0.440031 -0.844328
0.130875 -0.904827
-0.159354 -0.951057
-0.465356 -0.982287
-0.758739 -0.998027
-1.03635 -0.998027
-1.30765 -0.982287
-1.55371 -0.951057
-1.78085 -0.904827
-1.99221 -0.844328
-2.1531 -0.770513
-2.37392 -0.684547
-2.44017 -0.587785
-2.48433 -0.481754
-2.52534 -0.368125
-2.54112 -0.24869
-2.52535 -0.125333
-2.46225 -4.33674e-14
-2.37708 0.125333
-2.2572 0.24869
-2.09316 0.368125
-1.91334 0.481754
-1.70829 0.587785
-1.47169 0.684547
-1.21616 0.770513
-0.954326 0.844328
-0.676717 0.904827
-0.386489 0.951057
-0.105725 0.982287
0.17504 0.998027
0.449494 0.998027
0.71133 0.982287
0.95424 0.951057
1.17822 0.904827
1.37065 0.844328
1.54731 0.770513
1.69874 0.684547
1.81861 0.587785
1.90064 0.481754
1.9448 0.368125
1.95111 0.24869
1.94795 0.125333
1.90064 6.48061e-14
1.81861 -0.125333
1.67981 -0.24869
1.52839 -0.368125
1.35803 -0.481754
1.14983 -0.587785
0.919538 -0.684547
0.679785 -0.770513
0.421103 -0.844328
0.152957 -0.904827
-0.112035 -0.951057
-0.377026 -0.982287
-0.648325 -0.998027
-0.907006 -0.998027
-1.14992 -0.982287
-1.38336 -0.951057
-1.5821 -0.904827
-1.76823 -0.844328
-1.92912 -0.770513
-2.05215 -0.684547
-2.1531 -0.587785
-2.21934 -0.481754
-2.25404 -0.368125
-2.26351 -0.24869
-2.23196 -0.125333
-2.17202 -8.26921e-14
-2.07423 0.125333
-1.94489 0.24869
-1.77454 0.368125
-1.58526 0.481754
-1.37705 0.587785
-1.14992 0.684547
-0.907007 0.770513
-0.632553 0.844328
-0.361252 0.904827
-0.0836418 0.951057
0.200277 0.982287
0.487352 0.998027
0.77127 0.998027
1.02995 0.982287
1.27286 0.951057
1.50315 0.904827
1.69558 0.844328
1.86909 0.770513
2.01736 0.684547
2.13408 0.587785
2.2161 0.481754
2.25711 0.368125
2.27604 0.24869
2.2508 0.125333
2.20348 1.00578e-13
2.112 -0.125333
1.9795 -0.24869
1.81546 -0.368125
1.6388 -0.481754
1.42113 -0.587785
1.18768 -0.684547
0.94793 -0.770513
0.689249 -0.844328
0.414794 -0.904827
0.130875 -0.951057
-0.153044 -0.982287
-0.427498 -0.998027
-0.6988 -0.998027
-0.948017 -0.982287
-1.18777 -0.951057
-1.41806 -0.904827
-1.61049 -0.844328
-1.78716 -0.770513
-1.93227 -0.684547
-2.04268 -0.587785
-2.12155 -0.481754
-2.17518 -0.368125
-2.20357 -0.24869
-2.20357 -0.125333
-2.15625 -1.18464e-13
-2.07107 0.125333
-1.95751 0.24869
-1.79346 0.368125
-1.62311 0.481754
-1.41806 0.587785
-1.2067 0.684547
-0.976409 0.770513
-0.739809 0.844328
-0.477973 0.904827
-0.216137 0.951057
0.0488535 0.982287
0.317 0.998027
0.578836 0.998027
0.837517 0.982287
1.06781 0.951057
1.29494 0.904827
1.49999 0.844328
1.66719 0.770513
1.79969 0.684547
1.9101 0.587785
1.9795 0.481754
2.02998 0.368125
2.04259 0.24869
2.0142 0.125333
1.96688 1.39903e-13
1.8754 -0.125333
1.73344 -0.24869
1.58517 -0.368125
1.40535 -0.481754
1.19715 -0.587785
0.979476 -0.684547
0.727104 -0.770513
0.481041 -0.844328
0.21605 -0.904827
-0.0489404 -0.951057
-0.317086 -0.982287
-0.575767 -0.998027
-0.824986 -0.998027
-1.05843 -0.982287
-1.27295 -0.951057
-1.478 -0.904827
-1.67043 -0.844328
-1.83447 -0.770513
-1.96697 -0.684547
-2.0553 -0.587785
-2.12786 -0.481754
-2.1531 -0.368125
-2.14994 -0.24869
-2.12155 -0.125333
-2.07423 -1.57789e-13
-1.98905 0.125333
-1.84078 0.24869
-1.6799 0.368125
-1.50008 0.481754
-1.29187 0.587785
-1.05527 0.684547
-0.809212 0.770513
-0.550531 0.844328
-0.282385 0.904827
-0.00162135 0.951057
0.266524 0.982287
0.553599 0.998027
0.815435 0.998027
1.08043 0.982287
1.31387 0.951057
1.541 0.904827
1.73659 0.844328
1.90064 0.770513
2.0489 0.684547
2.14985 0.587785
2.23187 0.481754
2.27288 0.368125
2.28235 0.24869
2.25711 0.125333
2.20348 1.18832e-13
2.112 -0.125333
1.97635 -0.24869
1.8123 -0.368125
1.63249 -0.481754
1.41482 -0.587785
1.18137 -0.684547
0.922693 -0.770513
0.667166 -0.844328
0.392711 -0.904827
0.102483 -0.951057
-0.18459 -0.982287
-0.449581 -0.998027
-0.717726 -0.998027
-0.979564 -0.982287
-1.2067 -0.951057
-1.42752 -0.904827
-1.62627 -0.844328
-1.79346 -0.770513
-1.92596 -0.684547
-2.04268 -0.587785
-2.11208 -0.481754
-2.16571 -0.368125
-2.18149 -0.24869
-2.16256 -0.125333
-2.11524 -3.01362e-14
-2.03322 0.125333
-1.9228 0.24869
-1.77769 0.368125
-1.59788 0.481754
-1.39913 0.587785
-1.17515 0.684547
-0.951172 0.770513
-0.686181 0.844328
-0.433809 0.904827
-0.165663 0.951057
0.0930202 0.982287
0.37063 0.998027
0.632466 0.998027
0.884838 0.982287
1.12144 0.951057
1.3328 0.904827
1.53154 0.844328
1.70189 0.770513
1.8407 0.684547
1.9448 0.587785
2.02051 0.481754
2.06783 0.368125
2.08361 0.24869
2.04891 0.125333
2.01105 -5.85592e-14
1.91325 -0.125333
1.77445 -0.24869
1.61356 -0.368125
1.44006 -0.481754
1.235 -0.587785
1.00156 -0.684547
0.755496 -0.770513
0.503124 -0.844328
0.238133 -0.904827
-0.033167 -0.951057
-0.307622 -0.982287
-0.582076 -0.998027
-0.847067 -0.998027
-1.08998 -0.982287
-1.32027 -0.951057
-1.53794 -0.904827
-1.72091 -0.844328
-1.8881 -0.770513
-2.01744 -0.684547
-2.1247 -0.587785
-2.20041 -0.481754
-2.24142 -0.368125
-2.26351 -0.24869
-2.23196 -0.125333
-2.17518 1.47255e-13
-2.09 0.125333
-1.97643 0.24869
-1.81239 0.368125
-1.63258 0.481754
-1.43068 0.587785
-1.19723 0.684547
-0.96379 0.770513
-0.695645 0.844328
-0.440118 0.904827
-0.171972 0.951057
0.118256 0.982287
0.389557 0.998027
0.660857 0.998027
0.922694 0.982287
1.15614 0.951057
1.38012 0.904827
1.57571 0.844328
1.75237 0.770513
1.90379 0.684547
2.00789 0.587785
2.08676 0.481754
2.13723 0.368125
2.15616 0.24869
2.14039 0.125333
2.08361 -2.43055e-13
2.00789 -0.125333
1.86593 -0.24869
1.71451 -0.368125
1.53785 -0.481754
1.33595 -0.587785
1.10882 -0.684547
0.8596 -0.770513
0.610382 -0.844328
0.329618 -0.904827
0.0614722 -0.951057
-0.203518 -0.982287
-0.474819 -0.998027
-0.742964 -0.998027
