data = [-0.0142389 0.13779
-0.0142389 0.272952
0.00153449 0.402906
0.0425453 0.525175
0.102483 0.637424
0.193969 0.737513
0.310691 0.823533
0.455804 0.893841
0.597763 0.947098
0.752341 0.982287
0.913229 0.998737
1.07727 0.996134
1.22238 0.974527
1.36434 0.934329
1.48107 0.876307
1.57886 0.801567
1.65142 0.711536
1.70189 0.60793
1.72397 0.492727
1.7082 0.368125
1.6735 0.236499
1.58832 0.100362
1.47476 -0.0376902
1.30125 -0.175023
1.11197 -0.309017
0.916383 -0.437116
0.673475 -0.556876
0.411638 -0.666012
0.137183 -0.762443
-0.165663 -0.844328
-0.471665 -0.910106
-0.774512 -0.958522
-1.0742 -0.988652
-1.38651 -0.999921
-1.67359 -0.992115
-1.95751 -0.965382
-2.20042 -0.920232
-2.41493 -0.857527
-2.58844 -0.778462
-2.74617 -0.684547
-2.8692 -0.577573
-2.97962 -0.45958
-3.03009 -0.33282
-3.05848 -0.19971
-3.04586 -0.0627905
-2.98908 0.0753268
-2.9039 0.212007
-2.79034 0.344643
-2.60737 0.470704
-2.41178 0.587785
-2.18464 0.693653
-1.93858 0.786288
-1.67043 0.863923
-1.39282 0.925077
-1.10575 0.968583
-0.799749 0.993611
-0.493748 0.999684
-0.194056 0.986686
0.0930178 0.954865
0.358009 0.904827
0.600917 0.837528
0.834362 0.754251
1.02364 0.656586
1.19399 0.546394
1.32964 0.425779
1.42744 0.297042
1.49999 0.162637
1.52523 0.0251301
1.52839 -0.112856
1.48738 -0.24869
1.40535 -0.379779
1.29179 -0.503623
1.15929 -0.61786
0.988941 -0.720309
0.793352 -0.809017
0.591454 -0.882291
0.383246 -0.938734
0.152957 -0.977268
-0.0615591 -0.997159
-0.288695 -0.998027
-0.496901 -0.979855
-0.69249 -0.942991
-0.881769 -0.888136
-1.04581 -0.816339
-1.18462 -0.728969
-1.29503 -0.627691
-1.36759 -0.51444
-1.42437 -0.391374
-1.43383 -0.260842
-1.43068 -0.125333
-1.3739 0.012566
-1.29503 0.150226
-1.15938 0.285019
-1.0048 0.414376
-0.824986 0.535827
-0.632551 0.647056
-0.411726 0.745941
-0.165663 0.830596
0.0867097 0.899405
0.361164 0.951057
0.619846 0.984564
0.897455 0.999289
1.1309 0.994951
1.39274 0.971632
1.61041 0.929776
1.81546 0.870184
1.97635 0.79399
2.12146 0.70265
2.26973 0.597905
2.30128 0.481754
2.34229 0.356412
2.34229 0.224271
2.31074 0.0878512
2.24765 -0.0502443
2.14354 -0.187381
1.98897 -0.320944
1.81861 -0.448383
1.60725 -0.567269
1.3675 -0.675333
1.10566 -0.770513
0.818589 -0.850994
0.518897 -0.915241
0.209741 -0.962028
-0.0994152 -0.990461
-0.395953 -1
-0.683027 -0.990461
-1.11521 -0.962028
-1.26033 -0.915241
-1.45592 -0.850994
-1.66097 -0.770513
-1.83132 -0.675333
-1.98905 -0.567269
-2.09631 -0.448383
-2.16256 -0.320944
-2.19726 -0.187381
-2.20672 -0.0502443
-2.15941 0.0878512
-2.09 0.224271
-1.97644 0.356412
-1.81555 0.481754
-1.62942 0.597905
-1.43068 0.70265
-1.19724 0.79399
-0.941708 0.870184
-0.670407 0.929776
-0.323396 0.971632
-0.140426 0.994951
0.127719 0.999289
0.408483 0.984564
0.654547 0.951057
0.878527 0.899405
1.0962 0.830596
1.27917 0.745941
1.44006 0.647056
1.55678 0.535827
1.64826 0.414376
1.70505 0.285019
1.72082 0.150226
1.68612 0.012566
1.64195 -0.125333
1.52523 -0.260842
1.39589 -0.391374
1.22554 -0.51444
1.01102 -0.627691
0.802816 -0.728969
0.559907 -0.816339
0.307535 -0.888136
0.0393895 -0.942991
-0.225601 -0.979855
-0.493747 -0.998027
-0.755583 -0.997159
-1.0048 -0.977268
-1.22878 -0.938734
-1.43699 -0.882291
-1.62627 -0.809017
-1.77138 -0.720309
-1.90703 -0.61786
-1.98905 -0.503623
-2.05215 -0.379779
-2.08054 -0.24869
-2.07107 -0.112856
-2.03006 0.0251301
-1.9512 0.162637
-1.84078 0.297042
-1.67359 0.425779
-1.50008 0.546394
-1.28557 0.656586
-1.04897 0.754251
-0.802903 0.837528
-0.541067 0.904827
-0.266612 0.954865
0.0236161 0.986686
0.298071 0.999684
0.57568 0.993611
0.834362 0.968583
1.08042 0.925077
1.31071 0.863923
1.5063 0.786288
1.67665 0.693653
1.80599 0.587785
1.9101 0.470704
1.97319 0.344643
2.00474 0.212007
1.99212 0.0753268
1.96057 -0.0627905
1.87855 -0.19971
1.75237 -0.33282
1.61041 -0.45958
1.42113 -0.577573
1.21292 -0.684547
0.98263 -0.778462
0.733413 -0.857527
0.477886 -0.920232
0.209741 -0.965382
-0.0615591 -0.992115
-0.329704 -0.999921
-0.582076 -0.988652
-0.821832 -0.958522
-1.04266 -0.910106
-1.24456 -0.844328
-1.42752 -0.762443
-1.5821 -0.666012
-1.69883 -0.556876
-1.784 -0.437116
-1.83763 -0.309017
-1.85656 -0.175023
-1.83132 -0.0376902
-1.77454 0.100362
-1.69252 0.236499
-1.56317 0.368125
-1.38967 0.492727
-1.19093 0.60793
-0.989028 0.711536
-0.755584 0.801567
-0.506365 0.876307
-0.238219 0.934329
0.0236173 0.974527
0.291763 0.996134
0.553599 0.998737
0.802816 0.982287
1.04888 0.947098
1.26971 0.893841
1.46529 0.823533
1.63564 0.737513
1.7776 0.637424
1.88802 0.525175
1.95742 0.402906
1.99527 0.272952
1.98581 0.13779
1.95111 1.32798e-13
1.86593 -0.13779
1.74606 -0.272952
1.58201 -0.402906
1.38958 -0.525175
1.18453 -0.637424
0.944775 -0.737513
0.689249 -0.823533
0.411639 -0.893841
0.130875 -0.947098
-0.14358 -0.982287
-0.414881 -0.998737
-0.69249 -0.996134
-0.966945 -0.974527
-1.20039 -0.934329
-1.43383 -0.876307
-1.62942 -0.801567
-1.79662 -0.711536
-1.93227 -0.60793
-2.02691 -0.492727
-2.10893 -0.368125
-2.14048 -0.236499
-2.12155 -0.100362
-2.07423 0.0376902
-2.00167 0.175023
-1.89441 0.309017
-1.72091 0.437116
-1.55056 0.556876
-1.33604 0.666012
-1.1089 0.762443
-0.856533 0.844328
-0.575767 0.910106
-0.304467 0.958522
-0.0268576 0.988652
0.263371 0.999921
0.54098 0.992115
0.790197 0.965382
1.04257 0.920232
1.27286 0.857527
1.46845 0.778462
1.64511 0.684547
1.7713 0.577573
1.86909 0.45958
1.95111 0.33282
1.9795 0.19971
1.9795 0.0627905
1.94165 -0.0753268
1.83123 -0.212007
1.71136 -0.344643
1.55047 -0.470704
1.35488 -0.587785
1.14667 -0.693653
0.906919 -0.786288
0.660857 -0.863923
0.395866 -0.925077
0.124566 -0.968583
-0.140425 -0.993611
-0.41488 -0.999684
-0.673562 -0.986686
-0.91647 -0.954865
-1.14361 -0.904827
-1.35181 -0.837528
-1.52847 -0.754251
-1.67674 -0.656586
-1.78085 -0.546394
-1.85971 -0.425779
-1.90388 -0.297042
-1.91965 -0.162637
-1.89757 -0.0251301
-1.82817 0.112856
-1.74614 0.24869
-1.60418 0.379779
-1.43068 0.503623
-1.24771 0.61786
-1.03319 0.720309
-0.799748 0.809017
-0.550531 0.882291
-0.276075 0.938734
-0.00477487 0.977268
0.260216 0.997159
0.525207 0.998027
0.793351 0.979855
1.0331 0.942991
1.26024 0.888136
1.44321 0.816339
1.61987 0.728969
1.75868 0.627691
1.85962 0.51444
1.94165 0.391374
1.96373 0.260842
1.96373 0.125333
1.92272 -0.012566
1.84701 -0.150226
1.71136 -0.285019
1.55047 -0.414376
1.3675 -0.535827
1.15614 -0.647056
0.916383 -0.745941
0.664011 -0.830596
0.402175 -0.899405
0.13403 -0.951057
-0.146734 -0.984564
-0.424345 -0.999289
-0.701954 -0.994951
-0.954326 -0.971632
-1.18777 -0.929776
-1.4086 -0.870184
-1.60418 -0.79399
-1.77138 -0.70265
-1.89757 -0.597905
-1.99221 -0.481754
-2.04584 -0.356412
-2.08369 -0.224271
-2.07423 -0.0878512
-2.03322 0.0502443
-1.94173 0.187381
-1.83132 0.320944
-1.65781 0.448383
-1.48746 0.567269
-1.26033 0.675333
-1.03319 0.770513
-0.783975 0.850994
-0.512674 0.915241
-0.238219 0.962028
0.0457 0.990461
0.326464 1
0.59461 0.990461
0.862754 0.962028
1.0962 0.915241
1.32964 0.850994
1.51261 0.770513
1.67665 0.675333
1.80599 0.567269
1.90379 0.448383
1.94164 0.320944
1.9448 0.187381
1.94795 0.0502443
1.89748 -0.0878512
1.79653 -0.224271
1.62933 -0.356412
1.51261 -0.481754
1.32649 -0.597905
1.11197 -0.70265
0.872218 -0.79399
0.613538 -0.870184
0.320155 -0.929776
0.0488547 -0.971632
-0.225601 -0.994951
-0.500056 -0.999289
-0.768201 -0.984564
-1.00165 -0.951057
-1.22563 -0.899405
-1.42752 -0.830596
-1.59787 -0.745941
-1.74299 -0.647056
-1.85656 -0.535827
-1.92281 -0.414376
-1.97328 -0.285019
-1.97959 -0.150226
-1.94804 -0.012566
-1.87864 0.125333
-1.77138 0.260842
-1.6168 0.391374
-1.44645 0.51444
-1.25086 0.627691
-1.01426 0.728969
-0.774511 0.816339
-0.509519 0.888136
-0.235064 0.942991
0.0425442 0.979855
0.329618 0.998027
0.607227 0.997159
0.865908 0.977268
1.11828 0.938734
1.35488 0.882291
1.55993 0.809017
1.72397 0.720309
1.87224 0.61786
1.98266 0.503623
2.05521 0.379779
2.08991 0.24869
2.08991 0.112856
2.05521 -0.0251301
1.98266 -0.162637
1.85331 -0.297042
1.68927 -0.425779
1.51577 -0.546394
1.2981 -0.656586
1.0615 -0.754251
0.802815 -0.837528
