data = [-0.0110854 0.156434
-0.0110854 0.309017
0.00468801 0.45399
0.0393895 0.587785
0.108791 0.707107
0.20974 0.809017
0.326463 0.891007
0.474731 0.951057
0.626155 0.987688
0.799661 1
0.966858 0.987688
1.12144 0.951057
1.27286 0.891007
1.40536 0.809017
1.5063 0.707107
1.57886 0.587785
1.62303 0.45399
1.62933 0.309017
1.59463 0.156434
1.5347 -3.21625e-16
1.41797 -0.156434
1.26655 -0.309017
1.07727 -0.45399
0.856446 -0.587785
0.600919 -0.707107
0.332772 -0.809017
0.0362348 -0.891007
-0.263459 -0.951057
-0.566304 -0.987688
-0.87546 -1
-1.16884 -0.987688
-1.45907 -0.951057
-1.71144 -0.891007
-1.94489 -0.809017
-2.14363 -0.707107
-2.30767 -0.587785
-2.43702 -0.45399
-2.5285 -0.309017
-2.56636 -0.156434
-2.57582 -4.68582e-15
-2.55374 0.156434
-2.48118 0.309017
-2.35184 0.45399
-2.1878 0.587785
-1.98905 0.707107
-1.77769 0.809017
-1.53478 0.891007
-1.2761 0.951057
-1.00165 0.987688
-0.720881 1
-0.446426 0.987688
-0.171972 0.951057
0.0898643 0.891007
0.342236 0.809017
0.563063 0.707107
0.755496 0.587785
0.906919 0.45399
1.01733 0.309017
1.08358 0.156434
1.12775 -3.18532e-15
1.11828 -0.156434
1.07096 -0.309017
0.998405 -0.45399
0.884836 -0.587785
0.742878 -0.707107
0.563063 -0.809017
0.370629 -0.891007
0.165575 -0.951057
-0.0584056 -0.987688
-0.279231 -1
-0.496902 -0.987688
-0.701954 -0.951057
-0.88177 -0.891007
-1.06159 -0.809017
-1.20985 -0.707107
-1.32027 -0.587785
-1.39913 -0.45399
-1.43068 -0.309017
-1.4433 -0.156434
-1.39913 1.01683e-14
-1.32973 0.156434
-1.21932 0.309017
-1.0742 0.45399
-0.891233 0.587785
-0.68618 0.707107
-0.446426 0.809017
-0.1909 0.891007
0.083555 0.951057
0.35801 0.987688
0.635619 1
0.906919 0.987688
1.17822 0.951057
1.41166 0.891007
1.62934 0.809017
1.82492 0.707107
1.97004 0.587785
2.08676 0.45399
2.17194 0.309017
2.21926 0.156434
2.21926 9.49411e-15
2.16878 -0.156434
2.07414 -0.309017
1.9448 -0.45399
1.78707 -0.587785
1.58202 -0.707107
1.35173 -0.809017
1.07727 -0.891007
0.679785 -0.951057
0.506279 -0.987688
0.253907 -1
-0.0426299 -0.987688
-0.29185 -0.951057
-0.544222 -0.891007
-0.774511 -0.809017
-0.992182 -0.707107
-1.18146 -0.587785
-1.32342 -0.45399
-1.4433 -0.309017
-1.50008 -0.156434
-1.54425 -2.91565e-14
-1.53794 0.156434
-1.47484 0.309017
-1.39598 0.45399
-1.26979 0.587785
-1.10575 0.707107
-0.916471 0.809017
-0.708264 0.891007
-0.477972 0.951057
-0.257147 0.987688
-0.0173947 1
0.231824 0.987688
0.468422 0.951057
0.695557 0.891007
0.906919 0.809017
1.07727 0.707107
1.22238 0.587785
1.33595 0.45399
1.41166 0.309017
1.44952 0.156434
1.44321 4.70425e-14
1.40535 -0.156434
1.30756 -0.309017
1.18138 -0.45399
1.02995 -0.587785
0.790197 -0.707107
0.610383 -0.809017
0.373783 -0.891007
0.137185 -0.951057
-0.118342 -0.987688
-0.389643 -1
-0.651481 -0.987688
-0.913317 -0.951057
-1.14361 -0.891007
-1.35812 -0.809017
-1.5474 -0.707107
-1.70513 -0.587785
-1.81239 -0.45399
-1.88495 -0.309017
-1.92596 -0.156434
-1.93227 -6.84813e-14
-1.8881 0.156434
-1.81239 0.309017
-1.68936 0.45399
-1.53478 0.587785
-1.35497 0.707107
-1.14045 0.809017
-0.903853 0.891007
-0.648326 0.951057
-0.392799 0.987688
-0.121498 1
0.159266 0.987688
0.424258 0.951057
0.667166 0.891007
0.894301 0.809017
1.08043 0.707107
1.25078 0.587785
1.38012 0.45399
1.47791 0.309017
1.51261 0.156434
1.541 8.63673e-14
1.49684 -0.156434
1.42113 -0.309017
1.32333 -0.45399
1.17822 -0.587785
0.982632 -0.707107
0.796507 -0.809017
0.550444 -0.891007
0.307536 -0.951057
0.0362348 -0.987688
-0.222448 -1
-0.493748 -0.987688
-0.74612 -0.951057
-0.970101 -0.891007
-1.17831 -0.809017
-1.36128 -0.707107
-1.51901 -0.587785
-1.62942 -0.45399
-1.70514 -0.309017
-1.75245 -0.156434
-1.75245 -1.07806e-13
-1.71775 0.156434
-1.63889 0.309017
-1.5127 0.45399
-1.35181 0.587785
-1.16253 0.707107
-0.941708 0.809017
-0.705109 0.891007
-0.449581 0.951057
-0.181436 0.987688
0.0867097 1
0.370628 0.987688
0.623 0.951057
0.872219 0.891007
1.08358 0.809017
1.28232 0.707107
1.44952 0.587785
1.57255 0.45399
1.67035 0.309017
1.71451 0.156434
1.72397 1.25692e-13
1.69558 -0.156434
1.61041 -0.309017
1.49999 -0.45399
1.36119 -0.587785
1.17191 -0.707107
0.954239 -0.809017
0.71764 -0.891007
0.458958 -0.951057
0.190813 -0.987688
-0.0804872 -1
-0.329704 -0.987688
-0.594695 -0.951057
-0.82814 -0.891007
-1.04581 -0.809017
-1.23825 -0.707107
-1.38967 -0.587785
-1.51586 -0.45399
-1.60734 -0.309017
-1.65466 -0.156434
-1.67043 -1.43578e-13
-1.64204 0.156434
-1.57579 0.309017
-1.45276 0.45399
-1.31396 0.587785
-1.11837 0.707107
-0.91647 0.809017
-0.689334 0.891007
-0.436962 0.951057
-0.184592 0.987688
0.0772445 1
0.339082 0.987688
0.58199 0.951057
0.815434 0.891007
1.03941 0.809017
1.34857 0.707107
1.44005 0.587785
1.52523 0.45399
1.62303 0.309017
1.66404 0.156434
1.6735 1.61464e-13
1.62933 -0.156434
1.541 -0.309017
1.42113 -0.45399
1.2697 -0.587785
1.08043 -0.707107
0.856444 -0.809017
0.613536 -0.891007
0.367474 -0.951057
0.111946 -0.987688
-0.165664 -1
-0.440118 -0.987688
-0.695645 -0.951057
-0.92909 -0.891007
-1.15307 -0.809017
-1.34235 -0.707107
-1.49693 -0.587785
-1.61365 -0.45399
-1.69567 -0.309017
-1.74299 -0.156434
-1.74615 -1.86456e-13
-1.72406 0.156434
-1.64835 0.309017
-1.51585 0.45399
-1.36443 0.587785
-1.14045 0.707107
-0.976409 0.809017
-0.736655 0.891007
-0.484283 0.951057
-0.228756 0.987688
0.0393895 1
0.313844 0.987688
0.575681 0.951057
0.821744 0.891007
1.03626 0.809017
1.22238 0.707107
1.39274 0.587785
1.51892 0.45399
1.60725 0.309017
1.65457 0.156434
1.66404 2.04342e-13
1.58517 -0.156434
1.52839 -0.309017
1.43375 -0.45399
1.32018 -0.587785
1.1309 -0.707107
0.916383 -0.809017
0.67032 -0.891007
0.408484 -0.951057
0.146647 -0.987688
-0.127807 -1
-0.395953 -0.987688
-0.64517 -0.951057
-0.88177 -0.891007
-1.09629 -0.809017
-1.27926 -0.707107
-1.42752 -0.587785
-1.55371 -0.45399
-1.63889 -0.309017
-1.6799 -0.156434
-1.69252 -1.79595e-13
-1.67359 0.156434
-1.57895 0.309017
-1.46538 0.45399
-1.3108 0.587785
-1.13414 0.707107
-0.913316 0.809017
-0.689336 0.891007
-0.436962 0.951057
-0.181436 0.987688
0.083555 1
0.351699 0.987688
0.604071 0.951057
0.84698 0.891007
1.05834 0.809017
1.25393 0.707107
1.4022 0.587785
1.53154 0.45399
1.61672 0.309017
1.65142 0.156434
1.66088 9.08997e-14
1.61672 -0.156434
1.52839 -0.309017
1.41166 -0.45399
1.2634 -0.587785
1.0615 -0.707107
0.840671 -0.809017
0.597763 -0.891007
0.342236 -0.951057
0.0835538 -0.987688
-0.181437 -1
-0.443273 -0.987688
-0.695645 -0.951057
-0.922781 -0.891007
-1.14676 -0.809017
-1.32342 -0.707107
-1.478 -0.587785
-1.60419 -0.45399
-1.68621 -0.309017
-1.73037 -0.156434
-1.73668 -2.20436e-15
-1.69882 0.156434
-1.62627 0.309017
-1.49377 0.45399
-1.35181 0.587785
-1.16884 0.707107
-0.966945 0.809017
-0.724036 0.891007
-0.471664 0.951057
-0.216137 0.987688
0.0488535 1
0.317 0.987688
0.569371 0.951057
0.802815 0.891007
1.02679 0.809017
1.22238 0.707107
1.37065 0.587785
1.50315 0.45399
1.58517 0.309017
1.62303 0.156434
1.63249 -9.35964e-14
1.59779 -0.156434
1.49684 -0.309017
1.40851 -0.45399
1.24131 -0.587785
1.04572 -0.707107
0.828052 -0.809017
0.58199 -0.891007
0.326463 -0.951057
0.0614722 -0.987688
-0.20352 -1
-0.46851 -0.987688
-0.724037 -0.951057
-0.954326 -0.891007
-1.172 -0.809017
-1.35812 -0.707107
-1.51901 -0.587785
-1.62942 -0.45399
-1.70829 -0.309017
-1.75561 -0.156434
-1.77769 1.82292e-13
-1.73037 0.156434
-1.65466 0.309017
-1.53478 0.45399
-1.37705 0.587785
-1.19408 0.707107
-0.979564 0.809017
-0.746119 0.891007
-0.490592 0.951057
-0.231911 0.987688
0.052007 1
0.307535 0.987688
0.572526 0.951057
0.815434 0.891007
1.03941 0.809017
1.22869 0.707107
1.39274 0.587785
1.51261 0.45399
1.59148 0.309017
1.65142 0.156434
1.65142 -2.70987e-13
1.62303 -0.156434
1.53154 -0.309017
1.41797 -0.45399
1.2697 -0.587785
1.08673 -0.707107
0.869063 -0.809017
0.632465 -0.891007
0.380092 -0.951057
0.115101 -0.987688
-0.159354 -1
-0.411726 -0.987688
-0.670408 -0.951057
-0.903853 -0.891007
-1.11206 -0.809017
-1.30134 -0.707107
-1.4433 -0.587785
-1.57264 -0.45399
-1.64835 -0.309017
-1.68621 -0.156434
-1.69252 3.59683e-13
-1.66728 0.156434
-1.58841 0.309017
-1.46222 0.45399
