data = [0.0204626 0.134678
0.0299266 0.266902
0.0267719 0.394263
0.0614734 0.51444
0.118256 0.625243
0.209742 0.724653
0.317 0.81086
0.436877 0.882291
0.591455 0.937647
0.730259 0.975917
0.891146 0.996405
1.04572 0.998737
1.19399 0.982871
1.32649 0.949096
1.45267 0.898028
1.55678 0.830596
1.62618 0.74803
1.68612 0.651834
1.71451 0.54376
1.71451 0.425779
1.68296 0.30004
1.61672 0.168833
1.52208 0.0345506
1.38012 -0.100362
1.20661 -0.233445
0.998404 -0.362275
0.761805 -0.484504
0.509433 -0.597905
0.231824 -0.700411
-0.0584044 -0.790155
-0.348633 -0.865501
-0.667252 -0.925077
-0.970099 -0.967797
-1.26033 -0.992883
-1.55687 -0.999877
-1.82817 -0.988652
-2.08369 -0.959412
-2.31398 -0.912692
-2.52534 -0.84934
-2.70831 -0.770513
-2.8692 -0.677646
-2.98277 -0.572432
-3.0711 -0.456787
-3.12473 -0.33282
-3.12788 -0.202787
-3.11526 -0.06906
-3.04902 0.0659256
-2.95122 0.19971
-2.82188 0.329855
-2.64207 0.45399
-2.44017 0.569853
-2.20357 0.675333
-1.9512 0.768507
-1.68305 0.847678
-1.39282 0.911403
-1.08998 0.958522
-0.783976 0.988175
-0.47482 0.999822
-0.171973 0.993252
0.124565 0.968583
0.411638 0.926266
0.667165 0.867071
0.916383 0.792077
1.12774 0.70265
1.31071 0.60042
1.46214 0.48725
1.58517 0.365202
1.66719 0.236499
1.71136 0.103487
1.72082 -0.0314108
1.69243 -0.165736
1.6388 -0.297042
1.5347 -0.422935
1.40851 -0.541121
1.24762 -0.649448
1.07412 -0.745941
0.881682 -0.828842
0.673475 -0.896641
0.452649 -0.948102
0.219205 -0.982287
-0.0142389 -0.998574
-0.253993 -0.996666
-0.4622 -0.976597
-0.660943 -0.938734
-0.837603 -0.883766
-0.998491 -0.812694
-1.13414 -0.726814
-1.24455 -0.627691
-1.30765 -0.517131
-1.36443 -0.397148
-1.3802 -0.269928
-1.37074 -0.13779
-1.31711 -0.00314159
-1.23825 0.131564
-1.11837 0.263873
-0.976409 0.391374
-0.806058 0.511743
-0.607314 0.622788
-0.386489 0.722485
-0.156199 0.809017
0.0993284 0.880808
0.354855 0.93655
0.623 0.975227
0.884836 0.996134
1.12459 0.99889
1.35803 0.983445
1.65457 0.950081
1.78391 0.899405
1.93534 0.832341
2.10253 0.750111
2.22241 0.654213
2.31705 0.546394
2.36437 0.42862
2.38645 0.303035
2.36121 0.171929
2.3202 0.0376902
2.22556 -0.0972355
2.07099 -0.230389
1.90694 -0.359345
1.71451 -0.481754
1.36119 -0.595384
1.19084 -0.698165
0.966858 -0.788226
0.689249 -0.863923
0.386402 -0.92388
0.0803991 -0.967001
-0.228757 -0.992504
-0.537913 -0.999921
-0.834451 -0.989119
-1.10891 -0.960294
-1.35812 -0.913971
-1.57895 -0.850994
-1.77454 -0.772512
-1.94804 -0.679953
-2.08685 -0.575005
-2.18464 -0.45958
-2.24774 -0.33578
-2.28559 -0.205863
-2.28244 -0.0721938
-2.24143 0.0627905
-2.16887 0.196631
-2.0553 0.326888
-1.87864 0.451189
-1.65151 0.567269
-1.50324 0.673012
-1.26979 0.766493
-1.00796 0.846007
-0.720882 0.910106
-0.459046 0.957622
-0.171972 0.987688
0.0993284 0.999758
0.373783 0.993611
0.623001 0.96936
0.872218 0.927445
1.08043 0.868632
1.28863 0.79399
1.45583 0.704882
1.6041 0.60293
1.71451 0.489991
1.79338 0.368125
1.81546 0.23955
1.81546 0.106611
1.78076 -0.0282706
1.69558 -0.162637
1.58201 -0.29404
1.44006 -0.420086
1.26655 -0.538477
1.05834 -0.647056
0.818589 -0.743845
0.575681 -0.827081
0.323308 -0.895246
0.0646269 -0.947098
-0.203518 -0.981694
-0.471664 -0.998402
-0.730345 -0.996917
-0.985872 -0.977268
-1.20985 -0.939812
-1.41175 -0.885231
-1.60418 -0.814521
-1.77138 -0.728969
-1.89757 -0.630134
-2.00167 -0.519817
-2.06476 -0.400029
-2.08054 -0.272952
-2.07423 -0.140901
-2.03322 -0.00628314
-1.95435 0.128449
-1.8534 0.260842
-1.68936 0.388481
-1.51901 0.509041
-1.32027 0.620327
-1.08998 0.720309
-0.847068 0.807166
-0.585232 0.879316
-0.307623 0.935444
-0.0268588 0.974527
0.25706 0.995853
0.531515 0.999033
0.793351 0.98401
1.03311 0.951057
1.27286 0.900774
1.48422 0.834078
1.66404 0.752185
1.81546 0.656586
1.93849 0.549023
2.02051 0.431456
2.07414 0.306028
2.0836 0.175023
2.06783 0.0408294
2.02367 -0.0941083
1.91956 -0.227331
1.78707 -0.356412
1.62303 -0.478998
1.43375 -0.592857
1.21608 -0.695913
0.979477 -0.786288
0.730258 -0.862337
0.458958 -0.922673
0.184504 -0.966196
-0.0962606 -0.992115
-0.364406 -0.999956
-0.623087 -0.989576
-0.869151 -0.961165
-1.08682 -0.915241
-1.3108 -0.85264
-1.478 -0.774503
-1.63889 -0.682254
-1.75876 -0.577573
-1.85025 -0.462368
-1.90072 -0.338738
-1.92912 -0.208936
-1.90703 -0.0753268
-1.86918 0.0596548
-1.78085 0.193549
-1.66728 0.323917
-1.5127 0.448383
-1.33289 0.564679
-1.14045 0.670686
-0.910161 0.764472
-0.667252 0.844328
-0.405416 0.9088
-0.143581 0.956712
0.118255 0.987192
0.380091 0.999684
0.641927 0.993961
0.894301 0.970127
1.10882 0.928615
1.3328 0.870184
1.49999 0.795896
1.65773 0.707107
1.77445 0.605433
1.86593 0.492727
1.93218 0.371044
1.94795 0.242599
1.92903 0.109734
1.89433 -0.0251301
1.83754 -0.159537
1.7082 -0.291036
1.53785 -0.417233
1.35804 -0.535827
1.1309 -0.644657
0.891147 -0.741742
0.635619 -0.825311
0.370628 -0.893841
0.0961737 -0.946085
-0.187745 -0.981091
-0.474819 -0.998219
-0.755584 -0.997159
-1.00796 -0.977929
-1.25086 -0.940881
-1.47484 -0.886688
-1.67674 -0.816339
-1.84394 -0.731116
-1.98905 -0.63257
-2.08685 -0.522499
-2.15625 -0.402906
-2.19095 -0.275973
-2.19095 -0.144011
-2.14679 -0.00942464
-2.07423 0.125333
-1.96382 0.257807
-1.79977 0.385584
-1.62942 0.506335
-1.42752 0.61786
-1.17831 0.718126
-0.92278 0.805308
-0.676717 0.877816
-0.418036 0.934329
-0.130962 0.973817
0.152957 0.995562
0.44003 0.999166
0.708176 0.984564
0.966858 0.952023
1.2003 0.902134
1.40536 0.835807
1.59463 0.754251
1.75237 0.658952
1.86593 0.551646
1.95742 0.434288
2.00789 0.309017
2.01105 0.178115
2.00158 0.0439681
1.95426 -0.0909802
1.86278 -0.224271
1.72398 -0.353475
1.55993 -0.476238
1.36119 -0.590324
1.1309 -0.693653
0.887991 -0.784343
0.632464 -0.860742
0.361164 -0.921457
0.0867097 -0.965382
-0.18459 -0.991716
-0.455891 -0.99998
-0.717727 -0.990024
-0.957481 -0.962028
-1.18462 -0.916502
-1.38651 -0.854277
-1.57579 -0.776487
-1.73037 -0.684547
-1.84709 -0.580134
-1.92596 -0.465151
-1.99536 -0.341692
-2.02375 -0.212007
-2.00167 -0.0784591
-1.9512 0.0565185
-1.86287 0.190466
-1.74615 0.320944
-1.58526 0.445573
-1.39598 0.562083
-1.19408 0.668352
-0.96379 0.762443
-0.717727 0.84264
-0.455891 0.907484
-0.18459 0.955793
0.0772456 0.986686
0.3517 0.9996
0.619846 0.994301
0.865908 0.970884
1.10251 0.929776
1.31702 0.871727
1.49684 0.797794
1.66404 0.709325
1.79022 0.60793
1.88802 0.495459
1.9448 0.373959
1.96688 0.245646
1.95426 0.112856
1.90695 -0.0219894
1.83123 -0.156434
1.68927 -0.288029
1.5347 -0.414376
1.35488 -0.533172
1.14352 -0.642253
0.897455 -0.739631
0.651393 -0.823533
0.383247 -0.892428
0.118256 -0.945063
-0.159353 -0.980478
-0.430653 -0.998027
-0.705109 -0.997391
-0.960636 -0.978581
-1.19723 -0.94194
-1.40544 -0.888136
-1.59787 -0.81815
-1.76823 -0.733255
-1.89757 -0.635
-1.99536 -0.525175
-2.05846 -0.40578
-2.09631 -0.278991
-2.09316 -0.147119
-2.04584 -0.012566
-1.96697 0.122216
-1.85656 0.254771
-1.70513 0.382683
-1.51901 0.503623
-1.32027 0.615386
-1.08682 0.715936
-0.847067 0.803441
-0.582076 0.876307
-0.301314 0.933205
-0.0237041 0.973099
0.25706 0.995261
0.531515 0.999289
0.793351 0.985109
1.03941 0.952979
1.28232 0.903485
1.48737 0.837528
1.67034 0.75631
1.81861 0.661312
1.92903 0.554263
2.01105 0.437116
2.06468 0.312003
2.08045 0.181206
2.04575 0.0471065
1.98581 -0.0878512
1.86909 -0.221208
1.73975 -0.350534
1.56624 -0.473473
1.3675 -0.587785
1.14667 -0.691387
0.913227 -0.782391
0.657702 -0.859139
0.395865 -0.920232
0.121411 -0.964557
-0.153044 -0.991308
-0.430653 -0.999995
-0.689334 -0.990461
-0.929089 -0.96288
-1.15622 -0.917755
-1.36759 -0.855906
-1.5474 -0.778462
-1.70198 -0.686834
-1.81239 -0.58269
-1.90072 -0.46793
-1.93858 -0.344643
-1.96066 -0.215076
-1.93858 -0.0815906
-1.88495 0.0533817
-1.79662 0.187381
-1.67359 0.317967
-1.50008 0.442758
-1.31711 0.559482
-1.1089 0.666012
-0.872305 0.760406
-0.626242 0.840945
-0.358095 0.90616
-0.0804872 0.954865
0.190813 0.98617
0.458958 0.999507
0.723949 0.994631
0.976321 0.971632
1.21292 0.930928
1.42428 0.873262
1.61356 0.799685
1.77445 0.711536
1.9101 0.610422
2.01105 0.498185
