data = [-0.033167 0.131564
-0.0394763 0.260842
-0.0300123 0.385584
0.00784269 0.503623
0.0583176 0.612907
0.13403 0.711536
0.244441 0.797794
0.37063 0.870184
0.512589 0.927445
0.667167 0.968583
0.821745 0.992883
0.979476 0.999921
1.1309 0.989576
1.26339 0.962028
1.38643 0.917755
1.49369 0.857527
1.57571 0.782391
1.6388 0.693653
1.67665 0.592857
1.67981 0.481754
1.66088 0.362275
1.6041 0.236499
1.51261 0.106611
1.38958 -0.0251301
1.22554 -0.156434
1.03311 -0.285019
0.818589 -0.408649
0.57568 -0.525175
0.323308 -0.63257
0.0425442 -0.728969
-0.257147 -0.812694
-0.553684 -0.882291
-0.847068 -0.93655
-1.14676 -0.974527
-1.43699 -0.995562
-1.71775 -0.999289
-1.99852 -0.985645
-2.24458 -0.954865
-2.47172 -0.907484
-2.67361 -0.844328
-2.83766 -0.766493
-2.97331 -0.675333
-3.07741 -0.572432
-3.1689 -0.45958
-3.20991 -0.338738
-3.2036 -0.212007
-3.16574 -0.0815906
-3.09003 0.0502443
-2.99539 0.181206
-2.85658 0.309017
-2.68308 0.431456
-2.47802 0.546394
-2.24773 0.651834
-1.97959 0.745941
-1.69882 0.827081
-1.41175 0.893841
-1.1026 0.945063
-0.787131 0.979855
-0.481129 0.997613
-0.165663 0.998027
0.137183 0.981091
0.430566 0.947098
0.701866 0.896641
0.951084 0.830596
1.18453 0.750111
1.38012 0.656586
1.54416 0.551646
1.67034 0.437116
1.77129 0.314987
1.84385 0.187381
1.86593 0.0565185
1.86278 -0.0753268
1.82177 -0.205863
1.74921 -0.33282
1.63564 -0.45399
1.49368 -0.567269
1.32964 -0.670686
1.13721 -0.762443
0.941621 -0.840945
0.727104 -0.904827
0.499969 -0.952979
0.266525 -0.984564
0.0488535 -0.999033
-0.175126 -0.996134
-0.389642 -0.975917
-0.594695 -0.938734
-0.761892 -0.885231
-0.935397 -0.816339
-1.08051 -0.733255
-1.18462 -0.637424
-1.26348 -0.530511
-1.32342 -0.414376
-1.34866 -0.291036
-1.33919 -0.162637
-1.3108 -0.0314108
-1.23825 0.100362
-1.14361 0.230389
-1.00165 0.356412
-0.83445 0.476238
-0.642015 0.587785
-0.4275 0.689114
-0.200364 0.778462
0.0488535 0.854277
0.30438 0.915241
0.544133 0.960294
0.802815 0.988652
1.04888 0.999822
1.27286 0.993611
1.49368 0.970127
1.82808 0.929776
1.91641 0.873262
2.02682 0.801567
2.16247 0.715936
2.27288 0.61786
2.33913 0.509041
2.37383 0.391374
2.35806 0.266902
2.33598 0.13779
2.27288 0.00628314
2.15932 -0.125333
1.98896 -0.254771
1.81231 -0.379779
1.6041 -0.498185
1.35804 -0.60793
1.09935 -0.707107
0.815435 -0.79399
0.512588 -0.867071
0.209741 -0.925077
-0.112034 -0.967001
-0.414881 -0.992115
-0.717728 -0.99998
-0.995338 -0.990461
-1.43068 -0.963724
-1.56002 -0.920232
-1.74299 -0.860742
-1.93542 -0.786288
-2.10262 -0.698165
-2.23512 -0.597905
-2.33922 -0.48725
-2.41493 -0.368125
-2.44648 -0.242599
-2.44332 -0.112856
-2.40231 0.0188484
-2.32029 0.150226
-2.20672 0.278991
-2.05215 0.402906
-1.86918 0.519817
-1.66412 0.627691
-1.42752 0.724653
-1.17831 0.809017
-0.922781 0.879316
-0.651479 0.934329
-0.361251 0.973099
0.0425453 0.994951
0.206587 0.999507
0.440031 0.986686
0.708177 0.956712
0.954239 0.910106
1.16245 0.847678
1.34226 0.770513
1.50315 0.679953
1.62302 0.577573
1.70189 0.465151
1.76183 0.344643
1.79022 0.218143
1.77445 0.0878512
1.73659 -0.0439681
1.64511 -0.175023
1.52839 -0.303035
1.3675 -0.425779
1.17822 -0.541121
0.98263 -0.647056
0.749186 -0.741742
0.49997 -0.823533
0.247598 -0.891007
-0.0173947 -0.942991
-0.288695 -0.978581
-0.553686 -0.997159
-0.818676 -0.998402
-1.06158 -0.982287
-1.28557 -0.949096
-1.49062 -0.899405
-1.67359 -0.834078
-1.83763 -0.754251
-1.96697 -0.661312
-2.06477 -0.556876
-2.13101 -0.442758
-2.17202 -0.320944
-2.17202 -0.193549
-2.13417 -0.0627905
-2.06477 0.06906
-1.95751 0.19971
-1.81239 0.326888
-1.63889 0.448383
-1.4433 0.562083
-1.22247 0.666012
-0.985873 0.758362
-0.733501 0.837528
-0.465356 0.902134
-0.184592 0.951057
0.0993272 0.983445
0.395865 0.998737
0.660857 0.996666
0.919538 0.977268
1.1656 0.940881
1.39905 0.888136
1.59779 0.819952
1.77129 0.737513
1.91325 0.642253
2.02367 0.535827
2.10569 0.420086
2.14354 0.297042
2.15301 0.168833
2.12146 0.0376902
2.06783 -0.0941083
1.95742 -0.224271
1.82808 -0.350534
1.66404 -0.470704
1.46845 -0.58269
1.24762 -0.684547
1.00471 -0.774503
0.746032 -0.850994
0.490505 -0.912692
0.22236 -0.958522
-0.0647138 -0.987688
-0.33286 -0.999684
-0.601006 -0.994301
-0.853378 -0.971632
-1.08682 -0.932071
-1.29187 -0.876307
-1.48746 -0.805308
-1.63889 -0.720309
-1.76823 -0.622788
-1.87233 -0.51444
-1.93858 -0.397148
-1.97643 -0.272952
-1.98274 -0.144011
-1.94804 -0.012566
-1.87864 0.119097
-1.77454 0.24869
-1.62627 0.373959
-1.45907 0.492727
-1.26979 0.60293
-1.05212 0.70265
-0.824985 0.790155
-0.578922 0.863923
-0.32655 0.922673
-0.0584044 0.965382
0.222359 0.991308
0.481041 1
0.736568 0.991308
0.966858 0.965382
1.18453 0.922673
1.39589 0.863923
1.57571 0.790155
1.80284 0.70265
1.87224 0.60293
1.94165 0.492727
1.99527 0.373959
2.00474 0.24869
1.98897 0.119097
1.93218 -0.012566
1.8407 -0.144011
1.71136 -0.272952
1.541 -0.397148
1.36119 -0.51444
1.15298 -0.622788
0.916383 -0.720309
0.67663 -0.805308
0.414793 -0.876307
0.146647 -0.932071
-0.134117 -0.971632
-0.399107 -0.994301
-0.670407 -0.999684
-0.935398 -0.987688
-1.16884 -0.958522
-1.38651 -0.912692
-1.5821 -0.850994
-1.74614 -0.774503
-1.90072 -0.684547
-2.00167 -0.58269
-2.07738 -0.470704
-2.12155 -0.350534
-2.1247 -0.224271
-2.10577 -0.0941083
-2.03322 0.0376902
-1.93542 0.168833
-1.80608 0.297042
-1.63573 0.420086
-1.43699 0.535827
-1.22247 0.642253
-0.985873 0.737513
-0.739809 0.819952
-0.4622 0.888136
-0.187745 0.940881
0.187658 0.977268
0.373783 0.996666
0.641928 0.998737
0.910074 0.983445
1.16245 0.951057
1.39274 0.902134
1.59463 0.837528
1.76814 0.758362
1.91956 0.666012
2.02051 0.562083
2.112 0.448383
2.12461 0.326888
2.1467 0.19971
2.12777 0.06906
2.06468 -0.0627905
1.96688 -0.193549
1.82177 -0.320944
1.65457 -0.442758
1.45267 -0.556876
1.235 -0.661312
0.998405 -0.754251
0.736568 -0.834078
0.458959 -0.899405
0.190813 -0.949096
-0.0804872 -0.982287
-0.358097 -0.998402
-0.623087 -0.997159
-0.878614 -0.978581
-1.12468 -0.942991
-1.33604 -0.891007
-1.53163 -0.823533
-1.69882 -0.741742
-1.83763 -0.647056
-1.94173 -0.541121
-2.01114 -0.425779
-2.0553 -0.303035
-2.06161 -0.175023
-2.03006 -0.0439681
-1.96066 0.0878512
-1.85971 0.218143
-1.73353 0.344643
-1.56002 0.465151
-1.36759 0.577573
-1.15938 0.679953
-0.929089 0.770513
-0.676717 0.847678
-0.414881 0.910106
-0.140425 0.956712
0.12772 0.986686
0.389557 0.999507
0.654547 0.994951
0.903765 0.973099
1.13405 0.934329
1.33911 0.879316
1.52523 0.809017
1.67665 0.724653
1.8123 0.627691
1.90064 0.519817
1.97635 0.402906
1.99843 0.278991
1.98581 0.150226
1.95426 0.0188484
1.88802 -0.112856
1.77129 -0.242599
1.62303 -0.368125
1.44952 -0.48725
1.23816 -0.597905
1.01733 -0.698165
0.76496 -0.786288
0.506279 -0.860742
0.234978 -0.920232
-0.0394763 -0.963724
-0.310776 -0.990461
-0.578922 -0.99998
-0.840758 -0.992115
-1.08682 -0.967001
-1.30134 -0.925077
-1.50324 -0.867071
-1.6799 -0.79399
-1.82186 -0.707107
-1.94804 -0.60793
-2.03637 -0.498185
-2.08369 -0.379779
-2.11524 -0.254771
-2.10262 -0.125333
-2.04584 0.00628314
-1.96697 0.13779
-1.85025 0.266902
-1.69252 0.391374
-1.50955 0.509041
-1.31396 0.61786
-1.07736 0.715936
-0.83445 0.801567
-0.575768 0.873262
-0.307623 0.929776
-0.0426322 0.970127
0.234977 0.993611
0.506277 0.999822
0.771268 0.988652
1.00787 0.960294
1.23185 0.915241
1.44006 0.854277
1.61356 0.778462
1.76814 0.689114
1.88486 0.587785
1.9795 0.476238
2.02051 0.356412
2.02682 0.230389
2.00158 0.100362
1.95742 -0.0314108
1.84701 -0.162637
1.7082 -0.291036
1.55362 -0.414376
1.36434 -0.530511
1.14036 -0.637424
0.903765 -0.733255
0.651393 -0.816339
0.376938 -0.885231
0.121411 -0.938734
-0.156198 -0.975917
-0.424344 -0.996134
-0.679872 -0.999033
-0.929089 -0.984564
-1.16569 -0.952979
-1.3739 -0.904827
-1.57579 -0.840945
-1.73353 -0.762443
-1.86918 -0.670686
-1.98274 -0.567269
-2.04899 -0.45399
-2.08685 -0.33282
-2.09947 -0.205863
-2.06476 -0.0753268
-2.01114 0.0565185
-1.9165 0.187381
-1.77769 0.314987
-1.6168 0.437116
-1.41806 0.551646
-1.21301 0.656586
-0.985873 0.750111
-0.724036 0.830596
-0.465355 0.896641
-0.194054 0.947098
