data = [-0.0268588 0.144011
-0.0426299 0.285019
-0.0237029 0.420086
0.0173079 0.546394
0.083555 0.661312
0.18135 0.762443
0.294917 0.847678
0.436876 0.915241
0.594608 0.963724
0.746033 0.992115
0.90692 0.999822
1.07412 0.986686
1.21923 0.952979
1.36119 0.899405
1.47791 0.827081
1.57255 0.737513
1.64195 0.63257
1.68612 0.51444
1.68927 0.385584
1.66088 0.24869
1.6041 0.106611
1.49684 -0.0376902
1.36119 -0.181206
1.17191 -0.320944
0.963703 -0.45399
0.730258 -0.577573
0.474732 -0.689114
0.197123 -0.786288
-0.0931059 -0.867071
-0.402262 -0.929776
-0.705109 -0.973099
-1.00796 -0.996134
-1.29818 -0.998402
-1.58526 -0.979855
-1.84709 -0.940881
-2.09 -0.882291
-2.28875 -0.805308
-2.48118 -0.711536
-2.62945 -0.60293
-2.73986 -0.481754
-2.82188 -0.350534
-2.85659 -0.212007
-2.85028 -0.06906
-2.81242 0.0753268
-2.73355 0.218143
-2.61052 0.356412
-2.45279 0.48725
-2.26982 0.60793
-2.05215 0.715936
-1.80924 0.809017
-1.5474 0.885231
-1.26348 0.942991
-0.976409 0.981091
-0.689336 0.998737
-0.395953 0.995562
-0.105725 0.971632
0.17504 0.927445
0.430566 0.863923
0.66401 0.782391
0.865908 0.684547
1.04257 0.572432
1.18137 0.448383
1.28232 0.314987
1.35173 0.175023
1.38012 0.0314108
1.37381 -0.112856
1.3328 -0.254771
1.26655 -0.391374
1.1656 -0.519817
1.02049 -0.637424
0.853291 -0.741742
0.676629 -0.830596
0.471577 -0.902134
0.260215 -0.954865
0.0299254 -0.987688
-0.184592 -0.999921
-0.408571 -0.991308
-0.607315 -0.962028
-0.802903 -0.912692
-0.966945 -0.844328
-1.11206 -0.758362
-1.22878 -0.656586
-1.32342 -0.541121
-1.3802 -0.414376
-1.41175 -0.278991
-1.40544 -0.13779
-1.36759 0.00628314
-1.28241 0.150226
-1.17515 0.291036
-1.01426 0.425779
-0.834449 0.551646
-0.632553 0.666012
-0.399107 0.766493
-0.153045 0.850994
0.111946 0.917755
0.376938 0.965382
0.62931 0.992883
0.916383 0.999684
1.17506 0.985645
1.42744 0.951057
1.64195 0.896641
1.83754 0.823533
2.00474 0.733255
2.12461 0.627691
2.23187 0.509041
2.29812 0.379779
2.34229 0.242599
2.33598 0.100362
2.29497 -0.0439681
2.19402 -0.187381
1.99527 -0.326888
1.87855 -0.45958
1.66404 -0.58269
1.44952 -0.693653
1.19399 -0.790155
0.925847 -0.870184
0.632465 -0.932071
0.342236 -0.974527
0.0393895 -0.996666
-0.257147 -0.998027
-0.534757 -0.978581
-0.812368 -0.938734
-1.06789 -0.879316
-1.29818 -0.801567
-1.61365 -0.707107
-1.7146 -0.597905
-1.80608 -0.476238
-1.90388 -0.344643
-1.97328 -0.205863
-1.99852 -0.0627905
-1.98274 0.0815906
-1.93542 0.224271
-1.83132 0.362275
-1.68621 0.492727
-1.50955 0.612907
-1.32027 0.720309
-1.1026 0.812694
-0.856532 0.888136
-0.601006 0.945063
-0.33917 0.982287
-0.0647138 0.999033
0.193968 0.994951
0.436877 0.970127
0.673475 0.925077
0.897456 0.860742
1.10251 0.778462
1.27601 0.679953
1.43059 0.567269
1.52208 0.442758
1.59463 0.309017
1.64511 0.168833
1.61987 0.0251301
1.58517 -0.119097
1.49369 -0.260842
1.35488 -0.397148
1.18768 -0.525175
0.979476 -0.642253
0.755496 -0.745941
0.512587 -0.834078
0.269679 -0.904827
0.0173067 -0.956712
-0.250839 -0.988652
-0.50952 -0.99998
-0.774511 -0.990461
-1.03004 -0.960294
-1.24771 -0.910106
-1.45276 -0.840945
-1.6452 -0.754251
-1.79977 -0.651834
-1.9165 -0.535827
-2.00483 -0.408649
-2.03637 -0.272952
-2.04899 -0.131564
-2.01745 0.012566
-1.9512 0.156434
-1.85656 0.297042
-1.70198 0.431456
-1.52532 0.556876
-1.32027 0.670686
-1.08367 0.770513
-0.831295 0.854277
-0.566304 0.920232
-0.29185 0.967001
-0.0142401 0.993611
0.253905 0.999507
0.528361 0.984564
0.790197 0.949096
1.02995 0.893841
1.25393 0.819952
1.44321 0.728969
1.59779 0.622788
1.72398 0.503623
1.80915 0.373959
1.85647 0.236499
1.8754 0.0941083
1.84701 -0.0502443
1.76498 -0.193549
1.66088 -0.33282
1.51577 -0.465151
1.34857 -0.587785
1.14667 -0.698165
0.932156 -0.79399
0.676629 -0.873262
0.417948 -0.934329
0.162421 -0.975917
-0.112034 -0.997159
-0.377025 -0.997613
-0.623087 -0.977268
-0.862842 -0.93655
-1.08682 -0.876307
-1.28557 -0.797794
-1.44645 -0.70265
-1.5821 -0.592857
-1.67359 -0.470704
-1.7493 -0.338738
-1.77138 -0.19971
-1.76507 -0.0565185
-1.74614 0.0878512
-1.64204 0.230389
-1.52847 0.368125
-1.35812 0.498185
-1.16253 0.61786
-0.948017 0.724653
-0.724037 0.816339
-0.481129 0.891007
-0.222447 0.947098
0.0520094 0.983445
0.320155 0.999289
0.5883 0.994301
0.853291 0.968583
1.09935 0.922673
1.31703 0.857527
1.51577 0.774503
1.6735 0.675333
1.81231 0.562083
1.90694 0.437116
1.96688 0.303035
1.9795 0.162637
1.96057 0.0188484
1.90379 -0.125333
1.80284 -0.266902
1.65773 -0.402906
1.48422 -0.530511
1.28548 -0.647056
1.05519 -0.750111
0.818589 -0.837528
0.550444 -0.907484
0.26968 -0.958522
-0.0142389 -0.989576
-0.288694 -1
-0.572612 -0.989576
-0.831295 -0.958522
-1.0742 -0.907484
-1.30134 -0.837528
-1.49693 -0.750111
-1.66097 -0.647056
-1.784 -0.530511
-1.88495 -0.402906
-1.93542 -0.266902
-1.95435 -0.125333
-1.96382 0.0188484
-1.90072 0.162637
-1.81555 0.303035
-1.68621 0.437116
-1.52216 0.562083
-1.33288 0.675333
-1.11206 0.774503
-0.884923 0.857527
-0.632551 0.922673
-0.354942 0.968583
-0.0678684 0.994301
0.209741 0.999289
0.462113 0.983445
0.730258 0.947098
0.960549 0.891007
1.18137 0.816339
1.3675 0.724653
1.51892 0.61786
1.64195 0.498185
1.73028 0.368125
1.7713 0.230389
1.78707 0.0878512
1.76499 -0.0565185
1.69243 -0.19971
1.58517 -0.338738
1.44006 -0.470704
1.25393 -0.592857
1.0615 -0.70265
0.840671 -0.797794
0.594608 -0.876307
0.323308 -0.93655
0.0583176 -0.977268
-0.1909 -0.997613
-0.455891 -0.997159
-0.714573 -0.975917
-0.957481 -0.934329
-1.18146 -0.873262
-1.3802 -0.79399
-1.54109 -0.698165
-1.6799 -0.587785
-1.78085 -0.465151
-1.8534 -0.33282
-1.88495 -0.193549
-1.88495 -0.0502443
-1.84078 0.0941083
-1.74614 0.236499
-1.62942 0.373959
-1.46853 0.503623
-1.29818 0.622788
-1.08367 0.728969
-0.847068 0.819952
-0.59785 0.893841
-0.336014 0.949096
-0.0647138 0.984564
0.206586 0.999507
0.477885 0.993611
0.749185 0.967001
0.985785 0.920232
1.20661 0.854277
1.40535 0.770513
1.56309 0.670686
1.71766 0.556876
1.80599 0.431456
1.86593 0.297042
1.88171 0.156434
1.86593 0.012566
1.82177 -0.131564
1.7082 -0.272952
1.57886 -0.408649
1.4022 -0.535827
1.19399 -0.651834
0.98263 -0.754251
0.720795 -0.840945
0.462114 -0.910106
0.193969 -0.960294
-0.0931047 -0.990461
-0.37387 -0.99998
-0.638861 -0.988652
-0.900698 -0.956712
-1.14676 -0.904827
-1.35812 -0.834078
-1.56633 -0.745941
-1.72091 -0.642253
-1.84078 -0.525175
-1.92912 -0.397148
-1.98274 -0.260842
-2.00798 -0.119097
-1.99536 0.0251301
-1.9512 0.168833
-1.84078 0.309017
-1.70513 0.442758
-1.53794 0.567269
-1.33919 0.679953
-1.11837 0.778462
-0.881769 0.860742
-0.623087 0.925077
-0.351788 0.970127
-0.083643 0.994951
0.197121 0.999033
0.452649 0.982287
0.71133 0.945063
0.938466 0.888136
1.16245 0.812694
1.33911 0.720309
1.50315 0.612907
1.61987 0.492727
1.69558 0.362275
1.7429 0.224271
1.74606 0.0815906
1.72082 -0.0627905
1.64511 -0.205863
1.53154 -0.344643
1.38327 -0.476238
1.19399 -0.597905
1.00156 -0.707107
0.761805 -0.801567
0.518897 -0.879316
0.244442 -0.938734
-0.0205483 -0.978581
-0.301314 -0.998027
-0.559995 -0.996666
-0.821831 -0.974527
-1.05843 -0.932071
-1.28241 -0.870184
-1.48115 -0.790155
-1.64835 -0.693653
-1.78085 -0.58269
-1.87864 -0.45958
-1.94804 -0.326888
-1.98905 -0.187381
-1.98274 -0.0439681
-1.93542 0.100362
-1.85971 0.242599
-1.74299 0.379779
-1.57579 0.509041
-1.39282 0.627691
-1.17831 0.733255
-0.938554 0.823533
-0.683027 0.896641
-0.408573 0.951057
-0.137271 0.985645
0.143493 0.999684
0.427413 0.992883
0.689249 0.965382
0.935311 0.917755
1.16245 0.850994
1.37065 0.766493
1.54101 0.666012
1.68296 0.551646
1.78707 0.425779
1.84385 0.291036
1.8754 0.150226
1.85331 0.00628314
1.80915 -0.13779
1.71451 -0.278991
1.57886 -0.414376
1.41797 -0.541121
1.21608 -0.656586
0.998405 -0.758362
0.75865 -0.844328
0.503124 -0.912692
0.231824 -0.962028
-0.0394763 -0.991308
-0.307622 -0.999921
-0.566304 -0.987688
-0.818676 -0.954865
-1.04897 -0.902134
-1.25402 -0.830596
-1.43383 -0.741742
-1.58841 -0.637424
-1.71775 -0.519817
-1.80293 -0.391374
-1.8534 -0.254771
-1.87549 -0.112856
-1.85025 0.0314108
-1.784 0.175023
-1.68621 0.314987
