data = [-0.00792955 0.140901
-0.0142389 0.278991
-0.00162135 0.411514
0.0393895 0.535827
0.093019 0.649448
0.17504 0.750111
0.288607 0.835807
0.427413 0.904827
0.575681 0.955793
0.727105 0.987688
0.878527 0.999877
1.03626 0.992115
1.17506 0.964557
1.32018 0.917755
1.44006 0.85264
1.52523 0.770513
1.59463 0.673012
1.63564 0.562083
1.65457 0.439939
1.63249 0.309017
1.57886 0.171929
1.49368 0.0314108
1.36434 -0.109734
1.18768 -0.24869
0.99525 -0.382683
0.768115 -0.509041
0.515743 -0.625243
0.250752 -0.728969
-0.0394763 -0.81815
-0.332859 -0.891007
-0.638862 -0.946085
-0.938554 -0.982287
-1.24771 -0.99889
-1.53163 -0.995562
-1.80924 -0.97237
-2.0553 -0.929776
-2.26982 -0.868632
-2.46541 -0.790155
-2.64207 -0.695913
-2.76825 -0.587785
-2.87236 -0.46793
-2.94176 -0.338738
-2.96384 -0.202787
-2.95438 -0.0627905
-2.90075 0.0784591
-2.81242 0.218143
-2.67677 0.353475
-2.51273 0.481754
-2.30767 0.60042
-2.09316 0.707107
-1.83763 0.799685
-1.57579 0.876307
-1.28872 0.935444
-0.995337 0.975917
-0.689336 0.996917
-0.395953 0.998027
-0.0962606 0.979223
0.181349 0.940881
0.449494 0.883766
0.708176 0.809017
0.913229 0.718126
1.11197 0.612907
1.27286 0.495459
1.39274 0.368125
1.48738 0.233445
1.53785 0.0941083
1.54731 -0.0471065
1.52523 -0.187381
1.46845 -0.323917
1.38012 -0.45399
1.25393 -0.575005
1.08989 -0.684547
0.916382 -0.78043
0.727104 -0.860742
0.515741 -0.92388
0.301226 -0.968583
0.0772456 -0.993961
-0.14989 -0.999507
-0.354942 -0.985109
-0.553686 -0.951057
-0.742964 -0.898028
-0.907006 -0.827081
-1.05843 -0.739631
-1.16884 -0.637424
-1.24455 -0.522499
-1.30134 -0.397148
-1.32342 -0.263873
-1.3108 -0.125333
-1.26033 0.0157073
-1.18146 0.156434
-1.06474 0.29404
-0.913317 0.425779
-0.736656 0.549023
-0.534757 0.661312
-0.304468 0.760406
-0.0678684 0.844328
0.181349 0.911403
0.455804 0.960294
0.71764 0.990024
0.98263 1
1.23185 0.990024
1.4716 0.960294
1.70189 0.911403
1.88486 0.844328
2.05521 0.760406
2.16878 0.661312
2.31074 0.549023
2.34544 0.425779
2.3833 0.29404
2.38961 0.156434
2.33913 0.0157073
2.26342 -0.125333
2.11515 -0.263873
1.95426 -0.397148
1.7429 -0.522499
1.51261 -0.637424
1.25709 -0.739631
0.985786 -0.827081
0.698713 -0.898028
0.383247 -0.951057
-0.0394763 -0.985109
-0.219292 -0.999507
-0.503211 -0.993961
-0.787129 -0.968583
-1.05527 -0.92388
-1.30765 -0.860742
-1.52532 -0.78043
-1.73668 -0.684547
-1.89441 -0.575005
-2.0206 -0.45399
-2.09316 -0.323917
-2.14994 -0.187381
-2.14994 -0.0471065
-2.12786 0.0941083
-2.0553 0.233445
-1.96382 0.368125
-1.80608 0.495459
-1.64835 0.612907
-1.44014 0.718126
-1.22247 0.809017
-0.995336 0.883766
-0.727191 0.940881
-0.27923 0.979223
-0.134116 0.998027
0.0709363 0.996917
0.332772 0.975917
0.581991 0.935444
0.815435 0.876307
1.00787 0.799685
1.18453 0.707107
1.31702 0.60042
1.43059 0.481754
1.50315 0.353475
1.53785 0.218143
1.54416 0.0784591
1.5063 -0.0627905
1.43059 -0.202787
1.31387 -0.338738
1.16876 -0.46793
0.982632 -0.587785
0.780733 -0.695913
0.550444 -0.790155
0.304381 -0.868632
0.0393906 -0.929776
-0.225601 -0.97237
-0.490593 -0.995562
-0.761893 -0.99889
-1.0048 -0.982287
-1.23509 -0.946085
-1.44961 -0.891007
-1.64204 -0.81815
-1.80608 -0.728969
-1.9512 -0.625243
-2.05215 -0.509041
-2.1184 -0.382683
-2.14994 -0.24869
-2.15625 -0.109734
-2.10893 0.0314108
-2.02375 0.171929
-1.92596 0.309017
-1.76192 0.439939
-1.57579 0.562083
-1.36759 0.673012
-1.13099 0.770513
-0.878614 0.85264
-0.610469 0.917755
-0.336014 0.964557
-0.0457857 0.992115
0.238133 0.999877
0.512588 0.987688
0.774424 0.955793
1.01102 0.904827
1.23185 0.835807
1.41797 0.750111
1.58202 0.649448
1.71451 0.535827
1.80599 0.411514
1.86278 0.278991
1.86909 0.140901
1.85016 9.34727e-14
1.79338 -0.140901
1.68296 -0.278991
1.55678 -0.411514
1.39274 -0.535827
1.19399 -0.649448
0.979477 -0.750111
0.739721 -0.835807
0.484195 -0.904827
0.228668 -0.955793
-0.0426322 -0.987688
-0.307623 -0.999877
-0.572614 -0.992115
-0.824986 -0.964557
-1.05212 -0.917755
-1.25717 -0.85264
-1.4433 -0.770513
-1.60734 -0.673012
-1.72722 -0.562083
-1.82501 -0.439939
-1.87864 -0.309017
-1.89441 -0.171929
-1.87549 -0.0314108
-1.82501 0.109734
-1.74615 0.24869
-1.61365 0.382683
-1.44961 0.509041
-1.25086 0.625243
-1.05212 0.728969
-0.806058 0.81815
-0.54422 0.891007
-0.288694 0.946085
-0.0268576 0.982287
0.250752 0.99889
0.509433 0.995562
0.75865 0.97237
0.988941 0.929776
1.21923 0.868632
1.41166 0.790155
1.57571 0.695913
1.71136 0.587785
1.80284 0.46793
1.85962 0.338738
1.89117 0.202787
1.85962 0.0627905
1.82177 -0.0784591
1.71451 -0.218143
1.59148 -0.353475
1.41482 -0.481754
1.22238 -0.60042
0.985785 -0.707107
0.742877 -0.799685
0.48735 -0.876307
0.231824 -0.935444
-0.0489404 -0.975917
-0.32655 -0.996917
-0.591542 -0.998027
-0.869151 -0.979223
-1.12152 -0.940881
-1.33604 -0.883766
-1.55056 -0.809017
-1.72406 -0.718126
-1.86918 -0.612907
-1.98274 -0.495459
-2.04584 -0.368125
-2.08369 -0.233445
-2.09316 -0.0941083
-2.04899 0.0471065
-1.96697 0.187381
-1.8534 0.323917
-1.70829 0.45399
-1.50955 0.575005
-1.3108 0.684547
-1.07736 0.78043
-0.821831 0.860742
-0.550531 0.92388
-0.282385 0.968583
0.0109974 0.993961
0.291762 0.999507
0.569371 0.985109
0.828052 0.951057
1.06465 0.898028
1.28548 0.827081
1.47791 0.739631
1.64195 0.637424
1.77445 0.522499
1.88802 0.397148
1.93534 0.263873
1.93534 0.125333
1.91325 -0.0157073
1.86593 -0.156434
1.77129 -0.29404
1.62302 -0.425779
1.45898 -0.549023
1.24762 -0.661312
1.03626 -0.760406
0.780733 -0.844328
0.522052 -0.911403
0.253905 -0.960294
-0.0142401 -0.990024
-0.282385 -1
-0.619933 -0.990024
-0.793439 -0.960294
-1.02373 -0.911403
-1.22563 -0.844328
-1.41806 -0.760406
-1.56633 -0.661312
-1.69567 -0.549023
-1.79346 -0.425779
-1.84394 -0.29404
-1.87864 -0.156434
-1.85656 -0.0157073
-1.81555 0.125333
-1.7146 0.263873
-1.57579 0.397148
-1.41491 0.522499
-1.22563 0.637424
-1.0048 0.739631
-0.768201 0.827081
-0.522139 0.898028
-0.247684 0.951057
0.0236161 0.985109
0.288607 0.999507
0.563062 0.993961
0.821744 0.968583
1.05834 0.92388
1.27917 0.860742
1.46214 0.78043
1.62934 0.684547
1.76499 0.575005
1.85963 0.45399
1.92587 0.323917
1.93534 0.187381
1.91325 0.0471065
1.84701 -0.0941083
1.76499 -0.233445
1.63249 -0.368125
1.46529 -0.495459
1.2634 -0.612907
1.03311 -0.718126
0.790197 -0.809017
0.515741 -0.883766
0.244441 -0.940881
-0.0363228 -0.979223
-0.317087 -0.998027
-0.601006 -0.996917
-0.859687 -0.975917
-1.09944 -0.935444
-1.32658 -0.876307
-1.52847 -0.799685
-1.69882 -0.707107
-1.83448 -0.60042
-1.93858 -0.481754
-2.00167 -0.353475
-2.04268 -0.218143
-2.04268 -0.0784591
-2.00167 0.0627905
-1.92596 0.202787
-1.81239 0.338738
-1.64835 0.46793
-1.47169 0.587785
-1.25402 0.695913
-1.02373 0.790155
-0.761892 0.868632
-0.503211 0.929776
-0.216137 0.97237
0.0551629 0.995562
0.335927 0.99889
0.600919 0.982287
0.8596 0.946085
1.09304 0.891007
1.30756 0.81815
1.50946 0.728969
1.65457 0.625243
1.78076 0.509041
1.86909 0.382683
1.90694 0.24869
1.91641 0.109734
1.88486 -0.0314108
1.80284 -0.171929
1.69243 -0.309017
1.55047 -0.439939
1.3675 -0.562083
1.1656 -0.673012
0.932157 -0.770513
0.682939 -0.85264
0.417949 -0.917755
0.146649 -0.964557
-0.130961 -0.992115
-0.408571 -0.999877
-0.670408 -0.987688
-0.919625 -0.955793
-1.14676 -0.904827
-1.36128 -0.835807
-1.54109 -0.750111
-1.68936 -0.649448
-1.80608 -0.535827
-1.89441 -0.411514
-1.94173 -0.278991
-1.9512 -0.140901
-1.92911 1.68326e-13
-1.86602 0.140901
-1.77454 0.278991
-1.63573 0.411514
-1.46222 0.535827
-1.26664 0.649448
-1.04897 0.750111
-0.796594 0.835807
-0.544221 0.904827
-0.269766 0.955793
0.0109985 0.987688
0.285453 0.999877
0.563063 0.992115
0.821744 0.964557
1.06465 0.917755
1.28232 0.85264
1.48107 0.770513
1.64826 0.673012
1.78707 0.562083
1.89117 0.439939
1.95111 0.309017
1.96688 0.171929
1.9448 0.0314108
1.90063 -0.109734
1.79969 -0.24869
1.66404 -0.382683
1.5063 -0.509041
1.2981 -0.625243
1.08989 -0.728969
0.840672 -0.81815
0.5883 -0.891007
0.323309 -0.946085
0.0425453 -0.982287
-0.238219 -0.99889
-0.500056 -0.995562
-0.765047 -0.97237
-0.998491 -0.929776
-1.22247 -0.868632
-1.42121 -0.790155
