data = [0.0206096 0.0212402
0.0332284 0.0423578
0.0300737 0.0632416
0.0395377 0.083803
0.036383 0.103984
0.0395377 0.123763
0.0521564 0.143159
0.0710833 0.162225
0.0900114 0.181051
0.124713 0.199749
0.159414 0.218448
0.190961 0.237277
0.235125 0.256357
0.257208 0.275787
0.298219 0.295634
0.332921 0.315927
0.361312 0.33665
0.399168 0.357745
0.440179 0.379117
0.471725 0.400636
0.506426 0.422155
0.544282 0.443518
0.578983 0.464577
0.623149 0.485208
0.664158 0.505322
0.705169 0.524874
0.739871 0.543875
0.780882 0.562391
0.802963 0.580542
0.843974 0.598495
0.859747 0.616449
0.891294 0.634623
0.916532 0.653233
0.935458 0.672476
0.951232 0.692504
0.97016 0.713405
0.982779 0.735193
0.998552 0.757788
1.01117 0.781013
1.02379 0.804595
1.0301 0.82817
1.03956 0.851298
1.03956 0.873477
1.03956 0.894172
1.04272 0.912839
1.04587 0.928952
1.04903 0.942037
1.05218 0.951691
1.04272 0.95761
1.02064 0.959605
1.02379 0.95761
0.998553 0.951691
0.967007 0.942037
0.93546 0.928952
0.907068 0.912839
0.856594 0.894172
0.806119 0.873477
0.749335 0.851298
0.676778 0.82817
0.582138 0.804595
0.503272 0.781013
0.408633 0.757788
0.298219 0.735193
0.190961 0.713405
0.0742392 0.692504
-0.0393292 0.672476
-0.16867 0.653233
-0.294856 0.634623
-0.414733 0.616449
-0.550383 0.598495
-0.689188 0.580542
-0.805911 0.562391
-0.932096 0.543875
-1.06144 0.524874
-1.18131 0.505322
-1.30119 0.485208
-1.41791 0.464577
-1.54094 0.443518
-1.64189 0.422155
-1.73969 0.400636
-1.84064 0.379117
-1.9479 0.357745
-2.04253 0.33665
-2.13402 0.315927
-2.2255 0.295634
-2.30753 0.275787
-2.37693 0.256357
-2.44949 0.237277
-2.51258 0.218448
-2.56621 0.199749
-2.61984 0.181051
-2.65769 0.162225
-2.6987 0.143159
-2.73656 0.123763
-2.7618 0.103984
-2.77442 0.083803
-2.79965 0.0632416
-2.81227 0.0423578
-2.80281 0.0212402
-2.80281 8.77923e-16
-2.79334 -0.0212402
-2.77126 -0.0423578
-2.74602 -0.0632416
-2.71763 -0.083803
-2.69555 -0.103984
-2.6293 -0.123763
-2.60722 -0.143159
-2.59144 -0.162225
-2.52835 -0.181051
-2.48734 -0.199749
-2.4274 -0.218448
-2.37062 -0.237277
-2.31383 -0.256357
-2.26336 -0.275787
-2.18765 -0.295634
-2.1214 -0.315927
-2.05515 -0.33665
-1.97313 -0.357745
-1.90373 -0.379117
-1.80594 -0.400636
-1.75231 -0.422155
-1.6766 -0.443518
-1.58511 -0.464577
-1.5094 -0.485208
-1.42738 -0.505322
-1.32643 -0.524874
-1.24125 -0.543875
-1.16239 -0.562391
-1.08352 -0.580542
-0.992034 -0.598495
-0.897395 -0.616449
-0.815375 -0.634623
-0.730198 -0.653233
-0.619784 -0.672476
-0.515681 -0.692504
-0.452589 -0.713405
-0.34533 -0.735193
-0.25069 -0.757788
-0.162359 -0.781013
-0.0771843 -0.804595
-0.00778247 -0.82817
0.0837032 -0.851298
0.159414 -0.873477
0.238281 -0.894172
0.310838 -0.912839
0.392859 -0.928952
0.459108 -0.942037
0.531664 -0.951691
0.594758 -0.95761
0.67047 -0.959605
0.733562 -0.95761
0.793501 -0.951691
0.866058 -0.942037
0.925997 -0.928952
1.00171 -0.912839
1.05218 -0.894172
1.11528 -0.873477
1.18783 -0.851298
1.25723 -0.82817
1.33925 -0.804595
1.39919 -0.781013
1.47491 -0.757788
1.53484 -0.735193
1.61371 -0.713405
1.68627 -0.692504
1.75251 -0.672476
1.81876 -0.653233
1.88186 -0.634623
1.95126 -0.616449
2.00804 -0.598495
2.05536 -0.580542
2.10583 -0.562391
2.16262 -0.543875
2.20678 -0.524874
2.24464 -0.505322
2.28565 -0.485208
2.30773 -0.464577
2.34559 -0.443518
2.38029 -0.422155
2.41184 -0.400636
2.43392 -0.379117
2.45285 -0.357745
2.46546 -0.33665
2.48124 -0.315927
2.50017 -0.295634
2.50332 -0.275787
2.51278 -0.256357
2.50963 -0.237277
2.50963 -0.218448
2.50963 -0.199749
2.50332 -0.181051
2.4907 -0.162225
2.47493 -0.143159
2.46231 -0.123763
2.43707 -0.103984
2.41499 -0.083803
2.38975 -0.0632416
2.36452 -0.0423578
2.33297 -0.0212402
2.30142 -1.41207e-14
2.26672 0.0212402
2.2194 0.0423578
2.19417 0.0632416
2.14685 0.083803
2.10584 0.103984
2.06483 0.123763
2.02066 0.143159
1.97334 0.162225
1.92917 0.181051
1.86924 0.199749
1.81245 0.218448
1.75567 0.237277
1.68942 0.256357
1.63579 0.275787
1.5727 0.295634
1.50645 0.315927
1.44336 0.33665
1.36765 0.357745
1.29824 0.379117
1.23515 0.400636
1.15628 0.422155
1.09319 0.443518
1.01748 0.464577
0.960697 0.485208
0.891294 0.505322
0.825046 0.524874
0.761953 0.543875
0.69886 0.562391
0.626303 0.580542
0.560055 0.598495
0.484344 0.616449
0.418096 0.634623
0.351849 0.653233
0.282446 0.672476
0.206735 0.692504
0.124713 0.713405
0.0553111 0.735193
-0.0298652 0.757788
-0.11504 0.781013
-0.178133 0.804595
-0.263308 0.82817
-0.332711 0.851298
-0.414733 0.873477
-0.47467 0.894172
-0.553537 0.912839
-0.619786 0.928952
-0.714425 0.942037
-0.771209 0.951691
-0.85323 0.95761
-0.928941 0.959605
-0.995189 0.95761
-1.0709 0.951691
-1.15923 0.942037
-1.25703 0.928952
-1.31381 0.912839
-1.39583 0.894172
-1.48732 0.873477
-1.58826 0.851298
-1.69552 0.82817
-1.79332 0.804595
-1.89111 0.781013
-1.99837 0.757788
-2.09932 0.735193
-2.20658 0.713405
-2.32645 0.692504
-2.41163 0.672476
-2.51573 0.653233
-2.60091 0.634623
-2.70501 0.616449
-2.7965 0.598495
-2.88167 0.580542
-2.96685 0.562391
-3.05518 0.543875
-3.10881 0.524874
-3.1719 0.505322
-3.23184 0.485208
-3.27916 0.464577
-3.31702 0.443518
-3.35487 0.422155
-3.39273 0.400636
-3.42427 0.379117
-3.45897 0.357745
-3.4779 0.33665
-3.50945 0.315927
-3.49999 0.295634
-3.50629 0.275787
-3.49999 0.256357
-3.49052 0.237277
-3.48421 0.218448
-3.44951 0.199749
-3.42743 0.181051
-3.38957 0.162225
-3.34225 0.143159
-3.31071 0.123763
-3.26654 0.103984
-3.21607 0.083803
-3.18137 0.0632416
-3.08042 0.0423578
-3.04887 0.0212402
-3.00155 2.65603e-14
-2.92899 -0.0212402
-2.85644 -0.0423578
-2.78072 -0.0632416
-2.69555 -0.083803
-2.63561 -0.103984
-2.56621 -0.123763
-2.49049 -0.143159
-2.41163 -0.162225
-2.33592 -0.181051
-2.25705 -0.199749
-2.17503 -0.218448
-2.0867 -0.237277
-2.01414 -0.256357
-1.93528 -0.275787
-1.85325 -0.295634
-1.76492 -0.315927
-1.68921 -0.33665
-1.60719 -0.357745
-1.53463 -0.379117
-1.45261 -0.400636
-1.37375 -0.422155
-1.29488 -0.443518
-1.22232 -0.464577
-1.14346 -0.485208
-1.05513 -0.505322
-0.982569 -0.524874
-0.897395 -0.543875
-0.809064 -0.562391
-0.739661 -0.580542
-0.654486 -0.598495
-0.566156 -0.616449
-0.487289 -0.634623
-0.405269 -0.653233
-0.320093 -0.672476
-0.244382 -0.692504
-0.140278 -0.713405
-0.0551027 -0.735193
0.0395377 -0.757788
0.124713 -0.781013
0.206735 -0.804595
0.295064 -0.82817
0.377086 -0.851298
0.459107 -0.873477
0.541128 -0.894172
0.619994 -0.912839
0.689397 -0.928952
0.777728 -0.942037
0.850283 -0.951691
0.922841 -0.95761
0.989088 -0.959605
1.06795 -0.95761
1.1342 -0.951691
1.20991 -0.942037
1.27932 -0.928952
1.35187 -0.912839
1.41812 -0.894172
1.50645 -0.873477
1.57585 -0.851298
1.65157 -0.82817
1.72728 -0.804595
1.81245 -0.781013
1.90078 -0.757788
1.97649 -0.735193
2.06483 -0.713405
2.13738 -0.692504
2.22256 -0.672476
2.29827 -0.653233
2.37083 -0.634623
2.44338 -0.616449
2.50017 -0.598495
2.56957 -0.580542
2.62951 -0.562391
2.68945 -0.543875
2.74623 -0.524874
2.79671 -0.505322
2.83456 -0.485208
2.87873 -0.464577
2.92289 -0.443518
2.96075 -0.422155
2.99545 -0.400636
3.02699 -0.379117
3.05223 -0.357745
3.068 -0.33665
3.09955 -0.315927
3.10271 -0.295634
3.11532 -0.275787
3.12163 -0.256357
3.12163 -0.237277
3.12794 -0.218448
3.11217 -0.199749
3.10586 -0.181051
3.08693 -0.162225
3.06485 -0.143159
3.03961 -0.123763
3.00807 -0.103984
2.97967 -0.083803
2.95444 -0.0632416
2.91658 -0.0423578
2.87242 -0.0212402
2.83141 2.48379e-14
2.77462 0.0212402
2.7273 0.0423578
2.67052 0.0632416
2.61689 0.083803
2.55695 0.103984
2.50648 0.123763
2.43076 0.143159
2.38344 0.162225
2.30458 0.181051
2.23833 0.199749
2.16262 0.218448
2.09006 0.237277
2.02066 0.256357
1.93548 0.275787
1.86293 0.295634
1.79037 0.315927
1.7052 0.33665
1.62948 0.357745
1.54746 0.379117
1.4686 0.400636
1.39604 0.422155
1.31717 0.443518
1.25408 0.464577
1.17521 0.485208
1.10897 0.505322
1.03325 0.524874
0.967005 0.543875
0.897604 0.562391
0.825046 0.580542
0.755644 0.598495
0.692552 0.616449
0.626303 0.634623
0.541128 0.653233
0.468571 0.672476
0.399169 0.692504
0.317147 0.713405
0.247745 0.735193
0.168878 0.757788
0.112094 0.781013
