data = [-0.0172454 0.0297086
-0.0267094 0.0590882
-0.0172453 0.0878709
-0.010936 0.1159
0.00168273 0.143159
0.0237643 0.169778
0.0521564 0.196014
0.0868579 0.222199
0.118405 0.248688
0.149951 0.275787
0.197271 0.303698
0.241436 0.332473
0.288756 0.362001
0.33923 0.39202
0.399169 0.422155
0.446489 0.451986
0.509581 0.481121
0.560056 0.509277
0.619994 0.536337
0.667314 0.562391
0.727253 0.587736
0.780882 0.612847
0.834511 0.638303
0.881831 0.664692
0.93546 0.692504
0.989089 0.722017
1.02379 0.753211
1.07742 0.785711
1.11212 0.818768
1.14682 0.851298
1.19099 0.881964
1.23515 0.909293
1.27301 0.931826
1.30455 0.948263
1.3361 0.95761
1.35818 0.959285
1.39288 0.953181
1.41497 0.939683
1.42128 0.919619
1.42443 0.894172
1.39604 0.864753
1.38342 0.832847
1.34556 0.799866
1.29825 0.767015
1.232 0.735193
1.1689 0.704937
1.08057 0.676415
0.973316 0.649466
0.869212 0.623679
0.743026 0.598495
0.613685 0.573316
0.468571 0.547614
0.332921 0.521008
0.172033 0.493319
0.036383 0.464577
-0.11504 0.435001
-0.269619 0.404945
-0.430506 0.374826
-0.578775 0.345048
-0.730198 0.315927
-0.89424 0.287643
-1.04882 0.260212
-1.20024 0.233495
-1.35167 0.207221
-1.5094 0.181051
-1.65136 0.154633
-1.79647 0.127672
-1.93212 0.0999799
-2.06777 0.0715089
-2.20342 0.0423578
-2.32014 0.0127521
-2.44633 -0.0169982
-2.56621 -0.0465565
-2.67662 -0.0756217
-2.78072 -0.103984
-2.87852 -0.131565
-2.96369 -0.158434
-3.03941 -0.184797
-3.10881 -0.21096
-3.16244 -0.237277
-3.21922 -0.264082
-3.26654 -0.291629
-3.31071 -0.320038
-3.34541 -0.349268
-3.37695 -0.379117
-3.39273 -0.409252
-3.4085 -0.439265
-3.39588 -0.468741
-3.38957 -0.497342
-3.3738 -0.524874
-3.35802 -0.551334
-3.32648 -0.576934
-3.30124 -0.602078
-3.2697 -0.627312
-3.21607 -0.653233
-3.17505 -0.680386
-3.12143 -0.709153
-3.08042 -0.739652
-2.9984 -0.771662
-2.92899 -0.804595
-2.85328 -0.837502
-2.78703 -0.869143
-2.68924 -0.898085
-2.5946 -0.922845
-2.50311 -0.942037
-2.38008 -0.95452
-2.32961 -0.959525
-2.24128 -0.956736
-2.12455 -0.94633
-2.01099 -0.928952
-1.87849 -0.90565
-1.74284 -0.877752
-1.59142 -0.846732
-1.43053 -0.814049
-1.26333 -0.781013
-1.07721 -0.748662
-0.878467 -0.717693
-0.673414 -0.68843
-0.446279 -0.660845
-0.165515 -0.634623
-0.0298652 -0.609253
0.20358 -0.584143
0.427561 -0.558721
0.654695 -0.532538
0.89445 -0.505322
1.1342 -0.477014
1.35187 -0.447758
1.56639 -0.417859
1.78406 -0.387715
1.98911 -0.357745
2.18786 -0.328312
2.39922 -0.299657
2.65159 -0.271869
2.77147 -0.244873
2.95128 -0.218448
3.12794 -0.192277
3.28568 -0.166006
3.44341 -0.139308
3.58221 -0.111944
3.72102 -0.083803
3.82197 -0.0549224
3.93238 -0.0254774
4.01755 0.00425205
4.10273 0.033933
4.17844 0.0632416
4.24153 0.0919232
4.31094 0.119839
4.35195 0.146996
4.40873 0.173543
4.44028 0.199749
4.44974 0.225957
4.4529 0.252516
4.44343 0.279722
4.43397 0.307756
4.40558 0.33665
4.38034 0.366267
4.34248 0.396327
4.29201 0.426445
4.24153 0.456198
4.19106 0.485208
4.12481 0.51321
4.07434 0.540116
3.99863 0.566046
3.92291 0.591325
3.83458 0.616449
3.75256 0.642003
3.64846 0.668569
3.55066 0.696612
3.45918 0.726375
3.35192 0.757788
3.25097 0.790421
3.13425 0.823476
3.01437 0.855826
2.90712 0.886107
2.78724 0.912839
2.68314 0.934574
2.57272 0.950051
2.46231 0.958327
2.34559 0.958885
2.22887 0.951691
2.10583 0.937194
1.97334 0.916282
1.844 0.890178
1.69573 0.860313
1.54746 0.82817
1.38026 0.79514
1.1973 0.76239
1.01117 0.730767
0.818738 0.700757
0.607375 0.672476
0.402324 0.645723
0.178341 0.620059
-0.0267105 0.594911
-0.26331 0.569687
-0.490445 0.543875
-0.720734 0.517121
-0.954178 0.489275
-1.17816 0.460396
-1.4116 0.430727
-1.62297 0.400636
-1.84379 0.370543
-2.06146 0.340842
-2.27282 0.311833
-2.49996 0.283673
-2.72079 0.256357
-2.93846 0.229721
-3.1372 0.203485
-3.34225 0.1773
-3.53784 0.15082
-3.72397 0.123763
-3.89747 0.0959595
-4.06152 0.0673821
-4.22556 0.0381497
-4.37383 0.00850309
-4.51578 -0.0212402
-4.64828 -0.0507449
-4.76185 -0.0797198
-4.88173 -0.107972
-4.97637 -0.135444
-5.07416 -0.162225
-5.14672 -0.188539
-5.20666 -0.214702
-5.25082 -0.241069
-5.28868 -0.267968
-5.32653 -0.295634
-5.34546 -0.324167
-5.35808 -0.353501
-5.34861 -0.383413
-5.33915 -0.413557
-5.31707 -0.443518
-5.28237 -0.472887
-5.23505 -0.501343
-5.18457 -0.528717
-5.12779 -0.555036
-5.05839 -0.580542
-4.97637 -0.605664
-4.89119 -0.63096
-4.7997 -0.657026
-4.70506 -0.684391
-4.58834 -0.713405
-4.46847 -0.744142
-4.35174 -0.776329
-4.21294 -0.809323
-4.08044 -0.842132
-3.9511 -0.873477
-3.80914 -0.901912
-3.66718 -0.925958
-3.54099 -0.944253
-3.4085 -0.955706
-3.26654 -0.959605
-3.12458 -0.955706
-2.94792 -0.944253
-2.79019 -0.925958
-2.61353 -0.901912
-2.43371 -0.873477
-2.23181 -0.842132
-2.02676 -0.809323
-1.80593 -0.776329
-1.58195 -0.744142
-1.3422 -0.713405
-1.09614 -0.684391
-0.834301 -0.657026
-0.566156 -0.63096
-0.294855 -0.605664
-0.0172465 -0.580542
0.254055 -0.555036
0.531664 -0.528717
0.806119 -0.501343
1.09319 -0.472887
1.35187 -0.443518
1.63264 -0.413557
1.89763 -0.383413
2.16262 -0.353501
2.40868 -0.324167
2.64844 -0.295634
2.88819 -0.267968
3.11532 -0.241069
3.3393 -0.214702
3.5412 -0.188539
3.74941 -0.162225
3.945 -0.135444
4.11219 -0.107972
4.28886 -0.0797198
4.43397 -0.0507449
4.57277 -0.0212402
4.70842 0.00850309
4.81884 0.0381497
4.92925 0.0673821
5.00496 0.0959595
5.08067 0.123763
5.14376 0.15082
5.2037 0.1773
5.24787 0.203485
5.26364 0.229721
5.27626 0.256357
5.2384 0.283673
5.22263 0.311833
5.20055 0.340842
5.16269 0.370543
5.11537 0.400636
5.0649 0.430727
5.0018 0.460396
4.92925 0.489275
4.85038 0.517121
4.76836 0.543875
4.6611 0.569687
4.55069 0.594911
4.45289 0.620059
4.32986 0.645723
4.20999 0.672476
4.07118 0.700757
3.95131 0.730767
3.81565 0.76239
3.68001 0.79514
3.53489 0.82817
3.39293 0.860313
3.26044 0.890178
3.11217 0.916282
2.9639 0.937194
2.82194 0.951691
2.68314 0.958885
2.52225 0.958327
2.38029 0.950051
2.23202 0.934574
2.06798 0.912839
1.90394 0.886107
1.73043 0.855826
1.54746 0.823476
1.35187 0.790421
1.15313 0.757788
0.941768 0.726375
0.714633 0.696612
0.481189 0.668569
0.250899 0.642003
0.0143003 0.616449
-0.222298 0.591325
-0.462053 0.566046
-0.704961 0.540116
-0.932096 0.51321
-1.17816 0.485208
-1.40845 0.456198
-1.64189 0.426445
-1.87534 0.396327
-2.09932 0.366267
-2.32961 0.33665
-2.55043 0.307756
-2.75233 0.279722
-2.97631 0.252516
-3.17506 0.225957
-3.38011 0.199749
-3.56939 0.173543
-3.76498 0.146996
-3.94795 0.119839
-4.09622 0.0919232
-4.26972 0.0632416
-4.43692 0.033933
-4.57572 0.00425205
-4.71768 -0.0254774
-4.84071 -0.0549224
-4.96375 -0.083803
-5.07101 -0.111944
-5.15934 -0.139308
-5.2382 -0.166006
-5.30445 -0.192277
-5.36439 -0.218448
-5.41171 -0.244873
-5.44641 -0.271869
-5.47165 -0.299657
-5.47795 -0.328312
-5.48742 -0.357745
-5.46218 -0.387715
-5.44641 -0.417859
-5.41802 -0.447758
-5.37385 -0.477014
-5.32969 -0.505322
-5.27606 -0.532538
-5.21297 -0.558721
-5.1341 -0.584143
-5.05523 -0.609253
-4.9669 -0.634623
-4.86911 -0.660845
-4.75554 -0.68843
-4.64513 -0.717693
-4.51894 -0.748662
-4.39591 -0.781013
-4.26972 -0.814049
-4.12776 -0.846732
-3.99842 -0.877752
-3.85646 -0.90565
-3.71766 -0.928952
-3.58201 -0.94633
-3.44005 -0.956736
-3.29493 -0.959525
-3.14982 -0.95452
-2.99524 -0.942037
-2.83751 -0.922845
-2.67347 -0.898085
-2.49365 -0.869143
-2.30122 -0.837502
-2.09932 -0.804595
-1.87218 -0.771662
-1.6482 -0.739652
-1.4116 -0.709153
-1.15923 -0.680386
-0.89424 -0.653233
-0.629248 -0.627312
-0.351639 -0.602078
-0.0771842 -0.576934
0.216197 -0.551334
0.490653 -0.524874
0.777727 -0.497342
1.0648 -0.468741
1.3361 -0.439265
1.62002 -0.409252
1.89447 -0.379117
2.17839 -0.349268
2.44023 -0.320038
2.70522 -0.291629
2.95444 -0.264082
3.19735 -0.237277
3.42764 -0.21096
3.64531 -0.184797
3.85982 -0.158434
4.05226 -0.131565
4.24153 -0.103984
4.43397 -0.0756217
4.59486 -0.0465565
4.74312 -0.0169982
4.88193 0.0127521
4.99865 0.0423578
5.10906 0.0715089
5.1974 0.0999799
5.28572 0.127672
5.35513 0.154633
5.42138 0.181051
5.47185 0.207221
5.49393 0.233495
5.51286 0.260212
5.52232 0.287643
5.50024 0.315927
5.47816 0.345048
