data = [-0.0393281 0.0254774
-0.0487921 0.0507449
-0.0424828 0.0756217
-0.0424828 0.0999799
-0.0361734 0.123763
-0.0330187 0.146996
0.00168273 0.169778
0.0300748 0.192277
0.0521564 0.214702
0.0931673 0.237277
0.140487 0.260212
0.172034 0.283673
0.213044 0.307756
0.247745 0.332473
0.30453 0.357745
0.336075 0.383413
0.380241 0.409252
0.430716 0.435001
0.471726 0.460396
0.519045 0.485208
0.572675 0.509277
0.613686 0.532538
0.670469 0.555036
0.717789 0.576934
0.765109 0.598495
0.809274 0.620059
0.850285 0.642003
0.891295 0.664692
0.932305 0.68843
0.967006 0.713405
1.00802 0.739652
1.03641 0.767015
1.07426 0.79514
1.09635 0.823476
1.12789 0.851298
1.14998 0.877752
1.18468 0.901912
1.20045 0.922845
1.22253 0.939683
1.24146 0.951691
1.2667 0.958327
1.26985 0.959285
1.28247 0.95452
1.28878 0.944253
1.27932 0.928952
1.26354 0.909293
1.232 0.886107
1.19414 0.860313
1.15313 0.832847
1.09004 0.804595
1.02379 0.776329
0.944924 0.748662
0.850285 0.722017
0.746181 0.696612
0.629458 0.672476
0.509581 0.649466
0.389705 0.627312
0.257209 0.605664
0.121559 0.584143
-0.0140907 0.562391
-0.143431 0.540116
-0.291701 0.517121
-0.433661 0.493319
-0.569311 0.468741
-0.708115 0.443518
-0.850075 0.417859
-0.992034 0.39202
-1.12453 0.366267
-1.26334 0.340842
-1.39268 0.315927
-1.53148 0.291629
-1.66713 0.267968
-1.79016 0.244873
-1.91004 0.222199
-2.02045 0.199749
-2.12771 0.1773
-2.23812 0.154633
-2.32961 0.131565
-2.43056 0.107972
-2.51573 0.083803
-2.60406 0.0590882
-2.67977 0.033933
-2.74918 0.00850309
-2.80281 -0.0169982
-2.8659 -0.0423578
-2.90691 -0.0673821
-2.95108 -0.0919232
-2.98262 -0.1159
-3.0047 -0.139308
-3.02048 -0.162225
-3.03625 -0.184797
-3.04572 -0.207221
-3.04572 -0.229721
-3.03625 -0.252516
-3.02363 -0.275787
-2.99524 -0.299657
-2.97947 -0.324167
-2.93846 -0.349268
-2.91007 -0.374826
-2.85644 -0.400636
-2.80596 -0.426445
-2.75864 -0.451986
-2.68293 -0.477014
-2.62299 -0.501343
-2.57567 -0.524874
-2.48103 -0.547614
-2.43687 -0.569687
-2.35169 -0.591325
-2.28544 -0.612847
-2.19711 -0.634623
-2.11194 -0.657026
-2.02992 -0.680386
-1.94474 -0.704937
-1.84695 -0.730767
-1.74284 -0.757788
-1.65136 -0.785711
-1.55356 -0.814049
-1.4463 -0.842132
-1.33905 -0.869143
-1.21917 -0.894172
-1.09614 -0.916282
-1.02674 -0.934574
-0.90055 -0.948263
-0.802755 -0.956736
-0.686033 -0.959605
-0.572465 -0.956736
-0.455743 -0.948263
-0.329557 -0.934574
-0.212834 -0.916282
-0.0803389 -0.894172
0.0616205 -0.869143
0.197272 -0.842132
0.339231 -0.814049
0.594758 -0.785711
0.695706 -0.757788
0.831356 -0.730767
0.995399 -0.704937
1.15629 -0.680386
1.31717 -0.657026
1.48752 -0.634623
1.64841 -0.612847
1.80614 -0.591325
1.96388 -0.569687
2.1153 -0.547614
2.25726 -0.524874
2.38976 -0.501343
2.52856 -0.477014
2.6579 -0.451986
2.7904 -0.426445
2.89765 -0.400636
3.00176 -0.374826
3.11217 -0.349268
3.20681 -0.324167
3.29198 -0.299657
3.35823 -0.275787
3.43079 -0.252516
3.50019 -0.229721
3.56644 -0.207221
3.59799 -0.184797
3.63269 -0.162225
3.65792 -0.139308
3.68316 -0.1159
3.69893 -0.0919232
3.70209 -0.0673821
3.70209 -0.0423578
3.70525 -0.0169982
3.69263 0.00850309
3.67685 0.033933
3.65162 0.0590882
3.61691 0.083803
3.58852 0.107972
3.55697 0.131565
3.52543 0.154633
3.48757 0.1773
3.4371 0.199749
3.38978 0.222199
3.33299 0.244873
3.27937 0.267968
3.21943 0.291629
3.15634 0.315927
3.09324 0.340842
3.01437 0.366267
2.93551 0.39202
2.85664 0.417859
2.76831 0.443518
2.68314 0.468741
2.5885 0.493319
2.49386 0.517121
2.40868 0.540116
2.3172 0.562391
2.23202 0.584143
2.13738 0.605664
2.04905 0.627312
1.95757 0.649466
1.86293 0.672476
1.75882 0.696612
1.65788 0.722017
1.56324 0.748662
1.45598 0.776329
1.36134 0.804595
1.2667 0.832847
1.17837 0.860313
1.08373 0.886107
0.995398 0.909293
0.919687 0.928952
0.828201 0.944253
0.739871 0.95452
0.657849 0.959285
0.569518 0.958327
0.478033 0.951691
0.370776 0.939683
0.266672 0.922845
0.14995 0.901912
0.0300737 0.877752
-0.099267 0.851298
-0.231762 0.823476
-0.376875 0.79514
-0.534609 0.767015
-0.692342 0.739652
-0.856384 0.713405
-1.0362 0.68843
-1.21286 0.664692
-1.40214 0.642003
-1.59142 0.620059
-1.77754 0.598495
-1.95105 0.576934
-2.14033 0.555036
-2.3233 0.532538
-2.50312 0.509277
-2.67662 0.485208
-2.85959 0.460396
-3.02048 0.435001
-3.17506 0.409252
-3.33594 0.383413
-3.48421 0.357745
-3.62933 0.332473
-3.76813 0.307756
-3.90378 0.283673
-4.01419 0.260212
-4.12461 0.237277
-4.22556 0.214702
-4.3202 0.192277
-4.39275 0.169778
-4.46216 0.146996
-4.52525 0.123763
-4.56626 0.0999799
-4.61989 0.0756217
-4.66721 0.0507449
-4.68929 0.0254774
-4.70506 2.5895e-14
-4.68614 -0.0254774
-4.68614 -0.0507449
-4.65774 -0.0756217
-4.64197 -0.0999799
-4.60412 -0.123763
-4.56941 -0.146996
-4.53156 -0.169778
-4.48108 -0.192277
-4.42114 -0.214702
-4.35805 -0.237277
-4.27919 -0.260212
-4.20032 -0.283673
-4.10883 -0.307756
-4.02366 -0.332473
-3.93217 -0.357745
-3.82492 -0.383413
-3.72081 -0.409252
-3.60093 -0.435001
-3.49999 -0.460396
-3.38011 -0.485208
-3.26023 -0.509277
-3.14351 -0.532538
-3.01417 -0.555036
-2.89745 -0.576934
-2.7618 -0.598495
-2.62299 -0.620059
-2.49681 -0.642003
-2.36431 -0.664692
-2.24128 -0.68843
-2.11509 -0.713405
-1.98575 -0.739652
-1.85325 -0.767015
-1.72076 -0.79514
-1.57565 -0.823476
-1.44315 -0.851298
-1.31381 -0.877752
-1.18131 -0.901912
-1.04882 -0.922845
-0.916322 -0.939683
-0.771208 -0.951691
-0.635558 -0.958327
-0.512526 -0.959285
-0.370567 -0.95452
-0.225454 -0.944253
-0.0393293 -0.928952
0.0521564 -0.909293
0.194116 -0.886107
0.351849 -0.860313
0.519045 -0.832847
0.683088 -0.804595
0.856594 -0.776329
1.02695 -0.748662
1.20361 -0.722017
1.38027 -0.696612
1.56008 -0.672476
1.73043 -0.649466
1.89763 -0.627312
2.07429 -0.605664
2.25095 -0.584143
2.41815 -0.562391
2.56326 -0.540116
2.71784 -0.517121
2.8598 -0.493319
2.99229 -0.468741
3.13425 -0.443518
3.25728 -0.417859
3.36454 -0.39202
3.4718 -0.366267
3.57275 -0.340842
3.65792 -0.315927
3.73048 -0.291629
3.81566 -0.267968
3.87875 -0.244873
3.92607 -0.222199
3.99232 -0.199749
4.03333 -0.1773
4.07749 -0.154633
4.10273 -0.131565
4.12797 -0.107972
4.13112 -0.083803
4.12481 -0.0590882
4.12797 -0.033933
4.12166 -0.00850309
4.10273 0.0169982
4.08696 0.0423578
4.06488 0.0673821
4.02071 0.0919232
3.9797 0.1159
3.94815 0.139308
3.92607 0.162225
3.88506 0.184797
3.83458 0.207221
3.78411 0.229721
3.72733 0.252516
3.66423 0.275787
3.60114 0.299657
3.53174 0.324167
3.45603 0.349268
3.39293 0.374826
3.30145 0.400636
3.21627 0.426445
3.12479 0.451986
3.03961 0.477014
2.94813 0.501343
2.85033 0.524874
2.75254 0.547614
2.65159 0.569687
2.56641 0.591325
2.45916 0.612847
2.36136 0.634623
2.25095 0.657026
2.14685 0.680386
2.03643 0.704937
1.93233 0.730767
1.82823 0.757788
1.72412 0.785711
1.62633 0.814049
1.52222 0.842132
1.42128 0.869143
1.31717 0.894172
1.21938 0.916282
1.12158 0.934574
1.02379 0.948263
0.919687 0.956736
0.815582 0.959605
0.720943 0.956736
0.604221 0.948263
0.493808 0.934574
0.38024 0.916282
0.257208 0.894172
0.112094 0.869143
-0.0235547 0.842132
-0.184442 0.814049
-0.33902 0.785711
-0.515681 0.757788
-0.695497 0.730767
-0.891086 0.704937
-1.07721 0.680386
-1.26964 0.657026
-1.46523 0.634623
-1.67344 0.612847
-1.88165 0.591325
-2.07408 0.569687
-2.28229 0.547614
-2.48103 0.524874
-2.67031 0.501343
-2.85013 0.477014
-3.03941 0.451986
-3.2066 0.426445
-3.38011 0.400636
-3.52838 0.374826
-3.69242 0.349268
-3.83123 0.324167
-3.97003 0.299657
-4.09937 0.275787
-4.2224 0.252516
-4.32966 0.229721
-4.43061 0.207221
-4.5284 0.184797
-4.59781 0.162225
-4.66721 0.139308
-4.72084 0.1159
-4.76816 0.0919232
-4.80286 0.0673821
-4.84387 0.0423578
-4.86595 0.0169982
-4.87542 -0.00850309
-4.87542 -0.033933
-4.86911 -0.0590882
-4.85018 -0.083803
-4.82179 -0.107972
-4.78709 -0.131565
-4.74292 -0.154633
-4.70506 -0.1773
-4.64197 -0.199749
-4.58203 -0.222199
-4.51579 -0.244873
-4.44007 -0.267968
-4.3549 -0.291629
-4.26972 -0.315927
-4.18139 -0.340842
-4.07413 -0.366267
-3.97634 -0.39202
-3.86277 -0.417859
-3.75551 -0.443518
-3.63563 -0.468741
-3.51891 -0.493319
-3.38011 -0.517121
-3.26023 -0.540116
