data = [-0.010936 0.0233595
-0.010936 0.0465565
-0.00462663 0.0694472
-0.00462663 0.0919232
-0.00147195 0.113924
0.0143014 0.135444
0.0426924 0.156535
0.0773939 0.1773
0.0963219 0.197882
0.137333 0.218448
0.175189 0.239172
0.20358 0.260212
0.241436 0.281695
0.291911 0.303698
0.329766 0.326237
0.373931 0.349268
0.411788 0.372684
0.449644 0.396327
0.503272 0.420007
0.544283 0.443518
0.591603 0.466661
0.629458 0.489275
0.676778 0.511247
0.720944 0.532538
0.761955 0.553187
0.806119 0.573316
0.84713 0.593118
0.884986 0.612847
0.916532 0.632789
0.941769 0.653233
0.979625 0.674442
1.01117 0.696612
1.04587 0.719851
1.07111 0.744142
1.09004 0.769336
1.10581 0.79514
1.12789 0.821123
1.15313 0.846732
1.1626 0.871317
1.17206 0.894172
1.20045 0.914573
1.20992 0.931826
1.22569 0.945309
1.22569 0.95452
1.22569 0.959105
1.21938 0.958885
1.21938 0.95387
1.20676 0.944253
1.17206 0.930404
1.15313 0.912839
1.11527 0.892185
1.08373 0.869143
1.02063 0.844436
0.954388 0.818768
0.884985 0.79278
0.790345 0.767015
0.689397 0.741893
0.585294 0.717693
0.462261 0.694554
0.345539 0.672476
0.219353 0.651347
0.0868579 0.63096
-0.0424828 0.611049
-0.184442 0.591325
-0.307475 0.571503
-0.449434 0.551334
-0.57562 0.53063
-0.708115 0.509277
-0.84692 0.487244
-0.985725 0.464577
-1.11507 0.441393
-1.24125 0.417859
-1.37059 0.394173
-1.49362 0.370543
-1.6135 0.347156
-1.73338 0.324167
-1.84695 0.301675
-1.96051 0.279722
-2.06777 0.258283
-2.16872 0.237277
-2.26652 0.216574
-2.34854 0.196014
-2.43056 0.175422
-2.50627 0.154633
-2.57883 0.133506
-2.6293 0.111944
-2.69239 0.089899
-2.74287 0.0673821
-2.78072 0.0444584
-2.82489 0.0212402
-2.85328 -0.00212609
-2.88798 -0.0254774
-2.88798 -0.048652
-2.90691 -0.0715089
-2.91006 -0.0939433
-2.91637 -0.1159
-2.90691 -0.137378
-2.90376 -0.158434
-2.87852 -0.179176
-2.85013 -0.199749
-2.82489 -0.220323
-2.78388 -0.241069
-2.73656 -0.262145
-2.67031 -0.283673
-2.63246 -0.305725
-2.56621 -0.328312
-2.52835 -0.351383
-2.46526 -0.374826
-2.40532 -0.398482
-2.32645 -0.422155
-2.26021 -0.44564
-2.19711 -0.468741
-2.11509 -0.4913
-2.03938 -0.51321
-1.95736 -0.53444
-1.86272 -0.555036
-1.77439 -0.575126
-1.68606 -0.594911
-1.57565 -0.614647
-1.51255 -0.634623
-1.40529 -0.655126
-1.30435 -0.676415
-1.21286 -0.69868
-1.10245 -0.722017
-0.985724 -0.746398
-0.891084 -0.771662
-0.764898 -0.797503
-0.679722 -0.823476
-0.585084 -0.849019
-0.477826 -0.873477
-0.370568 -0.896139
-0.272773 -0.916282
-0.159206 -0.933216
-0.0424828 -0.94633
0.0143003 -0.955132
0.127869 -0.959285
0.216199 -0.958626
0.317148 -0.953181
0.411788 -0.943163
0.515891 -0.928952
0.626303 -0.911079
0.733561 -0.890178
0.850285 -0.866955
0.957542 -0.842132
1.08373 -0.816409
1.20361 -0.790421
1.32664 -0.764699
1.45282 -0.739652
1.5727 -0.715545
1.69258 -0.692504
1.81876 -0.670519
1.93548 -0.649466
2.0459 -0.629134
2.15947 -0.609253
2.26041 -0.589531
2.36452 -0.569687
2.46547 -0.549476
2.55695 -0.528717
2.64844 -0.507302
2.72415 -0.485208
2.80617 -0.462489
2.87242 -0.439265
2.94813 -0.415708
2.99229 -0.39202
3.05223 -0.368404
3.0964 -0.345048
3.13425 -0.3221
3.16895 -0.299657
3.2005 -0.277752
3.22889 -0.256357
3.24151 -0.235384
3.26044 -0.214702
3.2699 -0.194146
3.27306 -0.173543
3.26359 -0.152728
3.25728 -0.131565
3.26044 -0.10996
3.23836 -0.0878709
3.22574 -0.0653135
3.19734 -0.0423578
3.18473 -0.0191198
3.15633 0.00425205
3.12479 0.0275938
3.08378 0.0507449
3.05539 0.0735671
3.00176 0.0959595
2.9639 0.117872
2.90396 0.139308
2.88188 0.160331
2.82509 0.181051
2.76831 0.201617
2.71153 0.222199
2.64843 0.242969
2.5885 0.264082
2.52856 0.285656
2.46547 0.307756
2.37082 0.33039
2.29827 0.353501
2.22887 0.376971
2.14054 0.400636
2.07113 0.424301
1.98911 0.447758
1.90394 0.470816
1.82823 0.493319
1.74305 0.515168
1.65472 0.536337
1.58532 0.556881
1.50014 0.576934
1.41812 0.596703
1.3361 0.616449
1.25723 0.63646
1.18468 0.657026
1.10266 0.678397
1.02694 0.700757
0.941769 0.724191
0.859749 0.748662
0.787191 0.773993
0.698861 0.799866
0.61684 0.825825
0.534818 0.851298
0.462261 0.875623
0.383394 0.898085
0.29191 0.917964
0.213044 0.934574
0.131023 0.947314
0.0553111 0.955706
-0.0298641 0.959425
-0.111886 0.958327
-0.200217 0.952455
-0.30432 0.942037
-0.40527 0.92747
-0.512526 0.909293
-0.62925 0.888152
-0.74597 0.864753
-0.88162 0.83982
-1.0015 0.814049
-1.13715 0.788065
-1.28857 0.76239
-1.44315 0.737418
-1.59142 0.713405
-1.73969 0.690462
-1.89427 0.668569
-2.052 0.647592
-2.21289 0.627312
-2.35485 0.607458
-2.50942 0.587736
-2.664 0.567868
-2.81227 0.547614
-2.94792 0.526798
-3.07095 0.505322
-3.19398 0.483167
-3.30755 0.460396
-3.40535 0.437134
-3.49999 0.413557
-3.60409 0.389867
-3.69557 0.366267
-3.78075 0.342943
-3.85646 0.320038
-3.92586 0.297643
-3.98265 0.275787
-4.02997 0.254435
-4.08991 0.233495
-4.11199 0.21283
-4.13407 0.192277
-4.14669 0.171661
-4.16562 0.15082
-4.16562 0.129621
-4.15931 0.107972
-4.14669 0.0858389
-4.13407 0.0632416
-4.1183 0.0402549
-4.08675 0.0169982
-4.05205 -0.00637776
-4.00158 -0.0297086
-3.94795 -0.0528351
-3.89747 -0.0756217
-3.84384 -0.0979717
-3.77128 -0.119839
-3.69557 -0.141235
-3.62302 -0.162225
-3.55046 -0.182924
-3.45898 -0.203485
-3.37695 -0.224077
-3.28547 -0.244873
-3.18137 -0.266023
-3.07411 -0.287643
-2.97 -0.309792
-2.85959 -0.332473
-2.75549 -0.355622
-2.64507 -0.379117
-2.54097 -0.402791
-2.40532 -0.426445
-2.33276 -0.449874
-2.21289 -0.472887
-2.10878 -0.495334
-1.99837 -0.517121
-1.89111 -0.538229
-1.79016 -0.558721
-1.6829 -0.578739
-1.57565 -0.598495
-1.47154 -0.618253
-1.36428 -0.638303
-1.25703 -0.658932
-1.14977 -0.680386
-1.04882 -0.702843
-0.941561 -0.726375
-0.831147 -0.750933
-0.723889 -0.776329
-0.619786 -0.80223
-0.52199 -0.82817
-0.398959 -0.853567
-0.313783 -0.877752
-0.215989 -0.90001
-0.111886 -0.919619
-0.0172465 -0.9359
0.0742392 -0.948263
0.175188 -0.95624
0.266673 -0.959525
0.361313 -0.957988
0.465416 -0.951691
0.556902 -0.940877
0.661005 -0.925958
0.771417 -0.907484
0.875522 -0.886107
0.989089 -0.862539
1.10897 -0.837502
1.21938 -0.811687
1.33925 -0.785711
1.46544 -0.760085
1.58847 -0.735193
1.70835 -0.711275
1.82507 -0.68843
1.94495 -0.666627
2.07744 -0.645723
2.18155 -0.625494
2.30142 -0.605664
2.40553 -0.58594
2.51279 -0.566046
2.61374 -0.545747
2.70522 -0.524874
2.7904 -0.503335
2.86611 -0.481121
2.94182 -0.458299
3.01753 -0.435001
3.09009 -0.411405
3.14687 -0.387715
3.19734 -0.364133
3.26044 -0.340842
3.30145 -0.31798
3.34561 -0.295634
3.38663 -0.273826
3.41817 -0.252516
3.4371 -0.231607
3.46234 -0.21096
3.47811 -0.190408
3.49388 -0.169778
3.50019 -0.14891
3.50019 -0.127672
3.49704 -0.10598
3.50019 -0.083803
3.48757 -0.0611665
3.45918 -0.0381497
3.44972 -0.0148756
3.42763 0.00850309
3.39609 0.0318217
3.35823 0.0549224
3.32353 0.0776726
3.28567 0.0999799
3.24151 0.121803
3.19419 0.143159
3.15949 0.164117
3.10586 0.184797
3.05854 0.205353
3.00176 0.225957
2.9292 0.246779
2.8598 0.267968
2.78093 0.289634
2.70207 0.311833
2.6232 0.334559
2.53487 0.357745
2.456 0.381265
2.36452 0.404945
2.27303 0.428587
2.17839 0.451986
2.0806 0.474953
1.99227 0.497342
1.89763 0.519067
1.81245 0.540116
1.72097 0.560558
1.61686 0.580542
1.53169 0.600286
1.4402 0.620059
1.33925 0.64015
1.25092 0.660845
1.14682 0.682385
1.05849 0.704937
0.957541 0.728567
0.866057 0.753211
0.765108 0.778669
0.676777 0.804595
0.578983 0.830511
0.490653 0.855826
0.399168 0.879866
0.301374 0.901912
0.219352 0.921246
0.118404 0.937194
0.0332283 0.949175
-0.0551027 0.956736
-0.159206 0.959585
-0.244382 0.95761
-0.348484 0.950889
-0.449433 0.939683
-0.556691 0.924416
-0.667105 0.90565
-0.790136 0.884044
-0.90055 0.860313
-1.02674 0.835178
-1.1687 0.809323
-1.3075 0.78336
-1.45577 0.757788
-1.60088 0.732976
-1.75862 0.709153
-1.92266 0.686406
-2.06777 0.664692
-2.20658 0.64386
-2.35485 0.623679
-2.51258 0.603871
-2.65769 0.584143
-2.79019 0.56422
-2.92584 0.543875
-3.04572 0.522944
-3.16875 0.501343
-3.27601 0.47907
-3.38642 0.456198
-3.49368 0.432865
-3.58832 0.409252
-3.66403 0.385564
-3.74605 0.362001
-3.81861 0.338744
-3.8817 0.315927
-3.93217 0.29363
