data = [-0.0204012 0.0402549
-0.0172465 0.0797198
-0.0204012 0.117872
-0.0140918 0.154633
0.00799093 0.190408
0.0300725 0.225957
0.0584658 0.262145
0.108939 0.299657
0.14995 0.338744
0.200424 0.379117
0.257208 0.420007
0.307682 0.460396
0.377085 0.499346
0.44018 0.536337
0.512736 0.571503
0.585294 0.605664
0.654696 0.64015
0.736717 0.676415
0.818738 0.715545
0.888139 0.757788
0.957542 0.80223
1.03641 0.846732
1.10897 0.888152
1.18468 0.922845
1.25723 0.947314
1.32979 0.958885
1.39288 0.95624
1.45282 0.939683
1.50645 0.911079
1.56324 0.873477
1.59163 0.830511
1.59478 0.785711
1.59794 0.741893
1.57901 0.700757
1.538 0.662765
1.49383 0.627312
1.41181 0.593118
1.33295 0.558721
1.22253 0.522944
1.10897 0.485208
0.985935 0.44564
0.850285 0.404945
0.71148 0.364133
0.566366 0.324167
0.421252 0.285656
0.2509 0.248688
0.0837032 0.21283
-0.0866483 0.1773
-0.263309 0.141235
-0.424195 0.103984
-0.607166 0.0653135
-0.7996 0.0254774
-0.976261 -0.0148756
-1.15608 -0.0549224
-1.32958 -0.0939433
-1.50309 -0.131565
-1.67344 -0.167893
-1.84064 -0.203485
-2.00152 -0.239172
-2.16241 -0.275787
-2.3233 -0.313878
-2.47472 -0.353501
-2.61984 -0.394173
-2.74918 -0.435001
-2.87852 -0.474953
-2.99524 -0.51321
-3.11196 -0.549476
-3.21607 -0.584143
-3.31702 -0.618253
-3.41166 -0.653233
-3.49052 -0.690462
-3.55677 -0.730767
-3.6104 -0.773993
-3.67034 -0.818768
-3.71766 -0.862539
-3.76182 -0.901912
-3.80599 -0.933216
-3.83438 -0.953181
-3.85646 -0.959585
-3.85962 -0.951691
-3.86908 -0.930404
-3.83753 -0.898085
-3.80599 -0.858075
-3.74289 -0.814049
-3.65772 -0.769336
-3.56308 -0.726375
-3.43689 -0.686406
-3.29809 -0.649466
-3.13405 -0.614647
-2.94477 -0.580542
-2.76495 -0.545747
-2.55674 -0.509277
-2.34223 -0.470816
-2.11509 -0.430727
-1.85956 -0.389867
-1.6135 -0.349268
-1.36113 -0.309792
-1.10876 -0.271869
-0.831147 -0.235384
-0.556692 -0.199749
-0.272773 -0.164117
0.00799208 -0.127672
0.288756 -0.089899
0.578984 -0.0507449
0.862901 -0.0106279
1.29193 0.0297086
1.47175 0.0694472
1.67365 0.107972
1.95126 0.145079
2.23518 0.181051
2.47493 0.216574
2.73361 0.252516
2.97337 0.289634
3.21627 0.328312
3.43079 0.368404
3.639 0.409252
3.84089 0.449874
4.01756 0.489275
4.19106 0.526798
4.38349 0.562391
4.47813 0.596703
4.62009 0.63096
4.73682 0.666627
4.83461 0.704937
4.91979 0.746398
4.99865 0.790421
5.06174 0.835178
5.10275 0.877752
5.13115 0.914573
5.15638 0.942037
5.16269 0.957193
5.15638 0.958327
5.1343 0.945309
5.08698 0.919619
5.04913 0.884044
4.97341 0.842132
4.89455 0.797503
4.76836 0.753211
4.61694 0.711275
4.44028 0.672476
4.25415 0.63646
4.02702 0.602078
3.79988 0.567868
3.54751 0.532538
3.29514 0.495334
3.01753 0.456198
2.74623 0.415708
2.46547 0.374826
2.16893 0.334559
1.86293 0.295634
1.56639 0.258283
1.26354 0.222199
0.948078 0.186668
0.629458 0.15082
0.313993 0.113924
-0.00462779 0.0756217
-0.316939 0.0360424
-0.629248 -0.00425205
-0.941559 -0.0444584
-1.2381 -0.083803
-1.54094 -0.121803
-1.83433 -0.158434
-2.1214 -0.194146
-2.38955 -0.229721
-2.65769 -0.266023
-2.91322 -0.303698
-3.16875 -0.342943
-3.40534 -0.383413
-3.63248 -0.424301
-3.85015 -0.464577
-4.06467 -0.503335
-4.26972 -0.540116
-4.45585 -0.575126
-4.63251 -0.609253
-4.79655 -0.64386
-4.95428 -0.680386
-5.08047 -0.719851
-5.21612 -0.76239
-5.31391 -0.806959
-5.40855 -0.851298
-5.49373 -0.892185
-5.5789 -0.925958
-5.61676 -0.949175
-5.66408 -0.959285
-5.69563 -0.955132
-5.70509 -0.937194
-5.70509 -0.907484
-5.67985 -0.869143
-5.63253 -0.825825
-5.55367 -0.781013
-5.44325 -0.737418
-5.32653 -0.696612
-5.17826 -0.658932
-5.01107 -0.623679
-4.81232 -0.589531
-4.61042 -0.555036
-4.39591 -0.519067
-4.15931 -0.481121
-3.91009 -0.441393
-3.66087 -0.400636
-3.38642 -0.359872
-3.1025 -0.320038
-2.82489 -0.281695
-2.51889 -0.244873
-2.20973 -0.20909
-1.90057 -0.173543
-1.58826 -0.137378
-1.2728 -0.0999799
-0.944714 -0.0611665
-0.626094 -0.0212402
-0.298009 0.0191198
0.0300737 0.0590882
0.364466 0.0979717
0.679932 0.135444
0.989088 0.171661
1.31086 0.207221
1.62948 0.242969
1.92287 0.279722
2.22571 0.31798
2.51594 0.357745
2.79355 0.398482
3.04908 0.439265
3.3046 0.47907
3.55067 0.517121
3.79357 0.553187
4.01125 0.587736
4.21945 0.621868
4.40873 0.657026
4.59486 0.694554
4.76836 0.735193
4.91347 0.778669
5.04597 0.823476
5.17531 0.866955
5.28572 0.90565
5.37721 0.9359
5.46869 0.95452
5.5381 0.959425
5.57279 0.950051
5.6075 0.92747
5.61381 0.894172
5.60434 0.853567
5.56964 0.809323
5.50339 0.764699
5.41506 0.722017
5.29203 0.682385
5.13746 0.645723
4.97026 0.611049
4.77151 0.576934
4.55384 0.541998
4.31725 0.505322
4.07118 0.466661
3.81566 0.426445
3.43394 0.385564
3.24782 0.345048
2.97336 0.305725
2.67052 0.267968
2.36767 0.231607
2.0459 0.196014
1.72097 0.160331
1.39604 0.123763
1.07426 0.0858389
0.752489 0.0465565
0.42125 0.00637776
0.102631 -0.033933
-0.228607 -0.0735671
-0.559846 -0.111944
-0.872156 -0.14891
-1.175 -0.184797
-1.49362 -0.220323
-1.80278 -0.256357
-2.09616 -0.29363
-2.38324 -0.332473
-2.65454 -0.372684
-2.92584 -0.413557
-3.18452 -0.454094
-3.44005 -0.493319
-3.68927 -0.53063
-3.9164 -0.566046
-4.13407 -0.600286
-4.34543 -0.634623
-4.54102 -0.670519
-4.7303 -0.709153
-4.91643 -0.750933
-5.0647 -0.79514
-5.20981 -0.83982
-5.34546 -0.881964
-5.45587 -0.917964
-5.56313 -0.944253
-5.65462 -0.957988
-5.73664 -0.95761
-5.79658 -0.943163
-5.83759 -0.916282
-5.85651 -0.879866
-5.85967 -0.837502
-5.83758 -0.79278
-5.7808 -0.748662
-5.68616 -0.707041
-5.5789 -0.668569
-5.4401 -0.632789
-5.27921 -0.598495
-5.08993 -0.56422
-4.89434 -0.528717
-4.67352 -0.4913
-4.44954 -0.451986
-4.20347 -0.411405
-3.94164 -0.370543
-3.66403 -0.33039
-3.3738 -0.291629
-3.08357 -0.254435
-2.77126 -0.218448
-2.47472 -0.182924
-2.13402 -0.146996
-1.8154 -0.10996
-1.49047 -0.0715089
-1.14661 -0.0318217
-0.809065 0.00850309
-0.468362 0.048652
-0.124504 0.0878709
0.216199 0.12572
0.56321 0.162225
0.907068 0.197882
1.24146 0.233495
1.56639 0.269917
1.89132 0.307756
2.18786 0.347156
2.48124 0.387715
2.77147 0.428587
3.04592 0.468741
3.31407 0.507302
3.56959 0.543875
3.80619 0.578739
4.03648 0.612847
4.25415 0.647592
4.45605 0.684391
4.64848 0.724191
4.81253 0.767015
4.96395 0.811687
5.0996 0.855826
5.22263 0.896139
5.3362 0.928952
5.43715 0.950889
5.51286 0.959525
5.58857 0.95387
5.63589 0.934574
5.65482 0.903793
5.66113 0.864753
5.6422 0.821123
5.58541 0.776329
5.51286 0.732976
5.39929 0.692504
5.26995 0.655126
5.11537 0.620059
4.92925 0.58594
4.72735 0.551334
4.50652 0.515168
4.27308 0.477014
4.03333 0.437134
3.75887 0.396327
3.48126 0.355622
3.21312 0.315927
2.91974 0.277752
2.61689 0.241069
2.30142 0.205353
1.98911 0.169778
1.67365 0.133506
1.35187 0.0959595
1.02694 0.0570068
0.689397 0.0169982
0.361313 -0.0233595
0.0300737 -0.0632416
-0.298011 -0.101984
-0.61663 -0.139308
-0.938405 -0.175422
-1.24756 -0.21096
-1.56303 -0.246779
-1.85641 -0.283673
-2.15295 -0.3221
-2.44318 -0.362001
-2.71447 -0.402791
-2.98262 -0.443518
-3.24446 -0.483167
-3.48106 -0.521008
-3.72397 -0.556881
-3.95426 -0.591325
-4.16246 -0.625494
-4.36436 -0.660845
-4.56626 -0.69868
-4.73977 -0.739652
-4.8975 -0.78336
-5.0647 -0.82817
-5.19404 -0.871317
-5.31707 -0.909293
-5.43064 -0.938455
-5.52843 -0.955706
-5.62622 -0.959105
-5.69247 -0.948263
-5.7461 -0.924416
-5.77765 -0.890178
-5.79027 -0.849019
-5.76187 -0.804595
-5.72717 -0.760085
-5.64831 -0.717693
-5.55367 -0.678397
-5.43064 -0.642003
-5.2729 -0.607458
-5.11201 -0.573316
-4.92904 -0.538229
-4.7303 -0.501343
-4.50001 -0.462489
-4.25079 -0.422155
-4.00473 -0.381265
-3.73974 -0.340842
-3.46213 -0.301675
-3.1719 -0.264082
-2.87536 -0.227838
-2.56936 -0.192277
-2.2602 -0.156535
-1.92897 -0.119839
-1.59773 -0.0817633
-1.26649 -0.0423578
-0.932096 -0.00212609
-0.591393 0.0381497
-0.247536 0.0776726
0.0868579 0.1159
0.424405 0.152728
0.771417 0.188539
1.11528 0.224077
1.45282 0.260212
1.78091 0.297643
2.09637 0.33665
2.39606 0.376971
2.6926 0.417859
2.97967 0.458299
3.24466 0.497342
3.51281 0.53444
3.77149 0.569687
4.00493 0.603871
4.22892 0.638303
4.43712 0.674442
4.62325 0.713405
4.80622 0.755496
4.95764 0.799866
