data = [-0.0708749 0.033933
-0.0677202 0.0673821
-0.0740296 0.0999799
-0.0614109 0.131565
-0.0551015 0.162225
-0.0235547 0.192277
0.00483624 0.222199
0.0332284 0.252516
0.0837032 0.283673
0.11525 0.315927
0.165724 0.349268
0.222508 0.383413
0.269828 0.417859
0.329766 0.451986
0.377086 0.485208
0.443333 0.517121
0.506427 0.547614
0.572674 0.576934
0.642077 0.605664
0.711479 0.634623
0.784036 0.664692
0.843975 0.696612
0.907068 0.730767
0.973316 0.767015
1.0301 0.804595
1.08057 0.842132
1.14682 0.877752
1.20045 0.909293
1.24777 0.934574
1.30771 0.951691
1.36134 0.959285
1.39919 0.956736
1.44336 0.944253
1.47491 0.922845
1.5033 0.894172
1.51276 0.860313
1.50014 0.823476
1.49068 0.785711
1.44651 0.748662
1.39604 0.713405
1.34556 0.680386
1.25723 0.649466
1.17206 0.620059
1.0648 0.591325
0.957542 0.562391
0.837666 0.532538
0.702016 0.501343
0.566366 0.468741
0.424406 0.435001
0.269828 0.400636
0.124714 0.366267
-0.0393281 0.332473
-0.193906 0.299657
-0.361103 0.267968
-0.518836 0.237277
-0.686033 0.207221
-0.850075 0.1773
-1.0015 0.146996
-1.15292 0.1159
-1.32643 0.083803
-1.48732 0.0507449
-1.6482 0.0169982
-1.80278 -0.0169982
-1.9542 -0.0507449
-2.09616 -0.083803
-2.24128 -0.1159
-2.37693 -0.146996
-2.50311 -0.1773
-2.64192 -0.207221
-2.75864 -0.237277
-2.87852 -0.267968
-2.98578 -0.299657
-3.07411 -0.332473
-3.16559 -0.366267
-3.23815 -0.400636
-3.3044 -0.435001
-3.36749 -0.468741
-3.42427 -0.501343
-3.47159 -0.532538
-3.51576 -0.562391
-3.53469 -0.591325
-3.56939 -0.620059
-3.57885 -0.649466
-3.59462 -0.680386
-3.58516 -0.713405
-3.57885 -0.748662
-3.56308 -0.785711
-3.54415 -0.823476
-3.50629 -0.860313
-3.4779 -0.894172
-3.4432 -0.922845
-3.39588 -0.944253
-3.34541 -0.956736
-3.29493 -0.959285
-3.22869 -0.951691
-3.14666 -0.934574
-3.06464 -0.909293
-2.97 -0.877752
-2.85644 -0.842132
-2.71763 -0.804595
-2.56305 -0.767015
-2.39901 -0.730767
-2.20973 -0.696612
-2.02361 -0.664692
-1.8154 -0.634623
-1.51571 -0.605664
-1.36428 -0.576934
-1.16239 -0.547614
-0.922631 -0.517121
-0.689187 -0.485208
-0.430505 -0.451986
-0.187598 -0.417859
0.0805485 -0.383413
0.336074 -0.349268
0.594757 -0.315927
0.850283 -0.283673
1.12474 -0.252516
1.38973 -0.222199
1.63895 -0.192277
1.9828 -0.162225
2.12161 -0.131565
2.35821 -0.0999799
2.59165 -0.0673821
2.80301 -0.033933
3.02699 -6.56687e-15
3.23205 0.033933
3.40871 0.0673821
3.59168 0.0999799
3.74941 0.131565
3.90083 0.162225
4.05856 0.192277
4.17213 0.222199
4.29201 0.252516
4.39296 0.283673
4.48444 0.315927
4.56962 0.349268
4.64218 0.383413
4.69265 0.417859
4.7305 0.451986
4.75574 0.485208
4.77152 0.517121
4.77467 0.547614
4.77152 0.576934
4.7589 0.605664
4.73997 0.634623
4.71473 0.664692
4.64533 0.696612
4.59801 0.730767
4.53807 0.767015
4.47498 0.804595
4.40242 0.842132
4.3204 0.877752
4.22892 0.909293
4.13112 0.934574
4.03333 0.951691
3.91661 0.959285
3.80619 0.956736
3.6737 0.944253
3.54751 0.922845
3.41501 0.894172
3.25728 0.860313
3.0964 0.823476
2.92289 0.785711
2.72415 0.748662
2.53487 0.713405
2.30773 0.680386
2.07744 0.649466
1.82823 0.620059
1.58847 0.591325
1.34241 0.562391
1.07426 0.532538
0.815582 0.501343
0.5569 0.468741
0.288755 0.435001
0.0143003 0.400636
-0.266464 0.366267
-0.525145 0.332473
-0.793292 0.299657
-1.06144 0.267968
-1.32327 0.237277
-1.58511 0.207221
-1.83117 0.1773
-2.0867 0.146996
-2.32645 0.1159
-2.56936 0.083803
-2.79965 0.0507449
-3.04571 0.0169982
-3.25077 -0.0169982
-3.46844 -0.0507449
-3.67665 -0.083803
-3.8817 -0.1159
-4.07413 -0.146996
-4.26026 -0.1773
-4.43692 -0.207221
-4.60096 -0.237277
-4.74923 -0.267968
-4.89119 -0.299657
-5.02053 -0.332473
-5.13725 -0.366267
-5.23505 -0.400636
-5.31707 -0.435001
-5.39909 -0.468741
-5.46218 -0.501343
-5.51266 -0.532538
-5.55051 -0.562391
-5.59468 -0.591325
-5.61676 -0.620059
-5.62938 -0.649466
-5.62622 -0.680386
-5.60414 -0.713405
-5.57575 -0.748662
-5.5442 -0.785711
-5.49688 -0.823476
-5.4401 -0.860313
-5.38332 -0.894172
-5.31391 -0.922845
-5.22874 -0.944253
-5.15303 -0.956736
-5.05208 -0.959285
-4.94482 -0.951691
-4.8281 -0.934574
-4.70191 -0.909293
-4.57572 -0.877752
-4.40537 -0.842132
-4.23502 -0.804595
-4.05205 -0.767015
-3.84069 -0.730767
-3.62617 -0.696612
-3.39588 -0.664692
-3.15613 -0.634623
-2.89429 -0.605664
-2.63561 -0.576934
-2.34854 -0.547614
-2.06146 -0.517121
-1.77754 -0.485208
-1.481 -0.451986
-1.17185 -0.417859
-0.865848 -0.383413
-0.566156 -0.349268
-0.260156 -0.315927
0.074238 -0.283673
0.38655 -0.252516
0.698861 -0.222199
1.02694 -0.192277
1.33295 -0.162225
1.63264 -0.131565
1.92918 -0.0999799
2.22887 -0.0673821
2.50332 -0.033933
2.77778 -3.19959e-14
3.04592 0.033933
3.30776 0.0673821
3.56644 0.0999799
3.80304 0.131565
4.03648 0.162225
4.251 0.192277
4.4529 0.222199
4.63587 0.252516
4.81253 0.283673
4.96079 0.315927
5.10906 0.349268
5.24156 0.383413
5.36774 0.417859
5.46554 0.451986
5.54756 0.485208
5.62327 0.517121
5.68952 0.547614
5.73999 0.576934
5.77154 0.605664
5.78416 0.634623
5.78731 0.664692
5.76523 0.696612
5.74315 0.730767
5.69583 0.767015
5.64851 0.804595
5.59488 0.842132
5.52863 0.877752
5.4403 0.909293
5.34566 0.934574
5.23525 0.951691
5.12168 0.959285
4.9955 0.956736
4.85669 0.944253
4.71473 0.922845
4.557 0.894172
4.37403 0.860313
4.19106 0.823476
3.97339 0.785711
3.74941 0.748662
3.51281 0.713405
3.26044 0.680386
2.98914 0.649466
2.71784 0.620059
2.42445 0.591325
2.14054 0.562391
1.83769 0.532538
1.54431 0.501343
1.22569 0.468741
0.913377 0.435001
0.597911 0.400636
0.272983 0.366267
-0.0298641 0.332473
-0.351639 0.299657
-0.66395 0.267968
-0.963642 0.237277
-1.26649 0.207221
-1.56618 0.1773
-1.85956 0.146996
-2.14664 0.1159
-2.43371 0.083803
-2.70501 0.0507449
-2.98262 0.0169982
-3.2413 -0.0169982
-3.49683 -0.0507449
-3.73974 -0.083803
-3.97003 -0.1159
-4.20032 -0.146996
-4.41484 -0.1773
-4.61042 -0.207221
-4.7997 -0.237277
-4.97321 -0.267968
-5.14041 -0.299657
-5.28868 -0.332473
-5.42748 -0.366267
-5.5442 -0.400636
-5.66408 -0.435001
-5.75241 -0.468741
-5.83128 -0.501343
-5.90068 -0.532538
-5.93854 -0.562391
-5.97639 -0.591325
-6.00478 -0.620059
-6.01109 -0.649466
-6.00794 -0.680386
-5.98901 -0.713405
-5.96062 -0.748662
-5.92592 -0.785711
-5.87229 -0.823476
-5.80604 -0.860313
-5.73979 -0.894172
-5.66408 -0.922845
-5.57259 -0.944253
-5.46849 -0.956736
-5.36754 -0.959285
-5.24766 -0.951691
-5.11517 -0.934574
-4.97006 -0.909293
-4.81232 -0.877752
-4.64197 -0.842132
-4.45585 -0.804595
-4.24449 -0.767015
-4.02366 -0.730767
-3.79337 -0.696612
-3.54415 -0.664692
-3.29809 -0.634623
-3.04256 -0.605664
-2.75864 -0.576934
-2.47157 -0.547614
-2.18134 -0.517121
-1.89111 -0.485208
-1.58511 -0.451986
-1.27595 -0.417859
-0.969951 -0.383413
-0.651331 -0.349268
-0.342175 -0.315927
-0.0172465 -0.283673
0.307683 -0.252516
0.619994 -0.222199
0.938613 -0.192277
1.26039 -0.162225
1.56954 -0.131565
1.87555 -0.0999799
2.17839 -0.0673821
2.46547 -0.033933
2.74938 1.75536e-14
3.02068 0.033933
3.28252 0.0673821
3.5412 0.0999799
3.79042 0.131565
4.0144 0.162225
4.24153 0.192277
4.46551 0.222199
4.67057 0.252516
4.85985 0.283673
5.02704 0.315927
5.19109 0.349268
5.33304 0.383413
5.45608 0.417859
5.56649 0.451986
5.6769 0.485208
5.77154 0.517121
5.8441 0.547614
5.90088 0.576934
5.95135 0.605664
5.98921 0.634623
6.00183 0.664692
6.00498 0.696612
5.9829 0.730767
5.95135 0.767015
5.90719 0.804595
5.85672 0.842132
5.79993 0.877752
5.72422 0.909293
5.62643 0.934574
5.52863 0.951691
5.42137 0.959285
5.29519 0.956736
5.16585 0.944253
5.02389 0.922845
4.863 0.894172
4.68318 0.860313
4.49075 0.823476
4.27939 0.785711
4.05226 0.748662
3.81566 0.713405
3.56329 0.680386
3.29514 0.649466
3.01753 0.620059
2.7273 0.591325
2.43392 0.562391
2.12161 0.532538
1.81876 0.501343
1.5033 0.468741
1.18152 0.435001
0.875522 0.400636
0.544283 0.366267
0.228817 0.332473
-0.0961123 0.299657
-0.408423 0.267968
-0.714425 0.237277
-1.02674 0.207221
-1.33274 0.1773
-1.63243 0.146996
-1.91004 0.1159
-2.20658 0.083803
-2.47472 0.0507449
-2.75864 0.0169982
-3.02994 -0.0169982
-3.27601 -0.0507449
-3.53153 -0.083803
-3.77444 -0.1159
-3.99842 -0.146996
-4.21925 -0.1773
