data = [-0.0487921 0.0318217
-0.0424839 0.0632416
-0.0393293 0.0939433
-0.0330199 0.123763
-0.0330199 0.152728
-0.00778247 0.181051
0.0174561 0.20909
0.0521553 0.237277
0.0994755 0.266023
0.137332 0.295634
0.178342 0.326237
0.231971 0.357745
0.288755 0.389867
0.332921 0.422155
0.383394 0.454094
0.443333 0.485208
0.503271 0.515168
0.566365 0.543875
0.623149 0.571503
0.69886 0.598495
0.758799 0.625494
0.812428 0.653233
0.872367 0.682385
0.935459 0.713405
0.98278 0.746398
1.03641 0.781013
1.09319 0.816409
1.14051 0.851298
1.19099 0.884044
1.232 0.912839
1.27932 0.9359
1.31086 0.951691
1.36134 0.959105
1.40866 0.95761
1.43705 0.947314
1.46229 0.928952
1.48437 0.903793
1.48752 0.873477
1.48752 0.83982
1.46544 0.804595
1.42759 0.769336
1.37396 0.735193
1.32033 0.702843
1.232 0.672476
1.14367 0.64386
1.03956 0.616449
0.935461 0.589531
0.809274 0.562391
0.683088 0.53444
0.550592 0.505322
0.408633 0.474953
0.257209 0.443518
0.0994766 0.411405
-0.0519468 0.379117
-0.20968 0.347156
-0.367412 0.315927
-0.5283 0.285656
-0.695497 0.256357
-0.850075 0.227838
-1.00781 0.199749
-1.16554 0.171661
-1.32643 0.143159
-1.47785 0.113924
-1.63243 0.083803
-1.77123 0.0528351
-1.91319 0.0212402
-2.04569 -0.0106279
-2.17819 -0.0423578
-2.29175 -0.0735671
-2.41794 -0.103984
-2.53466 -0.133506
-2.64823 -0.162225
-2.73656 -0.190408
-2.82804 -0.218448
-2.91953 -0.246779
-3.00155 -0.275787
-3.0678 -0.305725
-3.13404 -0.33665
-3.19083 -0.368404
-3.2413 -0.400636
-3.28862 -0.432865
-3.32648 -0.464577
-3.34856 -0.495334
-3.38326 -0.524874
-3.38957 -0.553187
-3.39588 -0.580542
-3.39273 -0.607458
-3.39273 -0.634623
-3.37695 -0.662765
-3.35172 -0.692504
-3.32963 -0.724191
-3.29493 -0.757788
-3.25077 -0.79278
-3.20976 -0.82817
-3.15297 -0.862539
-3.1025 -0.894172
-3.05202 -0.921246
-2.97316 -0.942037
-2.90376 -0.955132
-2.81542 -0.959605
-2.73656 -0.955132
-2.6293 -0.942037
-2.51889 -0.921246
-2.39586 -0.894172
-2.20342 -0.862539
-2.10247 -0.82817
-1.99206 -0.79278
-1.82486 -0.757788
-1.63558 -0.724191
-1.44946 -0.692504
-1.24756 -0.662765
-1.03304 -0.634623
-0.809064 -0.607458
-0.572467 -0.580542
-0.339021 -0.553187
-0.0961123 -0.524874
0.153105 -0.495334
0.408633 -0.464577
0.717789 -0.432865
0.897605 -0.400636
1.14998 -0.368404
1.38973 -0.33665
1.63579 -0.305725
1.87239 -0.275787
2.1153 -0.246779
2.33928 -0.218448
2.56011 -0.190408
2.762 -0.162225
2.96075 -0.133506
3.15003 -0.103984
3.31722 -0.0735671
3.62638 -0.0423578
3.7084 -0.0106279
3.79357 0.0212402
3.95446 0.0528351
4.08065 0.083803
4.20052 0.113924
4.30778 0.143159
4.40242 0.171661
4.48444 0.199749
4.53807 0.227838
4.59485 0.256357
4.63587 0.285656
4.65479 0.315927
4.67057 0.347156
4.67687 0.379117
4.67688 0.411405
4.66426 0.443518
4.63902 0.474953
4.61378 0.505322
4.56015 0.53444
4.51914 0.562391
4.46236 0.589531
4.39296 0.616449
4.32671 0.64386
4.24784 0.672476
4.17213 0.702843
4.09011 0.735193
3.99547 0.769336
3.89768 0.804595
3.80304 0.83982
3.69262 0.873477
3.58537 0.903793
3.46233 0.928952
3.34877 0.947314
3.2352 0.95761
3.12163 0.959105
2.99545 0.951691
2.85664 0.9359
2.72099 0.912839
2.56957 0.884044
2.41499 0.851298
2.24464 0.816409
2.06167 0.781013
1.86608 0.746398
1.66418 0.713405
1.44967 0.682385
1.22253 0.653233
0.992244 0.625494
0.765107 0.598495
0.531663 0.571503
0.276136 0.543875
0.0237643 0.515168
-0.225454 0.485208
-0.468362 0.454094
-0.704961 0.422155
-0.94787 0.389867
-1.19393 0.357745
-1.44 0.326237
-1.6829 0.295634
-1.91004 0.266023
-2.16241 0.237277
-2.39585 0.20909
-2.62299 0.181051
-2.83751 0.152728
-3.05202 0.123763
-3.26339 0.0939433
-3.45582 0.0632416
-3.66403 0.0318217
-3.85015 2.03952e-14
-4.02681 -0.0318217
-4.1877 -0.0632416
-4.3549 -0.0939433
-4.50948 -0.123763
-4.65775 -0.152728
-4.79339 -0.181051
-4.92905 -0.20909
-5.03315 -0.237277
-5.13094 -0.266023
-5.22874 -0.295634
-5.31076 -0.326237
-5.37701 -0.357745
-5.41802 -0.389867
-5.46218 -0.422155
-5.49688 -0.454094
-5.51581 -0.485208
-5.51897 -0.515168
-5.52212 -0.543875
-5.50319 -0.571503
-5.48426 -0.598495
-5.44641 -0.625494
-5.4054 -0.653233
-5.35808 -0.682385
-5.28868 -0.713405
-5.21296 -0.746398
-5.12464 -0.781013
-5.04261 -0.816409
-4.92905 -0.851298
-4.83125 -0.884044
-4.71768 -0.912839
-4.60412 -0.9359
-4.47162 -0.951691
-4.3549 -0.959105
-4.21925 -0.95761
-4.0836 -0.947314
-3.93533 -0.928952
-3.7776 -0.903793
-3.60409 -0.873477
-3.41166 -0.83982
-3.2066 -0.804595
-2.99209 -0.769336
-2.76495 -0.735193
-2.52835 -0.702843
-2.28229 -0.672476
-2.02361 -0.64386
-1.75546 -0.616449
-1.481 -0.589531
-1.20024 -0.562391
-0.90055 -0.53444
-0.600857 -0.505322
-0.294856 -0.474953
0.0237655 -0.443518
0.323456 -0.411405
0.626303 -0.379117
0.910222 -0.347156
1.21938 -0.315927
1.51276 -0.285656
1.79983 -0.256357
2.09322 -0.227838
2.37398 -0.199749
2.63897 -0.171661
2.91343 -0.143159
3.15949 -0.113924
3.41817 -0.083803
3.65161 -0.0528351
3.87244 -0.0212402
4.07749 0.0106279
4.26046 0.0423578
4.46236 0.0735671
4.65479 0.103984
4.80937 0.133506
4.95449 0.162225
5.10276 0.190408
5.21948 0.218448
5.33935 0.246779
5.4403 0.275787
5.52232 0.305725
5.57595 0.33665
5.63904 0.368404
5.65482 0.400636
5.68636 0.432865
5.68321 0.464577
5.68636 0.495334
5.67059 0.524874
5.63274 0.553187
5.59173 0.580542
5.54441 0.607458
5.47816 0.634623
5.42138 0.662765
5.3362 0.692504
5.23525 0.724191
5.12484 0.757788
4.99865 0.79278
4.85354 0.82817
4.70211 0.862539
4.60116 0.894172
4.46552 0.921246
4.31409 0.942037
4.17529 0.955132
4.02386 0.959605
3.86613 0.955132
3.70209 0.942037
3.52543 0.921246
3.3393 0.894172
3.14372 0.862539
2.94813 0.82817
2.72415 0.79278
2.49386 0.757788
2.26988 0.724191
2.01435 0.692504
1.75251 0.662765
1.48752 0.634623
1.21622 0.607458
0.92915 0.580542
0.642077 0.553187
0.358158 0.524874
0.0710845 0.495334
-0.200216 0.464577
-0.496754 0.432865
-0.771209 0.400636
-1.05513 0.368404
-1.33274 0.33665
-1.6135 0.305725
-1.87849 0.275787
-2.14033 0.246779
-2.39901 0.218448
-2.64507 0.190408
-2.89429 0.162225
-3.14036 0.133506
-3.36434 0.103984
-3.59778 0.0735671
-3.81545 0.0423578
-4.02366 0.0106279
-4.2224 -0.0212402
-4.41168 -0.0528351
-4.58834 -0.083803
-4.75869 -0.113924
-4.90381 -0.143159
-5.04261 -0.171661
-5.17195 -0.199749
-5.29498 -0.227838
-5.40224 -0.256357
-5.50319 -0.285656
-5.56629 -0.315927
-5.62622 -0.347156
-5.68301 -0.379117
-5.71455 -0.411405
-5.73979 -0.443518
-5.76503 -0.474953
-5.76818 -0.505322
-5.76188 -0.53444
-5.73348 -0.562391
-5.70824 -0.589531
-5.66723 -0.616449
-5.62938 -0.64386
-5.55998 -0.672476
-5.49057 -0.702843
-5.42748 -0.735193
-5.336 -0.769336
-5.24136 -0.804595
-5.1341 -0.83982
-5.03315 -0.873477
-4.91327 -0.903793
-4.79024 -0.928952
-4.66721 -0.947314
-4.53156 -0.95761
-4.39591 -0.959105
-4.25395 -0.951691
-4.11199 -0.9359
-3.94795 -0.912839
-3.78706 -0.884044
-3.60409 -0.851298
-3.41796 -0.816409
-3.21291 -0.781013
-2.9984 -0.746398
-2.76495 -0.713405
-2.53151 -0.682385
-2.27282 -0.653233
-2.0173 -0.625494
-1.73338 -0.598495
-1.46208 -0.571503
-1.175 -0.543875
-0.884777 -0.515168
-0.604012 -0.485208
-0.301165 -0.454094
-0.00778246 -0.422155
0.285602 -0.389867
0.585293 -0.357745
0.888139 -0.326237
1.18783 -0.295634
1.47491 -0.266023
1.76829 -0.237277
2.0459 -0.20909
2.32035 -0.181051
2.59796 -0.152728
2.85664 -0.123763
3.11848 -0.0939433
3.37085 -0.0632416
3.60745 -0.0318217
3.85351 3.83077e-14
4.06803 0.0318217
4.28255 0.0632416
4.47814 0.0939433
4.67372 0.123763
4.85354 0.152728
5.01758 0.181051
5.16585 0.20909
5.29834 0.237277
5.42137 0.266023
5.51917 0.295634
5.61696 0.326237
5.68952 0.357745
5.73684 0.389867
5.7747 0.422155
5.78731 0.454094
5.80624 0.485208
5.79047 0.515168
5.78416 0.543875
5.74946 0.571503
5.71791 0.598495
5.66428 0.625494
5.59804 0.653233
5.52232 0.682385
5.43715 0.713405
5.32358 0.746398
5.23209 0.781013
5.10591 0.816409
4.97341 0.851298
4.84723 0.884044
4.70842 0.912839
4.56962 0.9359
4.4245 0.951691
4.27308 0.959105
4.11535 0.95761
3.96077 0.947314
3.79042 0.928952
3.62007 0.903793
3.4371 0.873477
3.22889 0.83982
3.02384 0.804595
2.7967 0.769336
2.5601 0.735193
2.31404 0.702843
2.05536 0.672476
