data = [-0.0645655 0.0275938
-0.0551015 0.0549224
-0.0519468 0.0817633
-0.0393281 0.107972
-0.051948 0.133506
-0.0235559 0.158434
-0.00147311 0.182924
0.017455 0.207221
0.0553111 0.231607
0.112094 0.256357
0.140486 0.281695
0.190961 0.307756
0.219353 0.334559
0.269827 0.362001
0.313992 0.389867
0.358158 0.417859
0.424405 0.44564
0.465416 0.472887
0.519045 0.499346
0.560055 0.524874
0.61053 0.549476
0.667314 0.573316
0.714633 0.596703
0.761953 0.620059
0.815583 0.64386
0.856593 0.668569
0.903913 0.694554
0.951233 0.722017
0.995397 0.750933
1.02063 0.781013
1.05534 0.811687
1.09004 0.842132
1.12474 0.871317
1.15313 0.898085
1.18152 0.921246
1.20045 0.939683
1.22253 0.952455
1.25092 0.958885
1.2667 0.958626
1.28247 0.951691
1.28878 0.938455
1.28878 0.919619
1.27616 0.896139
1.25093 0.869143
1.21938 0.83982
1.17206 0.809323
1.10896 0.778669
1.03956 0.748662
0.957542 0.719851
0.859747 0.692504
0.752489 0.666627
0.629458 0.642003
0.500117 0.618253
0.367621 0.594911
0.228816 0.571503
0.0931661 0.547614
-0.0487933 0.522944
-0.197062 0.497342
-0.332712 0.470816
-0.490445 0.443518
-0.638714 0.415708
-0.796446 0.387715
-0.944715 0.359872
-1.09614 0.332473
-1.23494 0.305725
-1.38006 0.279722
-1.52833 0.254435
-1.66398 0.229721
-1.80278 0.205353
-1.93843 0.181051
-2.06146 0.156535
-2.18449 0.131565
-2.30437 0.10598
-2.41478 0.0797198
-2.5252 0.0528351
-2.6293 0.0254774
-2.73025 -0.00212609
-2.81858 -0.0297086
-2.90691 -0.0570068
-2.97 -0.083803
-3.02994 -0.10996
-3.09619 -0.135444
-3.15613 -0.160331
-3.19714 -0.184797
-3.23815 -0.20909
-3.2697 -0.233495
-3.29809 -0.258283
-3.31386 -0.283673
-3.31702 -0.309792
-3.32017 -0.33665
-3.30755 -0.364133
-3.30124 -0.39202
-3.27916 -0.420007
-3.26339 -0.447758
-3.22553 -0.474953
-3.19398 -0.501343
-3.15928 -0.526798
-3.11512 -0.551334
-3.05202 -0.575126
-2.99839 -0.598495
-2.93846 -0.621868
-2.88167 -0.645723
-2.81858 -0.670519
-2.73971 -0.696612
-2.65454 -0.724191
-2.57252 -0.753211
-2.48419 -0.78336
-2.34538 -0.814049
-2.27913 -0.844436
-2.20973 -0.873477
-2.09301 -0.90001
-1.9889 -0.922845
-1.8848 -0.940877
-1.76808 -0.953181
-1.67029 -0.959105
-1.55041 -0.958327
-1.44 -0.950889
-1.32327 -0.937194
-1.18131 -0.917964
-1.04251 -0.894172
-0.891086 -0.866955
-0.698651 -0.837502
-0.578775 -0.806959
-0.398959 -0.776329
-0.212835 -0.746398
-0.0140918 -0.717693
0.175188 -0.690462
0.389705 -0.664692
0.601067 -0.64015
0.796655 -0.616449
1.00486 -0.593118
1.20676 -0.569687
1.39604 -0.545747
1.59478 -0.521008
1.90709 -0.495334
2.01435 -0.468741
2.15631 -0.441393
2.34559 -0.413557
2.52225 -0.385564
2.68629 -0.357745
2.84718 -0.33039
2.98598 -0.303698
3.1311 -0.277752
3.26044 -0.252516
3.38031 -0.227838
3.49704 -0.203485
3.6106 -0.179176
3.70524 -0.154633
3.78726 -0.129621
3.86298 -0.103984
3.92607 -0.0776726
3.98601 -0.0507449
4.02071 -0.0233595
4.05857 0.00425205
4.08696 0.0318217
4.09957 0.0590882
4.10904 0.0858389
4.10904 0.111944
4.10588 0.137378
4.10273 0.162225
4.09642 0.186668
4.06487 0.21096
4.03964 0.235384
3.99863 0.260212
3.96077 0.285656
3.9166 0.311833
3.85351 0.338744
3.79673 0.366267
3.74625 0.394173
3.67054 0.422155
3.60114 0.449874
3.52858 0.477014
3.44972 0.503335
3.35823 0.528717
3.28252 0.553187
3.18157 0.576934
3.09009 0.600286
2.9986 0.623679
2.8945 0.647592
2.80617 0.672476
2.6926 0.69868
2.59481 0.726375
2.49701 0.755496
2.38344 0.785711
2.27619 0.816409
2.17208 0.846732
2.06798 0.875623
1.96703 0.901912
1.86293 0.924416
1.75567 0.942037
1.65787 0.95387
1.55377 0.959285
1.44967 0.957988
1.35187 0.950051
1.23831 0.9359
1.12158 0.916282
1.00486 0.892185
0.866057 0.864753
0.724097 0.835178
0.572674 0.804595
0.411786 0.773993
0.2509 0.744142
0.0679298 0.715545
-0.12135 0.68843
-0.313784 0.662765
-0.512527 0.638303
-0.71758 0.614647
-0.910014 0.591325
-1.12769 0.567868
-1.32958 0.543875
-1.53464 0.519067
-1.73969 0.493319
-1.9542 0.466661
-2.15295 0.439265
-2.35169 0.411405
-2.54728 0.383413
-2.74602 0.355622
-2.93846 0.328312
-3.12774 0.301675
-3.31701 0.275787
-3.4779 0.2506
-3.63563 0.225957
-3.80599 0.201617
-3.9511 0.1773
-4.09937 0.152728
-4.22556 0.127672
-4.35174 0.101984
-4.47162 0.0756217
-4.57888 0.048652
-4.67983 0.0212402
-4.76185 -0.00637776
-4.83756 -0.033933
-4.88804 -0.0611665
-4.94166 -0.0878709
-4.98267 -0.113924
-5.01422 -0.139308
-5.0363 -0.164117
-5.04892 -0.188539
-5.04261 -0.21283
-5.02999 -0.237277
-5.00476 -0.262145
-4.97637 -0.287643
-4.93536 -0.313878
-4.88488 -0.340842
-4.82179 -0.368404
-4.75238 -0.396327
-4.68929 -0.424301
-4.60412 -0.451986
-4.51578 -0.47907
-4.43061 -0.505322
-4.33597 -0.53063
-4.24764 -0.555036
-4.12461 -0.578739
-4.00789 -0.602078
-3.88485 -0.625494
-3.75551 -0.649466
-3.62933 -0.674442
-3.49683 -0.700757
-3.36749 -0.728567
-3.23815 -0.757788
-3.1025 -0.788065
-2.97 -0.818768
-2.82804 -0.849019
-2.68924 -0.877752
-2.55359 -0.903793
-2.40216 -0.925958
-2.26336 -0.943163
-2.11194 -0.95452
-1.97313 -0.959425
-1.82802 -0.95761
-1.65136 -0.949175
-1.48732 -0.934574
-1.31696 -0.914573
-1.14346 -0.890178
-0.951025 -0.862539
-0.752281 -0.832847
-0.559847 -0.80223
-0.342175 -0.771662
-0.11504 -0.741893
0.112094 -0.713405
0.33923 -0.686406
0.585293 -0.660845
0.821892 -0.63646
1.05534 -0.612847
1.29824 -0.589531
1.52853 -0.566046
1.76513 -0.541998
1.99227 -0.517121
2.26041 -0.4913
2.42761 -0.464577
2.64213 -0.437134
2.83141 -0.409252
3.0333 -0.381265
3.22574 -0.353501
3.39924 -0.326237
3.56013 -0.299657
3.71786 -0.273826
3.90399 -0.248688
3.98601 -0.224077
4.11535 -0.199749
4.23523 -0.175422
4.34564 -0.15082
4.4182 -0.12572
4.50653 -0.0999799
4.57277 -0.0735671
4.6264 -0.0465565
4.67688 -0.0191198
4.70212 0.00850309
4.70527 0.0360424
4.70527 0.0632416
4.70842 0.089899
4.71473 0.1159
4.71158 0.141235
4.71473 0.166006
4.68634 0.190408
4.65795 0.214702
4.60116 0.239172
4.54438 0.264082
4.47498 0.289634
4.40873 0.315927
4.32986 0.342943
4.24153 0.370543
4.16582 0.398482
4.08065 0.426445
3.99863 0.454094
3.9166 0.481121
3.81566 0.507302
3.72417 0.532538
3.60745 0.556881
3.50019 0.580542
3.38978 0.603871
3.26675 0.627312
3.15949 0.651347
3.02699 0.676415
2.91342 0.702843
2.7904 0.730767
2.67683 0.760085
2.55695 0.790421
2.43707 0.821123
2.31089 0.851298
2.19732 0.879866
2.07113 0.90565
1.96072 0.92747
1.844 0.944253
1.72728 0.955132
1.61686 0.959525
1.50014 0.957193
1.38342 0.948263
1.2667 0.933216
1.14367 0.912839
1.01117 0.888152
0.878675 0.860313
0.727252 0.830511
0.563211 0.799866
0.408633 0.769336
0.231972 0.739652
0.0458471 0.711275
-0.133967 0.684391
-0.332711 0.658932
-0.5283 0.634623
-0.736506 0.611049
-0.954178 0.587736
-1.15292 0.56422
-1.3422 0.540116
-1.56618 0.515168
-1.7807 0.489275
-1.98891 0.462489
-2.1908 0.435001
-2.39901 0.407099
-2.58514 0.379117
-2.78388 0.351383
-2.97947 0.324167
-3.16559 0.297643
-3.35172 0.271869
-3.52838 0.246779
-3.69873 0.222199
-3.85646 0.197882
-4.01104 0.173543
-4.16246 0.14891
-4.30442 0.123763
-4.4243 0.0979717
-4.54418 0.0715089
-4.65459 0.0444584
-4.75238 0.0169982
-4.83441 -0.0106279
-4.91327 -0.0381497
-4.97321 -0.0653135
-5.01738 -0.0919232
-5.05208 -0.117872
-5.08362 -0.143159
-5.10886 -0.167893
-5.11832 -0.192277
-5.11202 -0.216574
-5.09309 -0.241069
-5.06785 -0.266023
-5.03946 -0.291629
-5.0016 -0.31798
-4.94482 -0.345048
-4.88173 -0.372684
-4.81548 -0.400636
-4.74292 -0.428587
-4.66405 -0.456198
-4.57888 -0.483167
-4.49686 -0.509277
-4.38644 -0.53444
-4.28865 -0.558721
-4.18139 -0.582343
-4.0552 -0.605664
-3.93848 -0.629134
-3.8123 -0.653233
-3.68927 -0.678397
-3.54415 -0.704937
-3.41166 -0.732976
-3.276 -0.76239
-3.13404 -0.79278
-3.00155 -0.823476
-2.86275 -0.853567
-2.72079 -0.881964
-2.58198 -0.907484
-2.45579 -0.928952
-2.30437 -0.945309
-2.14664 -0.955706
-1.99521 -0.959585
-1.84695 -0.956736
-1.67975 -0.947314
-1.51886 -0.931826
-1.33905 -0.911079
-1.15923 -0.886107
-0.969953 -0.858075
-0.761745 -0.82817
-0.547228 -0.797503
-0.329556 -0.767015
-0.099267 -0.737418
0.137333 -0.709153
0.380241 -0.682385
0.62315 -0.657026
0.862904 -0.632789
1.11212 -0.609253
1.36449 -0.58594
1.59478 -0.562391
1.83454 -0.538229
