data = [-0.0330199 0.0381497
-0.0204012 0.0756217
-0.0140918 0.111944
-0.00462779 0.146996
0.0237643 0.181051
0.0458459 0.214702
0.0805474 0.248688
0.115249 0.283673
0.15626 0.320038
0.206733 0.357745
0.250899 0.396327
0.307683 0.435001
0.377085 0.472887
0.440178 0.509277
0.51589 0.543875
0.582138 0.576934
0.64523 0.609253
0.717788 0.642003
0.793499 0.676415
0.862902 0.713405
0.938613 0.753211
1.00486 0.79514
1.06165 0.837502
1.13736 0.877752
1.2036 0.912839
1.26985 0.939683
1.33925 0.955706
1.39604 0.959285
1.46544 0.950051
1.50961 0.928952
1.55377 0.898085
1.59478 0.860313
1.60425 0.818768
1.60109 0.776329
1.58532 0.735193
1.55693 0.696612
1.51276 0.660845
1.44336 0.627312
1.36449 0.594911
1.2667 0.562391
1.14998 0.528717
1.03325 0.493319
0.903914 0.456198
0.765109 0.417859
0.629459 0.379117
0.471726 0.340842
0.313994 0.303698
0.156261 0.267968
-0.00778131 0.233495
-0.181288 0.199749
-0.34533 0.166006
-0.534609 0.131565
-0.71127 0.0959595
-0.881622 0.0590882
-1.06459 0.0212402
-1.22863 -0.0169982
-1.39583 -0.0549224
-1.56618 -0.0919232
-1.73338 -0.127672
-1.90373 -0.162225
-2.05515 -0.196014
-2.20342 -0.229721
-2.35485 -0.264082
-2.48734 -0.299657
-2.62615 -0.33665
-2.75233 -0.374826
-2.8659 -0.413557
-2.98262 -0.451986
-3.08357 -0.489275
-3.17821 -0.524874
-3.27285 -0.558721
-3.35803 -0.591325
-3.44005 -0.623679
-3.50314 -0.657026
-3.55992 -0.692504
-3.61355 -0.730767
-3.65772 -0.771662
-3.69557 -0.814049
-3.72397 -0.855826
-3.74289 -0.894172
-3.74605 -0.925958
-3.75236 -0.948263
-3.75551 -0.958885
-3.74605 -0.956736
-3.71766 -0.942037
-3.68611 -0.916282
-3.62933 -0.881964
-3.5757 -0.842132
-3.47159 -0.799866
-3.36434 -0.757788
-3.23184 -0.717693
-3.08357 -0.680386
-2.91006 -0.645723
-2.73025 -0.612847
-2.53466 -0.580542
-2.32014 -0.547614
-2.10563 -0.51321
-1.86903 -0.477014
-1.64189 -0.439265
-1.3769 -0.400636
-1.13715 -0.362001
-0.859539 -0.324167
-0.588238 -0.287643
-0.310628 -0.252516
0.187808 -0.218448
0.37393 -0.184797
0.541127 -0.15082
0.78719 -0.1159
1.05849 -0.0797198
1.33295 -0.0423578
1.60109 -0.00425205
1.86293 0.033933
2.11845 0.0715089
2.37714 0.107972
2.6232 0.143159
2.86295 0.1773
3.11532 0.21096
3.32353 0.244873
3.68316 0.279722
3.79673 0.315927
3.92292 0.353501
4.08696 0.39202
4.24154 0.430727
4.39296 0.468741
4.52861 0.505322
4.64848 0.540116
4.74312 0.573316
4.83145 0.605664
4.90086 0.638303
4.95449 0.672476
4.99865 0.709153
5.04281 0.748662
5.07121 0.790421
5.07752 0.832847
5.07121 0.873477
5.05859 0.909293
5.04597 0.937194
4.99234 0.95452
4.94818 0.959525
4.88193 0.951691
4.81883 0.931826
4.73366 0.901912
4.62956 0.864753
4.50652 0.823476
4.35195 0.781013
4.1879 0.739652
4.01124 0.700757
3.79988 0.664692
3.59167 0.63096
3.35823 0.598495
3.1027 0.566046
2.82194 0.532538
2.55379 0.497342
2.27303 0.460396
1.9828 0.422155
1.68942 0.383413
1.39919 0.345048
1.09635 0.307756
0.7935 0.271869
0.493808 0.237277
0.187806 0.203485
-0.118195 0.169778
-0.424197 0.135444
-0.720734 0.0999799
-1.01412 0.0632416
-1.32958 0.0254774
-1.60719 -0.0127521
-1.89111 -0.0507449
-2.16872 -0.0878709
-2.43056 -0.123763
-2.70186 -0.158434
-2.94792 -0.192277
-3.18767 -0.225957
-3.41165 -0.260212
-3.64825 -0.295634
-3.85646 -0.332473
-4.06467 -0.370543
-4.26026 -0.409252
-4.44007 -0.447758
-4.61042 -0.485208
-4.76816 -0.521008
-4.92274 -0.555036
-5.07101 -0.587736
-5.18773 -0.620059
-5.3076 -0.653233
-5.39909 -0.68843
-5.48742 -0.726375
-5.55998 -0.767015
-5.61361 -0.809323
-5.66093 -0.851298
-5.69563 -0.890178
-5.71456 -0.922845
-5.73664 -0.94633
-5.73664 -0.958327
-5.72086 -0.95761
-5.68932 -0.944253
-5.642 -0.919619
-5.57575 -0.886107
-5.49057 -0.846732
-5.38647 -0.804595
-5.25082 -0.76239
-5.0994 -0.722017
-4.93535 -0.684391
-4.74608 -0.649466
-4.53471 -0.616449
-4.31389 -0.584143
-4.07098 -0.551334
-3.83122 -0.517121
-3.5757 -0.481121
-3.31071 -0.443518
-3.04256 -0.404945
-2.74602 -0.366267
-2.4558 -0.328312
-2.16241 -0.291629
-1.84064 -0.256357
-1.53464 -0.222199
-1.20655 -0.188539
-0.881622 -0.154633
-0.559847 -0.119839
-0.231762 -0.083803
0.0900126 -0.0465565
0.411786 -0.00850309
0.733561 0.0297086
1.05534 0.0673821
1.36134 0.103984
1.67049 0.139308
1.96388 0.173543
2.26988 0.207221
2.56957 0.241069
2.84402 0.275787
3.10901 0.311833
3.37085 0.349268
3.62322 0.387715
3.85036 0.426445
4.06803 0.464577
4.27939 0.501343
4.4876 0.536337
4.66426 0.569687
4.84407 0.602078
4.99865 0.634623
5.13115 0.668569
5.25102 0.704937
5.36459 0.744142
5.45607 0.785711
5.52863 0.82817
5.60119 0.869143
5.64851 0.90565
5.68636 0.934574
5.70529 0.953181
5.70529 0.959605
5.70529 0.953181
5.6769 0.934574
5.62327 0.90565
5.59172 0.869143
5.50339 0.82817
5.38352 0.785711
5.24471 0.744142
5.08383 0.704937
4.88193 0.668569
4.67057 0.634623
4.44659 0.602078
4.20052 0.569687
3.94815 0.536337
3.66739 0.501343
3.38978 0.464577
3.10586 0.426445
2.80932 0.387715
2.50648 0.349268
2.19417 0.311833
1.87555 0.275787
1.54431 0.241069
1.21938 0.207221
0.907067 0.173543
0.572674 0.139308
0.23828 0.103984
-0.0898018 0.0673821
-0.433659 0.0297086
-0.755435 -0.00850309
-1.08036 -0.0465565
-1.39583 -0.083803
-1.69868 -0.119839
-2.01099 -0.154633
-2.30437 -0.188539
-2.59144 -0.222199
-2.87537 -0.256357
-3.1372 -0.291629
-3.40219 -0.328312
-3.66087 -0.366267
-3.90694 -0.404945
-4.13723 -0.443518
-4.36436 -0.481121
-4.57572 -0.517121
-4.77762 -0.551334
-4.96375 -0.584143
-5.13725 -0.616449
-5.28552 -0.649466
-5.4401 -0.684391
-5.55682 -0.722017
-5.6767 -0.76239
-5.76819 -0.804595
-5.86282 -0.846732
-5.93223 -0.886107
-5.98586 -0.919619
-6.03318 -0.944253
-6.06157 -0.95761
-6.0868 -0.958327
-6.07734 -0.94633
-6.04895 -0.922845
-6.00794 -0.890178
-5.94169 -0.851298
-5.8502 -0.809323
-5.73348 -0.767015
-5.59152 -0.726375
-5.42433 -0.68843
-5.2382 -0.653233
-5.02684 -0.620059
-4.80601 -0.587736
-4.5631 -0.555036
-4.31389 -0.521008
-4.04574 -0.485208
-3.77444 -0.447758
-3.49368 -0.409252
-3.19083 -0.370543
-2.88167 -0.332473
-2.56621 -0.295634
-2.24128 -0.260212
-1.91004 -0.225957
-1.58196 -0.192277
-1.23179 -0.158434
-0.89424 -0.123763
-0.544073 -0.0878709
-0.206525 -0.0507449
0.143642 -0.0127521
0.487499 0.0254774
0.815583 0.0632416
1.15313 0.0999799
1.47806 0.135444
1.79668 0.169778
2.12161 0.203485
2.4213 0.237277
2.71468 0.271869
2.9986 0.307756
3.28883 0.345048
3.54751 0.383413
3.79042 0.422155
4.02387 0.460396
4.24784 0.497342
4.46236 0.532538
4.66426 0.566046
4.85354 0.598495
5.02073 0.63096
5.17531 0.664692
5.29834 0.700757
5.41822 0.739652
5.52863 0.781013
5.61381 0.823476
5.68636 0.864753
5.75261 0.901912
5.79362 0.931826
5.83463 0.951691
5.8504 0.959525
5.85356 0.95452
5.83779 0.937194
5.80939 0.909293
5.75577 0.873477
5.67375 0.832847
5.57595 0.790421
5.44661 0.748662
5.29203 0.709153
5.0996 0.672476
4.90401 0.638303
4.68003 0.605664
4.44028 0.573316
4.19106 0.540116
3.92291 0.505322
3.639 0.468741
3.35823 0.430727
3.06801 0.39202
2.762 0.353501
2.46231 0.315927
2.14369 0.279722
1.81876 0.244873
1.49068 0.21096
1.15944 0.1773
0.825047 0.143159
0.493809 0.107972
0.156261 0.0715089
-0.178134 0.033933
-0.512527 -0.00425205
-0.827992 -0.0423578
-1.15608 -0.0797198
-1.4747 -0.1159
-1.7807 -0.15082
-2.09616 -0.184797
-2.40217 -0.218448
-2.67662 -0.252516
-2.95423 -0.287643
-3.21607 -0.324167
-3.46844 -0.362001
-3.71135 -0.400636
-3.97634 -0.439265
-4.20663 -0.477014
-4.42745 -0.51321
-4.63566 -0.547614
-4.8281 -0.580542
-4.99845 -0.612847
-5.1688 -0.645723
-5.32338 -0.680386
-5.44956 -0.717693
-5.5726 -0.757788
-5.68616 -0.799866
-5.76819 -0.842132
-5.85652 -0.881964
-5.91014 -0.916282
-5.96062 -0.942037
-6.00163 -0.956736
-6.02371 -0.958885
-6.02687 -0.948263
-6.02056 -0.925958
-5.97639 -0.894172
-5.92592 -0.855826
-5.83128 -0.814049
-5.71771 -0.771662
-5.59468 -0.730767
-5.43064 -0.692504
-5.25082 -0.657026
-5.05208 -0.623679
-4.83125 -0.591325
-4.5915 -0.558721
-4.35174 -0.524874
-4.0836 -0.489275
-3.80914 -0.451986
-3.51891 -0.413557
-3.22868 -0.374826
-2.91953 -0.33665
-2.5946 -0.299657
-2.27598 -0.264082
-1.9479 -0.229721
-1.61035 -0.196014
-1.26964 -0.162225
-0.932095 -0.127672
