data = [-0.0677202 0.0360424
-0.0645655 0.0715089
-0.0645655 0.10598
-0.0582562 0.139308
-0.0551015 0.171661
-0.0235547 0.203485
-0.00462779 0.235384
0.0332284 0.267968
0.0742392 0.301675
0.121559 0.33665
0.178342 0.372684
0.238281 0.409252
0.291911 0.44564
0.351849 0.481121
0.414942 0.515168
0.478035 0.547614
0.541128 0.578739
0.597911 0.609253
0.683088 0.64015
0.755644 0.672476
0.831356 0.707041
0.894449 0.744142
0.960697 0.78336
1.03641 0.823476
1.10581 0.862539
1.16575 0.898085
1.22569 0.92747
1.28878 0.948263
1.35818 0.958626
1.4055 0.95761
1.45282 0.945309
1.50014 0.922845
1.52538 0.892185
1.54746 0.855826
1.55062 0.816409
1.54431 0.776329
1.51276 0.737418
1.47491 0.700757
1.42128 0.666627
1.3361 0.634623
1.24777 0.603871
1.14367 0.573316
1.02379 0.541998
0.897605 0.509277
0.774572 0.474953
0.629458 0.439265
0.481189 0.402791
0.323457 0.366267
0.172033 0.33039
0.0143003 0.295634
-0.143431 0.262145
-0.307474 0.229721
-0.477825 0.197882
-0.645022 0.166006
-0.815373 0.133506
-0.985725 0.0999799
-1.14346 0.0653135
-1.32643 0.0297086
-1.48732 -0.00637776
-1.64189 -0.0423578
-1.79963 -0.0776726
-1.94789 -0.111944
-2.08985 -0.145079
-2.24443 -0.1773
-2.38639 -0.20909
-2.51258 -0.241069
-2.64507 -0.273826
-2.77126 -0.307756
-2.87536 -0.342943
-2.98578 -0.379117
-3.08042 -0.415708
-3.16875 -0.451986
-3.25392 -0.487244
-3.33279 -0.521008
-3.39904 -0.553187
-3.45898 -0.584143
-3.50945 -0.614647
-3.55677 -0.645723
-3.59147 -0.678397
-3.61986 -0.713405
-3.63564 -0.750933
-3.63564 -0.790421
-3.64194 -0.830511
-3.63879 -0.869143
-3.62933 -0.903793
-3.59778 -0.931826
-3.57885 -0.950889
-3.541 -0.959285
-3.50314 -0.95624
-3.46844 -0.942037
-3.39273 -0.917964
-3.32963 -0.886107
-3.22238 -0.849019
-3.11827 -0.809323
-2.99524 -0.769336
-2.85013 -0.730767
-2.68293 -0.694554
-2.51258 -0.660845
-2.30753 -0.629134
-2.09301 -0.598495
-1.87534 -0.567868
-1.6482 -0.536337
-1.39899 -0.503335
-1.14977 -0.468741
-0.884776 -0.432865
-0.544073 -0.396327
-0.376878 -0.359872
-0.133968 -0.324167
0.134178 -0.289634
0.408632 -0.256357
0.679932 -0.224077
0.948078 -0.192277
1.22253 -0.160331
1.48121 -0.127672
1.74936 -0.0939433
2.00173 -0.0590882
2.2541 -0.0233595
2.49701 0.0127521
2.71784 0.048652
2.94497 0.083803
3.21943 0.117872
3.34877 0.15082
3.56013 0.182924
3.7431 0.214702
3.91976 0.246779
4.09327 0.279722
4.24469 0.313878
4.38034 0.349268
4.50337 0.385564
4.59801 0.422155
4.68319 0.458299
4.76205 0.493319
4.83145 0.526798
4.88824 0.558721
4.93871 0.589531
4.95448 0.620059
4.97026 0.651347
4.97341 0.684391
4.97026 0.719851
4.95133 0.757788
4.91978 0.797503
4.86931 0.837502
4.80306 0.875623
4.74943 0.909293
4.67057 0.9359
4.60432 0.953181
4.53176 0.959585
4.44343 0.95452
4.35195 0.938455
4.24469 0.912839
4.11219 0.879866
3.96392 0.842132
3.79357 0.80223
3.61691 0.76239
3.41502 0.724191
3.20681 0.68843
2.97021 0.655126
2.73361 0.623679
2.48755 0.593118
2.23202 0.562391
1.95441 0.53063
1.68311 0.497342
1.41812 0.462489
1.1342 0.426445
0.856593 0.389867
0.582138 0.353501
0.282446 0.31798
-0.0014731 0.283673
-0.301165 0.2506
-0.588239 0.218448
-0.878467 0.186668
-1.16239 0.154633
-1.4463 0.121803
-1.70814 0.0878709
-1.97629 0.0528351
-2.24759 0.0169982
-2.49996 -0.0191198
-2.73971 -0.0549224
-2.98578 -0.089899
-3.21922 -0.123763
-3.4432 -0.156535
-3.67349 -0.188539
-3.88485 -0.220323
-4.08675 -0.252516
-4.26341 -0.285656
-4.44007 -0.320038
-4.60096 -0.355622
-4.75238 -0.39202
-4.89119 -0.428587
-5.02684 -0.464577
-5.15303 -0.499346
-5.26028 -0.532538
-5.35492 -0.56422
-5.43379 -0.594911
-5.50319 -0.625494
-5.56629 -0.657026
-5.60414 -0.690462
-5.63884 -0.726375
-5.66093 -0.764699
-5.67354 -0.804595
-5.67985 -0.844436
-5.65777 -0.881964
-5.64831 -0.914573
-5.6073 -0.939683
-5.56313 -0.955132
-5.5095 -0.959525
-5.46218 -0.952455
-5.37701 -0.934574
-5.28237 -0.907484
-5.17195 -0.873477
-5.0363 -0.835178
-4.89119 -0.79514
-4.71137 -0.755496
-4.53787 -0.717693
-4.34228 -0.682385
-4.11514 -0.649466
-3.88801 -0.618253
-3.64825 -0.587736
-3.39273 -0.556881
-3.13089 -0.524874
-2.85959 -0.4913
-2.57252 -0.456198
-2.2886 -0.420007
-1.9826 -0.383413
-1.69552 -0.347156
-1.38321 -0.311833
-1.06775 -0.277752
-0.733353 -0.244873
-0.411578 -0.21283
-0.089803 -0.181051
0.238281 -0.14891
0.550591 -0.1159
0.872365 -0.0817633
1.18152 -0.0465565
1.48121 -0.0106279
1.79352 0.0254774
2.08375 0.0611665
2.3866 0.0959595
2.67052 0.129621
2.94813 0.162225
3.21627 0.194146
3.47495 0.225957
3.71786 0.258283
3.95131 0.291629
4.17529 0.326237
4.37719 0.362001
4.56646 0.398482
4.75259 0.435001
4.91663 0.470816
5.07121 0.505322
5.21001 0.538229
5.33935 0.569687
5.49709 0.600286
5.54756 0.63096
5.61696 0.662765
5.67374 0.696612
5.71791 0.732976
5.73999 0.771662
5.76208 0.811687
5.75577 0.851298
5.75261 0.888152
5.73368 0.919619
5.70214 0.943163
5.66428 0.956736
5.61381 0.959105
5.5381 0.950051
5.47185 0.930404
5.35513 0.901912
5.2384 0.866955
5.0996 0.82817
4.93556 0.788065
4.73997 0.748662
4.54753 0.711275
4.30778 0.676415
4.07118 0.64386
3.81566 0.612847
3.54751 0.582343
3.27306 0.551334
2.97652 0.519067
2.68629 0.485208
2.37083 0.449874
2.06798 0.413557
1.74621 0.376971
1.42759 0.340842
1.09635 0.305725
0.758799 0.271869
0.433869 0.239172
0.112094 0.207221
-0.225454 0.175422
-0.544073 0.143159
-0.865848 0.10996
-1.17816 0.0756217
-1.55356 0.0402549
-1.82802 0.00425205
-2.1214 -0.0318217
-2.41794 -0.0673821
-2.70186 -0.101984
-2.96369 -0.135444
-3.24446 -0.167893
-3.49683 -0.199749
-3.75867 -0.231607
-3.99842 -0.264082
-4.23817 -0.297643
-4.46531 -0.332473
-4.67036 -0.368404
-4.86595 -0.404945
-5.04577 -0.441393
-5.20981 -0.477014
-5.36123 -0.511247
-5.49688 -0.543875
-5.62938 -0.575126
-5.73664 -0.605664
-5.83759 -0.63646
-5.91645 -0.668569
-5.9827 -0.702843
-6.03633 -0.739652
-6.07419 -0.778669
-6.09311 -0.818768
-6.1152 -0.858075
-6.10258 -0.894172
-6.08996 -0.924416
-6.0521 -0.94633
-6.00163 -0.957988
-5.94169 -0.958327
-5.87229 -0.947314
-5.79027 -0.925958
-5.68616 -0.896139
-5.56628 -0.860313
-5.41486 -0.821123
-5.25082 -0.781013
-5.071 -0.741893
-4.8628 -0.704937
-4.63882 -0.670519
-4.40853 -0.638303
-4.15615 -0.607458
-3.88801 -0.576934
-3.62302 -0.545747
-3.32648 -0.51321
-3.03625 -0.47907
-2.7334 -0.443518
-2.42425 -0.407099
-2.11194 -0.370543
-1.78701 -0.334559
-1.46208 -0.299657
-1.11507 -0.266023
-0.783827 -0.233495
-0.446278 -0.201617
-0.11504 -0.169778
0.222508 -0.137378
0.56321 -0.103984
0.888139 -0.0694472
1.20991 -0.033933
1.53169 0.00212609
1.84715 0.0381497
2.15316 0.0735671
2.45285 0.107972
2.73992 0.141235
3.02699 0.173543
3.30776 0.205353
3.56644 0.237277
3.81881 0.269917
4.06172 0.303698
4.29201 0.338744
4.50022 0.374826
4.69896 0.411405
4.88508 0.447758
5.04597 0.483167
5.19739 0.517121
5.33935 0.549476
5.46554 0.580542
5.57911 0.611049
5.66744 0.642003
5.75577 0.674442
5.82202 0.709153
5.86933 0.746398
5.89457 0.785711
5.91981 0.825825
5.92927 0.864753
5.92296 0.90001
5.91034 0.928952
5.87564 0.949175
5.83779 0.958885
5.79046 0.957193
5.72422 0.944253
5.63904 0.921246
5.52232 0.890178
5.39298 0.853567
5.25102 0.814049
5.07752 0.773993
4.87877 0.735193
4.65164 0.69868
4.39611 0.664692
4.17213 0.632789
3.91345 0.602078
3.63269 0.571503
3.34877 0.540116
3.0333 0.507302
2.7273 0.472887
2.42446 0.437134
2.09637 0.400636
1.77144 0.364133
1.43705 0.328312
1.06796 0.29363
0.749335 0.260212
0.42125 0.227838
0.0837032 0.196014
-0.247536 0.164117
-0.572465 0.131565
-0.903703 0.0979717
-1.23494 0.0632416
-1.55672 0.0275938
-1.87534 -0.00850309
-2.17503 -0.0444584
-2.47472 -0.0797198
-2.76495 -0.113924
-3.07726 -0.146996
-3.32017 -0.179176
-3.58516 -0.21096
-3.82492 -0.242969
-4.06467 -0.275787
-4.29496 -0.309792
-4.50632 -0.345048
-4.71768 -0.381265
-4.90696 -0.417859
-5.08993 -0.454094
-5.25082 -0.489275
-5.40855 -0.522944
-5.5442 -0.555036
-5.66723 -0.58594
-5.78396 -0.616449
-5.88806 -0.647592
-5.94169 -0.680386
-5.99847 -0.715545
-6.04579 -0.753211
-6.08996 -0.79278
-6.10573 -0.832847
-6.10889 -0.871317
-6.11835 -0.90565
-6.09627 -0.933216
-6.04895 -0.951691
-6.00478 -0.959425
