data = [0.00483741 0.0797198
-0.00147195 0.154633
0.00168273 0.225957
0.0237655 0.299657
0.0332284 0.379117
0.0868579 0.460396
0.146797 0.536337
0.206735 0.605664
0.301374 0.676415
0.408633 0.757788
0.5222 0.846732
0.654695 0.922845
0.784036 0.958885
0.894449 0.939683
1.04587 0.873477
1.16575 0.785711
1.29509 0.700757
1.3708 0.627312
1.42443 0.558721
1.45282 0.485208
1.44336 0.404945
1.41812 0.324167
1.3708 0.248688
1.29509 0.1773
1.18783 0.103984
1.05849 0.0254774
0.925996 -0.0549224
0.780881 -0.131565
0.601066 -0.203485
0.418097 -0.275787
0.219353 -0.353501
0.00799208 -0.435001
-0.206525 -0.51321
-0.436814 -0.584143
-0.638713 -0.653233
-0.875312 -0.730767
-1.10245 -0.818768
-1.33274 -0.901912
-1.56618 -0.953181
-1.79647 -0.951691
-2.00468 -0.898085
-2.22866 -0.814049
-2.43371 -0.726375
-2.60406 -0.649466
-2.7334 -0.580542
-2.83435 -0.509277
-2.89114 -0.430727
-2.93846 -0.349268
-2.94161 -0.271869
-2.91953 -0.199749
-2.87852 -0.127672
-2.79965 -0.0507449
-2.70186 0.0297086
-2.58198 0.107972
-2.44318 0.181051
-2.29175 0.252516
-2.09616 0.328312
-1.90688 0.409252
-1.69868 0.489275
-1.46208 0.562391
-1.23179 0.63096
-0.985725 0.704937
-0.736508 0.790421
-0.474671 0.877752
-0.206526 0.942037
0.0805486 0.958327
0.355003 0.919619
0.629458 0.842132
0.891294 0.753211
1.13105 0.672476
1.32348 0.602078
1.50014 0.532538
1.63264 0.456198
1.74305 0.374826
1.81561 0.295634
1.87239 0.222199
1.89132 0.15082
1.88501 0.0756217
1.86293 -0.00425205
1.8093 -0.083803
1.73674 -0.158434
1.64841 -0.229721
1.53484 -0.303698
1.41181 -0.383413
1.26985 -0.464577
1.11527 -0.540116
0.954387 -0.609253
0.771417 -0.680386
0.582138 -0.76239
0.38655 -0.851298
0.187806 -0.925958
-0.0330187 -0.959285
-0.241226 -0.937194
-0.455742 -0.869143
-0.66395 -0.781013
-0.843765 -0.696612
-1.01096 -0.623679
-1.14661 -0.555036
-1.2381 -0.481121
-1.29488 -0.400636
-1.32958 -0.320038
-1.35482 -0.244873
-1.36113 -0.173543
-1.33905 -0.0999799
-1.27595 -0.0212402
-1.21286 0.0590882
-1.14977 0.135444
-0.941559 0.207221
-0.865847 0.279722
-0.796445 0.357745
-0.692342 0.439265
-0.537764 0.517121
-0.373722 0.587736
-0.193906 0.657026
-0.0140918 0.735193
0.172033 0.823476
0.364466 0.90565
0.5569 0.95452
0.771416 0.950051
0.960696 0.894172
1.1689 0.809323
1.33295 0.722017
1.52222 0.645723
1.60109 0.576934
1.69573 0.505322
1.75251 0.426445
1.78721 0.345048
1.77144 0.267968
1.72728 0.196014
1.66103 0.123763
1.59163 0.0465565
1.49699 -0.033933
1.36134 -0.111944
1.21622 -0.184797
1.05849 -0.256357
0.884985 -0.332473
0.702015 -0.413557
0.503272 -0.493319
0.298219 -0.566046
-0.0708749 -0.634623
-0.187598 -0.709153
-0.348485 -0.79514
-0.547228 -0.881964
-0.768054 -0.944253
-1.00465 -0.95761
-1.23179 -0.916282
-1.45261 -0.837502
-1.66398 -0.748662
-1.84064 -0.668569
-1.9826 -0.598495
-2.0867 -0.528717
-2.15926 -0.451986
-2.19711 -0.370543
-2.21289 -0.291629
-2.20973 -0.218448
-2.18134 -0.146996
-2.12771 -0.0715089
-2.04569 0.00850309
-1.9542 0.0878709
-1.82802 0.162225
-1.68921 0.233495
-1.52833 0.307756
-1.35167 0.387715
-1.18131 0.468741
-0.985726 0.543875
-0.783828 0.612847
-0.572465 0.684391
-0.354794 0.767015
-0.130814 0.855826
0.108941 0.928952
0.336075 0.959525
0.582138 0.934574
0.812427 0.864753
1.03325 0.776329
1.22569 0.692504
1.39604 0.620059
1.52222 0.551334
1.62002 0.477014
1.67996 0.396327
1.71466 0.315927
1.72728 0.241069
1.70835 0.169778
1.66103 0.0959595
1.6074 0.0169982
1.52222 -0.0632416
1.41181 -0.139308
1.29194 -0.21096
1.1342 -0.283673
0.98278 -0.362001
0.802964 -0.443518
0.623149 -0.521008
0.424406 -0.591325
0.228817 -0.660845
0.00799208 -0.739652
-0.200216 -0.82817
-0.421042 -0.909293
-0.635559 -0.955706
-0.875312 -0.948263
-1.10876 -0.890178
-1.32012 -0.804595
-1.51571 -0.717693
-1.67029 -0.642003
-1.79963 -0.573316
-1.8848 -0.501343
-1.9542 -0.422155
-1.99206 -0.340842
-2.01414 -0.264082
-2.00152 -0.192277
-1.9542 -0.119839
-1.8848 -0.0423578
-1.79647 0.0381497
-1.68921 0.1159
-1.55987 0.188539
-1.40529 0.260212
-1.25072 0.33665
-1.07406 0.417859
-0.903704 0.497342
-0.701806 0.569687
-0.484136 0.638303
-0.263309 0.713405
-0.0456386 0.799866
0.181498 0.886107
0.399169 0.94633
0.632614 0.956736
0.872367 0.912839
1.10581 0.832847
1.31717 0.744142
1.50645 0.664692
1.65787 0.594911
1.77775 0.524874
1.84715 0.447758
1.90394 0.366267
1.92602 0.287643
1.91971 0.214702
1.88501 0.143159
1.83769 0.0673821
1.76198 -0.0127521
1.64526 -0.0919232
1.51276 -0.166006
1.36449 -0.237277
1.20045 -0.311833
1.03325 -0.39202
0.843975 -0.472887
0.642077 -0.547614
0.433869 -0.616449
0.216197 -0.68843
-0.00778247 -0.771662
-0.241228 -0.860313
-0.465207 -0.931826
-0.714425 -0.959605
-0.94787 -0.931826
-1.20655 -0.860313
-1.42107 -0.771662
-1.6135 -0.68843
-1.77439 -0.616449
-1.97629 -0.547614
-2.0173 -0.472887
-2.06146 -0.39202
-2.10878 -0.311833
-2.14033 -0.237277
-2.14033 -0.166006
-2.10247 -0.0919232
-2.03938 -0.0127521
-1.96051 0.0673821
-1.86272 0.143159
-1.74284 0.214702
-1.58195 0.287643
-1.42107 0.366267
-1.25702 0.447758
-1.05197 0.524874
-0.862692 0.594911
-0.66395 0.664692
-0.449433 0.744142
-0.228608 0.832847
-0.00778131 0.912839
0.228817 0.956736
0.468571 0.94633
0.708325 0.886107
0.93546 0.799866
1.14998 0.713405
1.32979 0.638303
1.47491 0.569687
1.58847 0.497342
1.66734 0.417859
1.72412 0.33665
1.7399 0.260212
1.7399 0.188539
1.7115 0.1159
1.65157 0.0381497
1.58847 -0.0423578
1.49383 -0.119839
1.36134 -0.192277
1.23515 -0.264082
1.08373 -0.340842
0.913378 -0.422155
0.642077 -0.501343
0.528508 -0.573316
0.345539 -0.642003
0.137332 -0.717693
-0.0645655 -0.804595
-0.279083 -0.890178
-0.506217 -0.948263
-0.733352 -0.955706
-0.960487 -0.909293
-1.18447 -0.82817
-1.39583 -0.739652
-1.5788 -0.660845
-1.73022 -0.591325
-1.82486 -0.521008
-1.90057 -0.443518
-1.94474 -0.362001
-1.96682 -0.283673
-1.96998 -0.21096
-1.93843 -0.139308
-1.88165 -0.0632416
-1.80593 0.0169982
-1.7176 0.0959595
-1.59773 0.169778
-1.46523 0.241069
-1.32012 0.315927
-1.1403 0.396327
-0.957333 0.477014
-0.764899 0.551334
-0.559847 0.620059
-0.354794 0.692504
-0.137123 0.776329
0.0868591 0.864753
0.310839 0.934574
0.537974 0.959525
0.777728 0.928952
1.01748 0.855826
1.22569 0.767015
1.42443 0.684391
1.57901 0.612847
1.7052 0.543875
1.79983 0.468741
1.86293 0.387715
1.89132 0.307756
1.89447 0.233495
1.85977 0.162225
1.82192 0.0878709
1.74621 0.00850309
1.64526 -0.0715089
1.52853 -0.146996
1.39919 -0.218448
1.24777 -0.291629
1.07426 -0.370543
0.888139 -0.451986
0.702016 -0.528717
0.512736 -0.598495
0.29822 -0.668569
0.0868579 -0.748662
-0.140277 -0.837502
-0.364258 -0.916282
-0.591392 -0.95761
-0.827991 -0.944253
-1.05828 -0.881964
-1.28226 -0.79514
-1.48416 -0.709153
-1.65451 -0.634623
-1.79016 -0.566046
-1.88795 -0.493319
-1.94158 -0.413557
-1.9826 -0.332473
-2.00468 -0.256357
-1.99521 -0.184797
-1.94474 -0.111944
-1.89111 -0.033933
-1.80278 0.0465565
-1.70183 0.123763
-1.57249 0.196014
-1.43053 0.267968
-1.26964 0.345048
-1.09614 0.426445
-0.913167 0.505322
-0.70496 0.576934
-0.503062 0.645723
-0.2917 0.722017
-0.0708749 0.809323
0.16257 0.894172
0.389705 0.950051
0.629458 0.95452
0.878674 0.90565
1.12158 0.823476
1.32979 0.735193
1.52538 0.657026
1.67996 0.587736
1.78091 0.517121
1.86608 0.439265
1.91971 0.357745
1.9481 0.279722
1.93864 0.207221
1.91025 0.135444
1.85662 0.0590882
1.79037 -0.0212402
1.67365 -0.0999799
1.54115 -0.173543
1.4055 -0.244873
1.24777 -0.320038
1.08057 -0.400636
0.891294 -0.481121
0.702015 -0.555036
0.50958 -0.623679
0.2856 -0.696612
0.0742392 -0.781013
-0.156051 -0.869143
-0.383186 -0.937194
-0.619786 -0.959285
-0.85323 -0.925958
-1.08037 -0.851298
-1.29173 -0.76239
-1.48416 -0.680386
-1.64189 -0.609253
-1.74915 -0.540116
-1.83748 -0.464577
-1.89742 -0.383413
-1.93843 -0.303698
-1.93843 -0.229721
-1.92581 -0.158434
-1.87849 -0.083803
-1.81224 -0.00425205
-1.72076 0.0756217
-1.60404 0.15082
-1.47785 0.222199
-1.32012 0.295634
-1.15608 0.374826
-0.973106 0.456198
-0.774364 0.532538
-0.588239 0.602078
-0.361104 0.672476
-0.152897 0.753211
0.0773927 0.842132
0.304528 0.919619
0.544282 0.958327
0.777726 0.942037
