data = [0.0521564 0.0632416
0.0458471 0.123763
0.0521564 0.181051
0.0773939 0.237277
0.0963219 0.295634
0.137332 0.357745
0.181497 0.422155
0.241436 0.485208
0.307683 0.543875
0.405477 0.598495
0.493808 0.653233
0.585293 0.713405
0.686241 0.781013
0.790345 0.851298
0.897603 0.912839
1.00486 0.951691
1.12789 0.95761
1.24777 0.928952
1.36134 0.873477
1.47175 0.804595
1.54746 0.735193
1.6074 0.672476
1.6421 0.616449
1.63895 0.562391
1.62317 0.505322
1.59163 0.443518
1.53169 0.379117
1.45282 0.315927
1.34872 0.256357
1.25092 0.199749
1.11212 0.143159
0.967005 0.083803
0.809273 0.0212402
0.635766 -0.0423578
0.455951 -0.103984
0.276135 -0.162225
0.0994755 -0.218448
-0.108731 -0.275787
-0.310629 -0.33665
-0.512527 -0.400636
-0.714425 -0.464577
-0.925786 -0.524874
-1.1403 -0.580542
-1.34536 -0.634623
-1.54725 -0.692504
-1.76177 -0.757788
-1.96998 -0.82817
-2.17188 -0.894172
-2.37377 -0.942037
-2.56936 -0.959605
-2.75549 -0.942037
-2.9353 -0.894172
-3.09934 -0.82817
-3.23499 -0.757788
-3.34541 -0.692504
-3.42427 -0.634623
-3.46528 -0.580542
-3.48421 -0.524874
-3.48106 -0.464577
-3.44636 -0.400636
-3.3738 -0.33665
-3.28547 -0.275787
-3.17821 -0.218448
-3.04572 -0.162225
-2.89745 -0.103984
-2.73025 -0.0423578
-2.54412 0.0212402
-2.33592 0.083803
-2.1214 0.143159
-1.89111 0.199749
-1.63874 0.256357
-1.38006 0.315927
-1.12137 0.379117
-0.85323 0.443518
-0.585084 0.505322
-0.307475 0.562391
-0.0235547 0.616449
0.269828 0.672476
0.544283 0.735193
0.84082 0.804595
1.12474 0.873477
1.4055 0.928952
1.68942 0.95761
1.96703 0.951691
2.2194 0.912839
2.47808 0.851298
2.71153 0.781013
2.90712 0.713405
3.07747 0.653233
3.21627 0.598495
3.31407 0.543875
3.37401 0.485208
3.42133 0.422155
3.44656 0.357745
3.44025 0.295634
3.42132 0.237277
3.35823 0.181051
3.26359 0.123763
3.17526 0.0632416
3.04908 3.76817e-15
2.91027 -0.0632416
2.73677 -0.123763
2.57588 -0.181051
2.3866 -0.237277
2.17524 -0.295634
1.89763 -0.357745
1.73043 -0.422155
1.49383 -0.485208
1.23831 -0.543875
0.97647 -0.598495
0.717789 -0.653233
0.452797 -0.713405
0.187806 -0.781013
-0.0834936 -0.851298
-0.351639 -0.912839
-0.62294 -0.951691
-0.900548 -0.95761
-1.17185 -0.928952
-1.46208 -0.873477
-1.7807 -0.804595
-1.9195 -0.735193
-2.10563 -0.672476
-2.26336 -0.616449
-2.39586 -0.562391
-2.49996 -0.505322
-2.57252 -0.443518
-2.64192 -0.379117
-2.67662 -0.315927
-2.68924 -0.256357
-2.68293 -0.199749
-2.64823 -0.143159
-2.60722 -0.083803
-2.53782 -0.0212402
-2.46526 0.0423578
-2.34854 0.103984
-2.22866 0.162225
-2.09301 0.218448
-1.94474 0.275787
-1.79332 0.33665
-1.62927 0.400636
-1.44631 0.464577
-1.26018 0.524874
-1.05828 0.580542
-0.840611 0.634623
-0.622939 0.692504
-0.395804 0.757788
-0.174978 0.82817
0.0616204 0.894172
0.291911 0.942037
0.534817 0.959605
0.774571 0.942037
1.00171 0.894172
1.22884 0.82817
1.41812 0.757788
1.58847 0.692504
1.72728 0.634623
1.844 0.580542
1.93548 0.524874
1.99227 0.464577
2.03643 0.400636
2.05852 0.33665
2.05221 0.275787
2.03643 0.218448
1.98911 0.162225
1.93233 0.103984
1.85031 0.0423578
1.7399 -0.0212402
1.62633 -0.083803
1.49383 -0.143159
1.35503 -0.199749
1.19414 -0.256357
1.03325 -0.315927
0.847129 -0.379117
0.664158 -0.443518
0.47488 -0.505322
0.279291 -0.562391
0.0773939 -0.616449
-0.130814 -0.672476
-0.348484 -0.735193
-0.566156 -0.804595
-0.774364 -0.873477
-0.998344 -0.928952
-1.22232 -0.95761
-1.44 -0.951691
-1.66082 -0.912839
-1.86903 -0.851298
-2.06777 -0.781013
-2.24128 -0.713405
-2.38955 -0.653233
-2.4905 -0.598495
-2.56936 -0.543875
-2.63876 -0.485208
-2.67977 -0.422155
-2.69239 -0.357745
-2.68924 -0.295634
-2.664 -0.237277
-2.61984 -0.181051
-2.55674 -0.123763
-2.47788 -0.0632416
-2.38324 -4.07904e-14
-2.26336 0.0632416
-2.13402 0.123763
-2.00468 0.181051
-1.84379 0.237277
-1.64505 0.295634
-1.45892 0.357745
-1.26649 0.422155
-1.0709 0.485208
-0.865848 0.543875
-0.651331 0.598495
-0.433661 0.653233
-0.200217 0.713405
0.0332283 0.781013
0.266672 0.851298
0.506426 0.912839
0.743024 0.951691
0.985932 0.95761
1.22253 0.928952
1.45282 0.873477
1.66418 0.804595
1.85977 0.735193
2.02697 0.672476
2.16577 0.616449
2.26357 0.562391
2.34874 0.505322
2.40553 0.443518
2.43392 0.379117
2.44023 0.315927
2.42761 0.256357
2.39606 0.199749
2.32982 0.143159
2.25095 0.083803
2.15946 0.0212402
2.0459 -0.0423578
1.92286 -0.103984
1.7746 -0.162225
1.62002 -0.218448
1.46229 -0.275787
1.28247 -0.33665
1.10266 -0.400636
0.910222 -0.464577
0.70517 -0.524874
0.496963 -0.580542
0.2856 -0.634623
0.0584646 -0.692504
-0.171825 -0.757788
-0.408423 -0.82817
-0.651332 -0.894172
-0.875312 -0.942037
-1.12137 -0.959605
-1.35166 -0.942037
-1.58826 -0.894172
-1.80278 -0.82817
-1.99837 -0.757788
-2.16557 -0.692504
-2.3233 -0.634623
-2.43687 -0.580542
-2.53466 -0.524874
-2.60722 -0.464577
-2.66085 -0.400636
-2.67977 -0.33665
-2.68293 -0.275787
-2.65769 -0.218448
-2.61984 -0.162225
-2.55044 -0.103984
-2.47157 -0.0423578
-2.38639 0.0212402
-2.27913 0.083803
-2.16241 0.143159
-2.02676 0.199749
-1.85956 0.256357
-1.69868 0.315927
-1.52833 0.379117
-1.3422 0.443518
-1.15923 0.505322
-0.957333 0.562391
-0.752281 0.616449
-0.531455 0.672476
-0.307475 0.735193
-0.0708749 0.804595
0.15626 0.873477
0.392858 0.928952
0.635767 0.95761
0.866057 0.951691
1.11212 0.912839
1.34241 0.851298
1.55692 0.781013
1.72412 0.713405
1.88185 0.653233
2.0175 0.598495
2.11214 0.543875
2.1847 0.485208
2.23833 0.422155
2.27303 0.357745
2.2825 0.295634
2.27619 0.237277
2.23202 0.181051
2.18786 0.123763
2.11845 0.0632416
2.01751 8.19933e-14
1.89763 -0.0632416
1.7746 -0.123763
1.6421 -0.181051
1.50645 -0.237277
1.34557 -0.295634
1.18783 -0.357745
1.00801 -0.422155
0.812427 -0.485208
0.613685 -0.543875
0.411786 -0.598495
0.209889 -0.653233
-0.0140918 -0.713405
-0.219144 -0.781013
-0.443125 -0.851298
-0.657641 -0.912839
-0.875312 -0.951691
-1.10245 -0.95761
-1.32327 -0.928952
-1.5441 -0.873477
-1.73653 -0.804595
-1.90057 -0.735193
-2.05831 -0.672476
-2.17188 -0.616449
-2.26967 -0.562391
-2.34854 -0.505322
-2.3927 -0.443518
-2.43687 -0.379117
-2.44633 -0.315927
-2.44002 -0.256357
-2.40532 -0.199749
-2.36115 -0.143159
-2.30437 -0.083803
-2.22551 -0.0212402
-2.13402 0.0423578
-2.03307 0.103984
-1.90688 0.162225
-1.77754 0.218448
-1.61981 0.275787
-1.45261 0.33665
-1.30119 0.400636
-1.10876 0.464577
-0.922632 0.524874
-0.730198 0.580542
-0.525145 0.634623
-0.316938 0.692504
-0.099267 0.757788
0.112095 0.82817
0.326611 0.894172
0.556902 0.942037
0.784036 0.959605
1.00802 0.942037
1.22253 0.894172
1.43705 0.82817
1.62633 0.757788
1.78406 0.692504
1.91656 0.634623
2.02066 0.580542
2.11214 0.524874
2.15316 0.464577
2.18786 0.400636
2.19417 0.33665
2.18786 0.275787
2.17208 0.218448
2.13738 0.162225
2.06798 0.103984
1.98911 0.0423578
1.86293 -0.0212402
1.75251 -0.083803
1.61371 -0.143159
1.46544 -0.199749
1.31086 -0.256357
1.14682 -0.315927
0.970161 -0.379117
0.793499 -0.443518
0.601066 -0.505322
0.408632 -0.562391
0.216199 -0.616449
-0.0109372 -0.672476
-0.193906 -0.735193
-0.414733 -0.804595
-0.632403 -0.873477
-0.834301 -0.928952
-1.05828 -0.95761
-1.26649 -0.951691
-1.48732 -0.912839
-1.68606 -0.851298
-1.87534 -0.781013
-2.03623 -0.713405
-2.17187 -0.653233
-2.27913 -0.598495
-2.358 -0.543875
-2.42109 -0.485208
-2.45579 -0.422155
-2.47157 -0.357745
-2.4621 -0.295634
-2.45264 -0.237277
-2.40847 -0.181051
-2.34854 -0.123763
-2.27598 -0.0632416
-2.16872 7.66154e-14
-2.06462 0.0632416
-1.94789 0.123763
-1.80278 0.181051
-1.64505 0.237277
-1.47785 0.295634
-1.28857 0.357745
-1.1056 0.422155
-0.919478 0.485208
-0.727044 0.543875
-0.525146 0.598495
-0.313784 0.653233
-0.099267 0.713405
0.134177 0.781013
0.345539 0.851298
0.585293 0.912839
0.815583 0.951691
1.04587 0.95761
1.27616 0.928952
1.51276 0.873477
1.70835 0.804595
1.88816 0.735193
2.05536 0.672476
2.1847 0.616449
2.27934 0.562391
2.37083 0.505322
2.41815 0.443518
2.44023 0.379117
2.44338 0.315927
2.42761 0.256357
2.40868 0.199749
2.3519 0.143159
2.26357 0.083803
2.1847 0.0212402
2.06482 -0.0423578
1.93548 -0.103984
1.8093 -0.162225
1.66103 -0.218448
1.50645 -0.275787
1.32664 -0.33665
