data = [0.0111456 0.048652
0.0143003 0.0959595
0.0111456 0.141235
0.0206096 0.184797
0.0521564 0.227838
0.0773939 0.271869
0.124713 0.31798
0.165724 0.366267
0.213044 0.415708
0.2856 0.464577
0.351849 0.511247
0.42756 0.555036
0.503272 0.596703
0.582138 0.638303
0.670468 0.682385
0.752489 0.730767
0.850283 0.78336
0.93546 0.837502
1.02694 0.888152
1.11843 0.928952
1.22253 0.95387
1.31086 0.958885
1.40866 0.943163
1.48437 0.909293
1.55693 0.862539
1.61371 0.809323
1.65472 0.755496
1.67049 0.704937
1.67365 0.658932
1.63895 0.616449
1.60109 0.575126
1.54431 0.532538
1.47491 0.487244
1.38973 0.439265
1.27616 0.389867
1.15628 0.340842
1.02379 0.29363
0.891294 0.248688
0.727252 0.205353
0.575829 0.162225
0.408632 0.117872
0.238281 0.0715089
0.0553111 0.0233595
-0.133968 -0.0254774
-0.316939 -0.0735671
-0.503064 -0.119839
-0.695497 -0.164117
-0.884776 -0.207221
-1.0709 -0.2506
-1.26018 -0.295634
-1.45261 -0.342943
-1.63558 -0.39202
-1.8154 -0.441393
-1.99837 -0.489275
-2.16241 -0.53444
-2.33592 -0.576934
-2.50627 -0.618253
-2.664 -0.660845
-2.81542 -0.707041
-2.96054 -0.757788
-3.08988 -0.811687
-3.22553 -0.864753
-3.3391 -0.911079
-3.45582 -0.944253
-3.56623 -0.959105
-3.66403 -0.953181
-3.76182 -0.92747
-3.82176 -0.886107
-3.87539 -0.835178
-3.90694 -0.781013
-3.90063 -0.728567
-3.88485 -0.680386
-3.82176 -0.63646
-3.74605 -0.594911
-3.63564 -0.553187
-3.5126 -0.509277
-3.37695 -0.462489
-3.21607 -0.413557
-3.04256 -0.364133
-2.85013 -0.315927
-2.63245 -0.269917
-2.40847 -0.225957
-2.17503 -0.182924
-1.92581 -0.139308
-1.67028 -0.0939433
-1.41791 -0.0465565
-1.14977 0.00212609
-0.875313 0.0507449
-0.594548 0.0979717
-0.30432 0.143159
-0.0172465 0.186668
0.288755 0.229721
0.588447 0.273826
0.884985 0.320038
1.1626 0.368404
1.45282 0.417859
1.73674 0.466661
1.99227 0.51321
2.2825 0.556881
2.54118 0.598495
2.81563 0.64015
3.05539 0.684391
3.3046 0.732976
3.54436 0.785711
3.75572 0.83982
3.99547 0.890178
4.24469 0.930404
4.35826 0.95452
4.47183 0.958626
4.63271 0.942037
4.76836 0.907484
4.88508 0.860313
4.9608 0.806959
5.01443 0.753211
5.03651 0.702843
5.02073 0.657026
4.97657 0.614647
4.91348 0.573316
4.81568 0.53063
4.68634 0.485208
4.51914 0.437134
4.36141 0.387715
4.16898 0.338744
3.94815 0.291629
3.72102 0.246779
3.4718 0.203485
3.20996 0.160331
2.94813 0.1159
2.66736 0.0694472
2.38029 0.0212402
2.07113 -0.0275938
1.76513 -0.0756217
1.44651 -0.121803
1.12789 -0.166006
0.796656 -0.20909
0.468572 -0.252516
-0.0424828 -0.297643
-0.215989 -0.345048
-0.496753 -0.394173
-0.796445 -0.443518
-1.09929 -0.4913
-1.40845 -0.536337
-1.71761 -0.578739
-2.0173 -0.620059
-2.30437 -0.662765
-2.60091 -0.709153
-2.85959 -0.760085
-3.12458 -0.814049
-3.38011 -0.866955
-3.61986 -0.912839
-3.85015 -0.945309
-4.06467 -0.959285
-4.28234 -0.952455
-4.46531 -0.925958
-4.63882 -0.884044
-4.78709 -0.832847
-4.90381 -0.778669
-4.98583 -0.726375
-5.03315 -0.678397
-5.071 -0.634623
-5.06469 -0.593118
-5.02999 -0.551334
-4.97321 -0.507302
-4.88488 -0.460396
-4.78078 -0.411405
-4.6609 -0.362001
-4.50001 -0.313878
-4.33912 -0.267968
-4.14985 -0.224077
-3.95426 -0.181051
-3.74289 -0.137378
-3.5126 -0.0919232
-3.2697 -0.0444584
-3.01732 0.00425205
-2.74287 0.0528351
-2.46526 0.0999799
-2.18134 0.145079
-1.8848 0.188539
-1.57249 0.231607
-1.25387 0.275787
-0.938406 0.3221
-0.626095 0.370543
-0.30432 0.420007
0.017455 0.468741
0.336075 0.515168
0.66416 0.558721
0.97647 0.600286
1.28878 0.642003
1.59478 0.686406
1.8787 0.735193
2.17524 0.788065
2.44654 0.842132
2.71468 0.892185
2.97652 0.931826
3.2352 0.955132
3.46549 0.958327
3.68001 0.940877
3.8756 0.90565
4.05226 0.858075
4.20999 0.804595
4.31725 0.750933
4.40558 0.700757
4.4529 0.655126
4.46551 0.612847
4.4592 0.571503
4.4245 0.528717
4.36772 0.483167
4.26993 0.435001
4.15951 0.385564
4.02702 0.33665
3.87244 0.289634
3.69578 0.244873
3.50335 0.201617
3.28883 0.158434
3.06169 0.113924
2.8251 0.0673821
2.57588 0.0191198
2.30458 -0.0297086
2.03959 -0.0776726
1.76513 -0.123763
1.47806 -0.167893
1.18783 -0.21096
0.894449 -0.254435
0.591602 -0.299657
0.2856 -0.347156
-0.0140918 -0.396327
-0.310629 -0.44564
-0.600857 -0.493319
-0.903704 -0.538229
-1.20024 -0.580542
-1.49993 -0.621868
-1.78701 -0.664692
-2.05831 -0.711275
-2.32014 -0.76239
-2.57567 -0.816409
-2.8312 -0.869143
-3.07095 -0.914573
-3.3044 -0.94633
-3.52838 -0.959425
-3.73659 -0.951691
-3.93848 -0.924416
-4.11199 -0.881964
-4.26026 -0.830511
-4.38644 -0.776329
-4.47477 -0.724191
-4.52525 -0.676415
-4.55995 -0.632789
-4.56941 -0.591325
-4.54102 -0.549476
-4.49686 -0.505322
-4.41799 -0.458299
-4.33597 -0.409252
-4.20978 -0.359872
-4.06151 -0.311833
-3.90063 -0.266023
-3.73343 -0.222199
-3.54415 -0.179176
-3.34225 -0.135444
-3.13089 -0.089899
-2.89429 -0.0423578
-2.65454 0.00637776
-2.39586 0.0549224
-2.13717 0.101984
-1.87534 0.146996
-1.58826 0.190408
-1.26333 0.233495
-0.992034 0.277752
-0.69865 0.324167
-0.414731 0.372684
-0.105576 0.422155
0.178342 0.470816
0.478035 0.517121
0.787191 0.560558
1.07426 0.602078
1.36449 0.64386
1.65472 0.68843
1.92602 0.737418
2.19732 0.790421
2.46231 0.844436
2.72099 0.894172
2.96705 0.933216
3.20996 0.955706
3.4371 0.957988
3.64846 0.939683
3.83143 0.903793
3.99547 0.855826
4.12797 0.80223
4.23523 0.748662
4.31409 0.69868
4.36141 0.653233
4.37403 0.611049
4.36141 0.569687
4.31094 0.526798
4.25731 0.481121
4.16267 0.432865
4.05541 0.383413
3.90714 0.334559
3.7431 0.287643
3.56644 0.242969
3.37085 0.199749
3.15318 0.156535
2.93866 0.111944
2.68629 0.0653135
2.45285 0.0169982
2.17208 -0.0318217
1.88501 -0.0797198
1.63264 -0.12572
1.34241 -0.169778
1.05218 -0.21283
0.743025 -0.256357
0.455952 -0.301675
0.165724 -0.349268
-0.137122 -0.398482
-0.443124 -0.447758
-0.733352 -0.495334
-1.03305 -0.540116
-1.31381 -0.582343
-1.61665 -0.623679
-1.8848 -0.666627
-2.15926 -0.713405
-2.42109 -0.764699
-2.67031 -0.818768
-2.91006 -0.871317
-3.15297 -0.916282
-3.38326 -0.947314
-3.59147 -0.959525
-3.79968 -0.950889
-3.97949 -0.922845
-4.153 -0.879866
-4.29181 -0.82817
-4.40537 -0.773993
-4.48739 -0.722017
-4.54102 -0.674442
-4.55995 -0.63096
-4.55049 -0.589531
-4.51894 -0.547614
-4.459 -0.503335
-4.38014 -0.456198
-4.26972 -0.407099
-4.14669 -0.357745
-4.00158 -0.309792
-3.84384 -0.264082
-3.67034 -0.220323
-3.4779 -0.1773
-3.26654 -0.133506
-3.01417 -0.0878709
-2.79019 -0.0402549
-2.54097 0.00850309
-2.27913 0.0570068
-2.0173 0.103984
-1.746 0.14891
-1.46523 0.192277
-1.1687 0.235384
-0.881622 0.279722
-0.578774 0.326237
-0.282236 0.374826
0.026919 0.424301
0.329766 0.472887
0.613685 0.519067
0.925996 0.562391
1.21622 0.603871
1.49699 0.645723
1.77775 0.690462
2.05536 0.739652
2.32666 0.79278
2.57903 0.846732
2.8314 0.896139
3.07116 0.934574
3.30145 0.95624
3.50965 0.95761
3.72102 0.938455
3.90399 0.901912
4.05856 0.853567
4.19737 0.799866
4.29201 0.746398
4.36141 0.696612
4.39296 0.651347
4.39611 0.609253
4.36457 0.567868
4.31409 0.524874
4.24785 0.47907
4.14059 0.430727
4.03017 0.381265
3.86613 0.332473
3.70209 0.285656
3.49704 0.241069
3.3046 0.197882
3.08693 0.154633
2.85349 0.10996
2.60112 0.0632416
2.33297 0.0148756
2.06798 -0.033933
1.79037 -0.0817633
1.49383 -0.127672
1.21307 -0.171661
0.919686 -0.214702
0.629458 -0.258283
0.310838 -0.303698
0.0206085 -0.351383
-0.279083 -0.400636
-0.566156 -0.449874
-0.856384 -0.497342
-1.14661 -0.541998
-1.44 -0.584143
-1.72391 -0.625494
-2.00783 -0.668569
-2.26336 -0.715545
-2.52204 -0.767015
-2.77757 -0.821123
-3.0047 -0.873477
-3.23815 -0.917964
-3.44951 -0.948263
-3.65141 -0.959585
-3.847 -0.950051
-4.02366 -0.921246
-4.17508 -0.877752
-4.31389 -0.825825
-4.41484 -0.771662
-4.48739 -0.719851
-4.53156 -0.672476
-4.54733 -0.629134
-4.52525 -0.587736
-4.48424 -0.545747
-4.40537 -0.501343
-4.30442 -0.454094
-4.19401 -0.404945
-4.06151 -0.355622
-3.90694 -0.307756
-3.73659 -0.262145
-3.54415 -0.218448
-3.33279 -0.175422
-3.10881 -0.131565
-2.87221 -0.0858389
-2.6293 -0.0381497
-2.38324 0.0106279
-2.11509 0.0590882
-1.83433 0.10598
-1.5441 0.15082
-1.25072 0.194146
-0.951023 0.237277
-0.635558 0.281695
-0.348484 0.328312
