data = [-0.0267094 0.0756217
-0.0298641 0.146996
-0.0298641 0.214702
-0.00778247 0.283673
0.026919 0.357745
0.0616205 0.435001
0.127869 0.509277
0.19727 0.576934
0.2856 0.642003
0.38655 0.713405
0.490653 0.79514
0.61053 0.877752
0.720943 0.939683
0.850284 0.959285
0.979625 0.928952
1.11843 0.860313
1.24462 0.776329
1.34556 0.696612
1.42128 0.627312
1.45913 0.562391
1.47491 0.493319
1.47491 0.417859
1.44651 0.340842
1.39288 0.267968
1.31717 0.199749
1.21938 0.131565
1.09004 0.0590882
0.957542 -0.0169982
0.7935 -0.0919232
0.619994 -0.162225
0.43387 -0.229721
0.241436 -0.299657
0.0521564 -0.374826
-0.162359 -0.451986
-0.373722 -0.524874
-0.591392 -0.591325
-0.815373 -0.657026
-1.0362 -0.730767
-1.26333 -0.814049
-1.4747 -0.894172
-1.70499 -0.948263
-1.92266 -0.956736
-2.15295 -0.916282
-2.36115 -0.842132
-2.55043 -0.757788
-2.71763 -0.680386
-2.85643 -0.612847
-2.94792 -0.547614
-3.00155 -0.477014
-3.04887 -0.400636
-3.05518 -0.324167
-3.04256 -0.252516
-3.00155 -0.184797
-2.92268 -0.1159
-2.83435 -0.0423578
-2.71763 0.033933
-2.57883 0.107972
-2.41163 0.1773
-2.24759 0.244873
-2.03938 0.315927
-1.84064 0.39202
-1.62927 0.468741
-1.38952 0.540116
-1.14977 0.605664
-0.90055 0.672476
-0.638714 0.748662
-0.364259 0.832847
-0.0866494 0.909293
0.194116 0.95452
0.478035 0.951691
0.768263 0.901912
1.03641 0.823476
1.29193 0.739652
1.51276 0.664692
1.70519 0.598495
1.86293 0.532538
1.9828 0.460396
2.07113 0.383413
2.14054 0.307756
2.19101 0.237277
2.20047 0.169778
2.18786 0.0999799
2.15946 0.0254774
2.09637 -0.0507449
2.02381 -0.123763
1.92918 -0.192277
1.80299 -0.260212
1.68942 -0.332473
1.54431 -0.409252
1.37711 -0.485208
1.21307 -0.555036
1.0301 -0.620059
0.837666 -0.68843
0.632613 -0.767015
0.421252 -0.851298
0.20358 -0.922845
-0.0267106 -0.958327
-0.263309 -0.944253
-0.484136 -0.886107
-0.704961 -0.804595
-0.903704 -0.722017
-1.08037 -0.649466
-1.22548 -0.584143
-1.34851 -0.517121
-1.42738 -0.443518
-1.47785 -0.366267
-1.50624 -0.291629
-1.52833 -0.222199
-1.50624 -0.154633
-1.4747 -0.083803
-1.46523 -0.00850309
-1.4116 0.0673821
-1.33274 0.139308
-1.23179 0.207221
-1.10876 0.275787
-0.98888 0.349268
-0.843765 0.426445
-0.692342 0.501343
-0.53461 0.569687
-0.35795 0.634623
-0.187598 0.704937
0.00168041 0.785711
0.285602 0.869143
0.405478 0.934574
0.563211 0.959605
0.752491 0.934574
0.948078 0.869143
1.1342 0.785711
1.29194 0.704937
1.41181 0.634623
1.5033 0.569687
1.58847 0.501343
1.62633 0.426445
1.64841 0.349268
1.6421 0.275787
1.61371 0.207221
1.55693 0.139308
1.48121 0.0673821
1.37396 -0.00850309
1.25723 -0.083803
1.07742 -0.154633
0.973315 -0.222199
0.818738 -0.291629
0.667314 -0.366267
0.478035 -0.443518
0.295066 -0.517121
0.0963219 -0.584143
-0.0961123 -0.649466
-0.310629 -0.722017
-0.515681 -0.804595
-0.71758 -0.886107
-0.925786 -0.944253
-1.13715 -0.958327
-1.35797 -0.922845
-1.56618 -0.851298
-1.75862 -0.767015
-1.92897 -0.68843
-2.04884 -0.620059
-2.1561 -0.555036
-2.22235 -0.485208
-2.26336 -0.409252
-2.28229 -0.332473
-2.27598 -0.260212
-2.24443 -0.192277
-2.18765 -0.123763
-2.11509 -0.0507449
-2.00783 0.0254774
-1.90058 0.0999799
-1.76177 0.169778
-1.61666 0.237277
-1.43684 0.307756
-1.26964 0.383413
-1.07721 0.460396
-0.872158 0.532538
-0.66395 0.598495
-0.458898 0.664692
-0.25069 0.739652
-0.0235559 0.823476
0.187806 0.901912
0.424405 0.951691
0.657849 0.95452
0.897603 0.909293
1.12158 0.832847
1.32664 0.748662
1.5033 0.672476
1.6421 0.605664
1.75251 0.540116
1.844 0.468741
1.88501 0.39202
1.91656 0.315927
1.91025 0.244873
1.87555 0.1773
1.83769 0.107972
1.76198 0.033933
1.66103 -0.0423578
1.55062 -0.1159
1.42128 -0.184797
1.2667 -0.252516
1.10266 -0.324167
0.935459 -0.400636
0.743025 -0.477014
0.553746 -0.547614
0.351849 -0.612847
0.146796 -0.680386
-0.0645655 -0.757788
-0.272773 -0.842132
-0.490444 -0.916282
-0.71127 -0.956736
-0.938405 -0.948263
-1.15923 -0.894172
-1.36744 -0.814049
-1.55356 -0.730767
-1.70499 -0.657026
-1.82171 -0.591325
-1.9195 -0.524874
-1.96682 -0.451986
-2.00152 -0.374826
-2.01414 -0.299657
-1.99521 -0.229721
-1.95736 -0.162225
-1.88796 -0.0919232
-1.80909 -0.0169982
-1.70814 0.0590882
-1.59142 0.131565
-1.46208 0.199749
-1.3075 0.267968
-1.14977 0.340842
-0.973107 0.417859
-0.777518 0.493319
-0.591393 0.562391
-0.392651 0.627312
-0.178134 0.696612
0.0332272 0.776329
0.257208 0.860313
0.468569 0.928952
0.695706 0.959285
0.919686 0.939683
1.14367 0.877752
1.35818 0.79514
1.53484 0.713405
1.69573 0.642003
1.81561 0.576934
1.90394 0.509277
1.96388 0.435001
1.99542 0.357745
1.99858 0.283673
1.97019 0.214702
1.9134 0.146996
1.85662 0.0756217
1.75251 7.23172e-14
1.61686 -0.0756217
1.47175 -0.146996
1.31717 -0.214702
1.17521 -0.283673
1.00486 -0.357745
0.818738 -0.435001
0.629457 -0.509277
0.42125 -0.576934
0.197269 -0.642003
-0.0298652 -0.713405
-0.263309 -0.79514
-0.484136 -0.877752
-0.714425 -0.939683
-0.944715 -0.959285
-1.16554 -0.928952
-1.39583 -0.860313
-1.60404 -0.776329
-1.77439 -0.696612
-1.9195 -0.627312
-2.03307 -0.562391
-2.1214 -0.493319
-2.17188 -0.417859
-2.20027 -0.340842
-2.21604 -0.267968
-2.18765 -0.199749
-2.13717 -0.131565
-2.06777 -0.0590882
-1.96998 0.0169982
-1.86272 0.0919232
-1.73022 0.162225
-1.58827 0.229721
-1.40845 0.299657
-1.23494 0.374826
-1.04882 0.451986
-0.859539 0.524874
-0.65133 0.591325
-0.424197 0.657026
-0.21599 0.730767
0.017455 0.814049
0.247744 0.894172
0.487499 0.948263
0.717788 0.956736
0.960696 0.916282
1.19414 0.842132
1.4055 0.757788
1.5727 0.680386
1.72728 0.612847
1.84715 0.547614
1.92602 0.477014
1.9828 0.400636
2.00804 0.324167
1.99858 0.252516
1.96703 0.184797
1.92286 0.1159
1.85977 0.0423578
1.75882 -0.033933
1.63579 -0.107972
1.49699 -0.1773
1.34556 -0.244873
1.16575 -0.315927
0.998552 -0.39202
0.812428 -0.468741
0.613683 -0.540116
0.414941 -0.605664
0.197269 -0.672476
-0.0267105 -0.748662
-0.253846 -0.832847
-0.474672 -0.909293
-0.698651 -0.95452
-0.928942 -0.951691
-1.15292 -0.901912
-1.37375 -0.823476
-1.57249 -0.739652
-1.73653 -0.664692
-1.87218 -0.598495
-1.97313 -0.532538
-2.03938 -0.460396
-2.08039 -0.383413
-2.09616 -0.307756
-2.09616 -0.237277
-2.07408 -0.169778
-2.01099 -0.0999799
-1.94159 -0.0254774
-1.84695 0.0507449
-1.73653 0.123763
-1.59773 0.192277
-1.44946 0.260212
-1.28542 0.332473
-1.11191 0.409252
-0.922632 0.485208
-0.733353 0.555036
-0.534609 0.620059
-0.326403 0.68843
-0.105576 0.767015
0.115249 0.851298
0.336075 0.922845
0.5569 0.958327
0.784036 0.944253
1.01117 0.886107
1.22884 0.804595
1.41812 0.722017
1.59163 0.649466
1.7115 0.584143
1.79983 0.517121
1.87239 0.443518
1.91025 0.366267
1.92286 0.291629
1.90078 0.222199
1.87239 0.154633
1.8093 0.083803
1.73359 0.00850309
1.62002 -0.0673821
1.48437 -0.139308
1.34556 -0.207221
1.19414 -0.275787
1.02694 -0.349268
0.843974 -0.426445
0.661004 -0.501343
0.468571 -0.569687
0.257208 -0.634623
0.0458471 -0.704937
-0.174979 -0.785711
-0.38634 -0.869143
-0.619786 -0.934574
-0.843765 -0.959605
-1.05828 -0.934574
-1.28542 -0.869143
-1.47785 -0.785711
-1.64505 -0.704937
-1.79963 -0.634623
-1.91319 -0.569687
-1.99521 -0.501343
-2.04569 -0.426445
-2.08039 -0.349268
-2.08354 -0.275787
-2.06146 -0.207221
-1.99837 -0.139308
-1.9479 -0.0673821
-1.8501 0.00850309
-1.73653 0.083803
-1.60719 0.154633
-1.47154 0.222199
-1.29173 0.291629
-1.11822 0.366267
-0.932096 0.443518
-0.749126 0.517121
-0.540919 0.584143
-0.329557 0.649466
-0.12135 0.722017
0.10263 0.804595
0.332919 0.886107
0.5569 0.944253
0.796654 0.958327
1.02063 0.922845
1.23831 0.851298
1.44967 0.767015
1.63264 0.68843
1.7746 0.620059
1.88816 0.555036
1.97018 0.485208
2.02697 0.409252
2.05221 0.332473
2.05221 0.260212
2.03643 0.192277
1.99227 0.123763
1.90394 0.0507449
1.81561 -0.0254774
1.68311 -0.0999799
1.56008 -0.169778
1.40866 -0.237277
1.24146 -0.307756
1.0648 -0.383413
0.866057 -0.460396
0.686241 -0.532538
0.478035 -0.598495
0.263518 -0.664692
0.0490018 -0.739652
-0.16867 -0.823476
-0.389495 -0.901912
-0.619786 -0.951691
-0.843765 -0.95452
-1.06775 -0.909293
-1.28542 -0.832847
-1.48732 -0.748662
-1.6482 -0.672476
-1.7807 -0.605664
