data = [-0.0361734 0.0611665
-0.0424828 0.119839
-0.0393281 0.175422
-0.0172454 0.229721
0.00799093 0.285656
0.0458471 0.345048
0.0868579 0.407099
0.153105 0.468741
0.216199 0.526798
0.295064 0.580542
0.383395 0.632789
0.47488 0.68843
0.578983 0.750933
0.66416 0.818768
0.765108 0.884044
0.884985 0.934574
0.998552 0.958626
1.12158 0.950051
1.22884 0.911079
1.33925 0.851298
1.43074 0.78336
1.49699 0.717693
1.54746 0.658932
1.56324 0.605664
1.55377 0.553187
1.52853 0.497342
1.48752 0.437134
1.43074 0.374826
1.34241 0.313878
1.23515 0.256357
1.11843 0.201617
0.985934 0.146996
0.834511 0.089899
0.683088 0.0297086
0.506427 -0.0318217
0.332921 -0.0919232
0.146797 -0.14891
-0.0456374 -0.203485
-0.238072 -0.258283
-0.446278 -0.315927
-0.648176 -0.376971
-0.850075 -0.439265
-1.05513 -0.499346
-1.26333 -0.555036
-1.46523 -0.607458
-1.67344 -0.660845
-1.87534 -0.719851
-2.07724 -0.785711
-2.27282 -0.853567
-2.46526 -0.912839
-2.65138 -0.950889
-2.84066 -0.958327
-3.02048 -0.933216
-3.18767 -0.881964
-3.32332 -0.816409
-3.44636 -0.748662
-3.541 -0.686406
-3.59462 -0.63096
-3.62302 -0.578739
-3.63248 -0.524874
-3.61355 -0.466661
-3.56308 -0.404945
-3.4779 -0.342943
-3.37695 -0.283673
-3.25392 -0.227838
-3.11827 -0.173543
-2.94792 -0.117872
-2.7681 -0.0590882
-2.57883 0.00212609
-2.37693 0.0632416
-2.14348 0.121803
-1.91635 0.1773
-1.66398 0.231607
-1.39583 0.287643
-1.13399 0.347156
-0.865848 0.409252
-0.597703 0.470816
-0.30432 0.528717
-0.0235558 0.582343
0.260363 0.634623
0.5569 0.690462
0.837666 0.753211
1.12158 0.821123
1.40866 0.886107
1.68311 0.9359
1.95757 0.958885
2.22887 0.949175
2.48755 0.909293
2.74623 0.849019
2.95759 0.781013
3.14687 0.715545
3.31407 0.657026
3.43394 0.603871
3.52858 0.551334
3.58537 0.495334
3.62322 0.435001
3.62953 0.372684
3.59798 0.311833
3.57275 0.254435
3.51281 0.199749
3.42763 0.145079
3.31091 0.0878709
3.17526 0.0275938
3.00176 -0.033933
2.83456 -0.0939433
2.67052 -0.15082
2.47178 -0.205353
2.26041 -0.260212
1.88186 -0.31798
1.70835 -0.379117
1.53484 -0.441393
1.28878 -0.501343
1.02379 -0.556881
0.777727 -0.609253
0.509581 -0.662765
0.219353 -0.722017
-0.0582562 -0.788065
-0.326403 -0.855826
-0.600857 -0.914573
-0.878466 -0.951691
-1.16554 -0.957988
-1.44 -0.931826
-1.70183 -0.879866
-2.04569 -0.814049
-2.18134 -0.746398
-2.37062 -0.684391
-2.52835 -0.629134
-2.65138 -0.576934
-2.75864 -0.522944
-2.85013 -0.464577
-2.91322 -0.402791
-2.95107 -0.340842
-2.96685 -0.281695
-2.94477 -0.225957
-2.90376 -0.171661
-2.85959 -0.1159
-2.78072 -0.0570068
-2.70186 0.00425205
-2.58829 0.0653135
-2.47157 0.123763
-2.33907 0.179176
-2.16241 0.233495
-1.90057 0.289634
-1.80909 0.349268
-1.62927 0.411405
-1.43053 0.472887
-1.20971 0.53063
-1.00465 0.584143
-0.774364 0.63646
-0.550384 0.692504
-0.30432 0.755496
-0.0551026 0.823476
0.181497 0.888152
0.437024 0.937194
0.692552 0.959105
0.944924 0.948263
1.19414 0.907484
1.42128 0.846732
1.63579 0.778669
1.82192 0.713405
1.97334 0.655126
2.10899 0.602078
2.20994 0.549476
2.28881 0.493319
2.33613 0.432865
2.36452 0.370543
2.36452 0.309792
2.35821 0.252516
2.32982 0.197882
2.27303 0.143159
2.20363 0.0858389
2.10268 0.0254774
1.98911 -0.0360424
1.86924 -0.0959595
1.72097 -0.152728
1.56639 -0.207221
1.40235 -0.262145
1.23515 -0.320038
1.04587 -0.381265
0.84713 -0.443518
0.642077 -0.503335
0.43387 -0.558721
0.213044 -0.611049
-0.00147194 -0.664692
-0.219144 -0.724191
-0.455742 -0.790421
-0.692342 -0.858075
-0.919477 -0.916282
-1.16239 -0.952455
-1.40214 -0.95761
-1.63243 -0.930404
-1.85957 -0.877752
-2.06777 -0.811687
-2.24759 -0.744142
-2.40216 -0.682385
-2.52835 -0.627312
-2.61984 -0.575126
-2.70186 -0.521008
-2.74918 -0.462489
-2.79019 -0.400636
-2.79965 -0.338744
-2.78703 -0.279722
-2.75864 -0.224077
-2.69555 -0.169778
-2.62299 -0.113924
-2.52835 -0.0549224
-2.43056 0.00637776
-2.30752 0.0673821
-2.17503 0.12572
-2.02361 0.181051
-1.84695 0.235384
-1.66398 0.291629
-1.4747 0.351383
-1.26018 0.413557
-1.05828 0.474953
-0.827993 0.532538
-0.607168 0.58594
-0.38634 0.638303
-0.146587 0.694554
0.105786 0.757788
0.342385 0.825825
0.59791 0.890178
0.847129 0.938455
1.08057 0.959285
1.3361 0.947314
1.57901 0.90565
1.8093 0.844436
2.02066 0.776329
2.20047 0.711275
2.35821 0.653233
2.48439 0.600286
2.57588 0.547614
2.64528 0.4913
2.70522 0.430727
2.71784 0.368404
2.71468 0.307756
2.69891 0.2506
2.66105 0.196014
2.59796 0.141235
2.51909 0.083803
2.41184 0.0233595
2.2825 -0.0381497
2.13738 -0.0979717
1.99227 -0.154633
1.82192 -0.20909
1.64841 -0.264082
1.45282 -0.3221
1.26039 -0.383413
1.05218 -0.44564
0.837666 -0.505322
0.597911 -0.560558
0.370777 -0.612847
0.137333 -0.666627
-0.108731 -0.726375
-0.345331 -0.79278
-0.761745 -0.860313
-0.919478 -0.917964
-1.08037 -0.953181
-1.32012 -0.957193
-1.56934 -0.928952
-1.80593 -0.875623
-2.02992 -0.809323
-2.2192 -0.741893
-2.3927 -0.680386
-2.53782 -0.625494
-2.64507 -0.573316
-2.73971 -0.519067
-2.80912 -0.460396
-2.86905 -0.398482
-2.88167 -0.33665
-2.87536 -0.277752
-2.85959 -0.222199
-2.82489 -0.167893
-2.75864 -0.111944
-2.68608 -0.0528351
-2.59775 0.00850309
-2.48419 0.0694472
-2.36431 0.127672
-2.2192 0.182924
-2.05831 0.237277
-1.88165 0.29363
-1.69237 0.353501
-1.49678 0.415708
-1.31065 0.477014
-1.08983 0.53444
-0.865848 0.587736
-0.638714 0.64015
-0.39265 0.696612
-0.156051 0.760085
0.0994754 0.82817
0.348693 0.892185
0.607374 0.939683
0.862901 0.959425
1.11212 0.94633
1.51907 0.903793
1.64526 0.842132
1.8093 0.773993
2.00804 0.709153
2.17524 0.651347
2.31089 0.598495
2.41184 0.545747
2.49701 0.489275
2.54433 0.428587
2.57588 0.366267
2.58534 0.305725
2.57903 0.248688
2.5538 0.194146
2.50332 0.139308
2.42446 0.0817633
2.32666 0.0212402
2.21309 -0.0402549
2.08691 -0.0999799
1.95126 -0.156535
1.80614 -0.21096
1.64526 -0.266023
1.47175 -0.324167
1.29193 -0.385564
1.09635 -0.447758
0.875521 -0.507302
0.670469 -0.562391
0.449643 -0.614647
0.222508 -0.668569
0.00168272 -0.728567
-0.225453 -0.79514
-0.458898 -0.862539
-0.698651 -0.919619
-0.938405 -0.95387
-1.18131 -0.956736
-1.42107 -0.92747
-1.65136 -0.873477
-1.87534 -0.806959
-2.06777 -0.739652
-2.2255 -0.678397
-2.36116 -0.623679
-2.47472 -0.571503
-2.55674 -0.517121
-2.62615 -0.458299
-2.67031 -0.396327
-2.70501 -0.334559
-2.6987 -0.275787
-2.67977 -0.220323
-2.63561 -0.166006
-2.58198 -0.10996
-2.50311 -0.0507449
-2.41794 0.0106279
-2.31068 0.0715089
-2.18765 0.129621
-2.04884 0.184797
-1.90057 0.239172
-1.73338 0.295634
-1.56618 0.355622
-1.38006 0.417859
-1.19078 0.47907
-0.98257 0.536337
-0.774363 0.589531
-0.556692 0.642003
-0.329556 0.69868
-0.0992682 0.76239
0.140486 0.830511
0.386549 0.894172
0.626302 0.940877
0.872366 0.959525
1.11843 0.945309
1.36449 0.901912
1.59163 0.83982
1.80614 0.771662
1.98596 0.707041
2.15316 0.649466
2.27934 0.596703
2.38344 0.543875
2.44654 0.487244
2.49701 0.426445
2.52225 0.364133
2.53171 0.303698
2.52856 0.246779
2.50017 0.192277
2.44654 0.137378
2.37714 0.0797198
2.26988 0.0191198
2.14054 -0.0423578
2.03328 -0.101984
1.91971 -0.158434
1.76829 -0.21283
1.59794 -0.267968
1.41497 -0.326237
1.23515 -0.387715
1.04272 -0.449874
0.837666 -0.509277
0.626305 -0.56422
0.408633 -0.616449
0.187808 -0.670519
-0.0204 -0.730767
-0.24438 -0.797503
-0.48098 -0.864753
-0.704961 -0.921246
-0.941561 -0.95452
-1.16554 -0.95624
-1.39583 -0.925958
-1.61666 -0.871317
-1.82171 -0.804595
-2.01414 -0.737418
-2.15926 -0.676415
-2.30122 -0.621868
-2.40217 -0.569687
-2.48103 -0.515168
-2.54413 -0.456198
-2.58198 -0.394173
-2.59775 -0.332473
-2.58829 -0.273826
-2.56621 -0.218448
-2.51258 -0.164117
-2.44949 -0.107972
-2.37062 -0.048652
-2.27282 0.0127521
-2.16872 0.0735671
-2.04253 0.131565
-1.89427 0.186668
-1.72707 0.241069
-1.55987 0.297643
-1.38321 0.357745
-1.19393 0.420007
-0.995189 0.481121
-0.786981 0.538229
-0.559847 0.591325
-0.348484 0.64386
-0.118195 0.700757
0.124713 0.764699
0.358158 0.832847
0.594757 0.896139
0.840819 0.942037
1.09635 0.959585
1.33295 0.944253
1.5727 0.90001
1.79352 0.837502
1.99227 0.769336
2.17524 0.704937
2.33297 0.647592
2.45285 0.594911
2.55064 0.541998
