data = [-0.0677202 0.0673821
-0.0582562 0.131565
-0.0582562 0.192277
-0.0330199 0.252516
0.00483624 0.315927
0.0458471 0.383413
0.0931673 0.451986
0.15626 0.517121
0.235127 0.576934
0.326611 0.634623
0.42756 0.696612
0.528509 0.767015
0.629458 0.842132
0.749335 0.909293
0.866057 0.951691
0.995399 0.956736
1.11528 0.922845
1.24146 0.860313
1.34872 0.785711
1.43389 0.713405
1.49383 0.649466
1.53484 0.591325
1.53484 0.532538
1.50961 0.468741
1.48121 0.400636
1.42128 0.332473
1.34241 0.267968
1.24777 0.207221
1.12789 0.146996
0.992244 0.083803
0.843975 0.0169982
0.673624 -0.0507449
0.503272 -0.1159
0.317147 -0.1773
0.127869 -0.237277
-0.0740296 -0.299657
-0.279083 -0.366267
-0.490444 -0.435001
-0.695497 -0.501343
-0.897394 -0.562391
-1.12768 -0.620059
-1.33274 -0.680386
-1.5441 -0.748662
-1.75231 -0.823476
-1.96682 -0.894172
-2.17503 -0.944253
-2.38324 -0.959285
-2.5946 -0.934574
-2.79019 -0.877752
-2.95423 -0.804595
-3.10881 -0.730767
-3.22238 -0.664692
-3.30755 -0.605664
-3.36118 -0.547614
-3.38957 -0.485208
-3.38957 -0.417859
-3.37064 -0.349268
-3.32648 -0.283673
-3.23815 -0.222199
-3.13405 -0.162225
-3.00155 -0.0999799
-2.85959 -0.033933
-2.6987 0.033933
-2.51573 0.0999799
-2.31068 0.162225
-2.10878 0.222199
-1.86272 0.283673
-1.61981 0.349268
-1.37059 0.417859
-1.11507 0.485208
-0.856384 0.547614
-0.591393 0.605664
-0.30432 0.664692
-0.0204012 0.730767
0.266672 0.804595
0.547436 0.877752
0.840819 0.934574
1.12789 0.959285
1.40235 0.944253
1.67365 0.894172
1.93548 0.823476
2.16893 0.748662
2.38029 0.680386
2.55064 0.620059
2.6926 0.562391
2.79986 0.501343
2.87242 0.435001
2.9292 0.366267
2.94497 0.299657
2.94497 0.237277
2.92604 0.1773
2.88188 0.1159
2.81879 0.0507449
2.73361 -0.0169982
2.60743 -0.083803
2.48439 -0.146996
2.32666 -0.207221
2.15316 -0.267968
1.97334 -0.332473
1.79352 -0.400636
1.58847 -0.468741
1.38658 -0.532538
1.16575 -0.591325
0.92915 -0.649466
0.692552 -0.713405
0.459107 -0.785711
0.213044 -0.860313
-0.16867 -0.922845
-0.339021 -0.956736
-0.572465 -0.951691
-0.815373 -0.909293
-1.05197 -0.842132
-1.26964 -0.767015
-1.47785 -0.696612
-1.64189 -0.634623
-1.79332 -0.576934
-1.90373 -0.517121
-2.00152 -0.451986
-2.06462 -0.383413
-2.11825 -0.315927
-2.13717 -0.252516
-2.13402 -0.192277
-2.11825 -0.131565
-2.05831 -0.0673821
-2.00152 -1.31337e-14
-1.92897 0.0673821
-1.83117 0.131565
-1.72391 0.192277
-1.59773 0.252516
-1.45577 0.315927
-1.31065 0.383413
-1.16239 0.451986
-0.99519 0.517121
-0.827993 0.576934
-0.632404 0.634623
-0.370568 0.696612
-0.231764 0.767015
-0.0298652 0.842132
0.172032 0.909293
0.38024 0.951691
0.59791 0.956736
0.815582 0.922845
1.01748 0.860313
1.21938 0.785711
1.39288 0.713405
1.538 0.649466
1.65472 0.591325
1.7399 0.532538
1.79983 0.468741
1.84084 0.400636
1.85977 0.332473
1.85662 0.267968
1.83138 0.207221
1.79983 0.146996
1.74305 0.083803
1.64526 0.0169982
1.53169 -0.0507449
1.42128 -0.1159
1.27616 -0.1773
1.13736 -0.237277
0.967005 -0.299657
0.815583 -0.366267
0.648386 -0.435001
0.465416 -0.501343
0.272983 -0.562391
0.0805485 -0.620059
-0.124503 -0.680386
-0.323247 -0.748662
-0.521989 -0.823476
-0.736506 -0.894172
-0.941558 -0.944253
-1.15292 -0.959285
-1.37059 -0.934574
-1.5788 -0.877752
-1.76492 -0.804595
-1.91635 -0.730767
-2.06146 -0.664692
-2.17818 -0.605664
-2.26336 -0.547614
-2.3233 -0.485208
-2.36431 -0.417859
-2.37062 -0.349268
-2.36115 -0.283673
-2.32014 -0.222199
-2.27282 -0.162225
-2.21289 -0.0999799
-2.10878 -0.033933
-2.01414 0.033933
-1.89427 0.0999799
-1.76177 0.162225
-1.61981 0.222199
-1.45577 0.283673
-1.29173 0.349268
-1.10876 0.417859
-0.928942 0.485208
-0.727043 0.547614
-0.528301 0.605664
-0.313784 0.664692
-0.0992682 0.730767
0.118404 0.804595
0.336074 0.877752
0.569519 0.934574
0.793499 0.959285
1.02063 0.944253
1.24461 0.894172
1.45598 0.823476
1.64526 0.748662
1.8093 0.680386
1.94179 0.620059
2.05221 0.562391
2.12792 0.501343
2.17839 0.435001
2.20678 0.366267
2.20994 0.299657
2.1847 0.237277
2.15946 0.1773
2.09953 0.1159
2.02697 0.0507449
1.92917 -0.0169982
1.8093 -0.083803
1.6768 -0.146996
1.53484 -0.207221
1.38027 -0.267968
1.22253 -0.332473
1.03641 -0.400636
0.869211 -0.468741
0.673622 -0.532538
0.484343 -0.591325
0.276136 -0.649466
0.0805485 -0.713405
-0.130814 -0.785711
-0.34533 -0.860313
-0.553537 -0.922845
-0.783827 -0.956736
-1.00465 -0.951691
-1.23179 -0.909293
-1.41791 -0.842132
-1.60088 -0.767015
-1.76177 -0.696612
-1.90373 -0.634623
-2.00468 -0.576934
-2.09301 -0.517121
-2.14348 -0.451986
-2.20027 -0.383413
-2.21289 -0.315927
-2.1908 -0.252516
-2.16557 -0.192277
-2.11825 -0.131565
-2.03938 -0.0673821
-1.9542 -6.39917e-14
-1.86272 0.0673821
-1.746 0.131565
-1.61981 0.192277
-1.47154 0.252516
-1.31065 0.315927
-1.15608 0.383413
-0.976261 0.451986
-0.824839 0.517121
-0.645023 0.576934
-0.449434 0.634623
-0.26331 0.696612
-0.0582573 0.767015
0.140486 0.842132
0.345539 0.909293
0.560055 0.951691
0.771417 0.956736
0.982779 0.922845
1.18468 0.860313
1.37711 0.785711
1.54115 0.713405
1.67996 0.649466
1.79352 0.591325
1.88501 0.532538
1.93233 0.468741
1.96072 0.400636
1.97018 0.332473
1.9481 0.267968
1.92286 0.207221
1.8787 0.146996
1.8093 0.083803
1.72097 0.0169982
1.60425 -0.0507449
1.48437 -0.1159
1.34241 -0.1773
1.19414 -0.237277
1.03641 -0.299657
0.866057 -0.366267
0.695706 -0.435001
0.509581 -0.501343
0.332921 -0.562391
0.143641 -0.620059
-0.051948 -0.680386
-0.244381 -0.748662
-0.443125 -0.823476
-0.648177 -0.894172
-0.853229 -0.944253
-1.20024 -0.959285
-1.31696 -0.934574
-1.48416 -0.877752
-1.65451 -0.804595
-1.81855 -0.730767
-1.93843 -0.664692
-2.04569 -0.605664
-2.12455 -0.547614
-2.18134 -0.485208
-2.20973 -0.417859
-2.2192 -0.349268
-2.20973 -0.283673
-2.17503 -0.222199
-2.11194 -0.162225
-2.04884 -0.0999799
-1.95736 -0.033933
-1.87218 0.033933
-1.76177 0.0999799
-1.59142 0.162225
-1.40214 0.222199
-1.3075 0.283673
-1.12768 0.349268
-0.954178 0.417859
-0.777518 0.485208
-0.597703 0.547614
-0.39265 0.605664
-0.197062 0.664692
-0.00462779 0.730767
0.213043 0.804595
0.427559 0.877752
0.638922 0.934574
0.850283 0.959285
1.06165 0.944253
1.27932 0.894172
1.48752 0.823476
1.65156 0.748662
1.79352 0.680386
1.91971 0.620059
2.01435 0.562391
2.07429 0.501343
2.11214 0.435001
2.13738 0.366267
2.12476 0.299657
2.09637 0.237277
2.0459 0.1773
1.98596 0.1159
1.88186 0.0507449
1.77775 -0.0169982
1.63264 -0.083803
1.50961 -0.146996
1.37396 -0.207221
1.20991 -0.267968
1.05534 -0.332473
0.869211 -0.400636
0.679932 -0.468741
0.481189 -0.532538
0.288755 -0.591325
0.0963219 -0.649466
-0.118195 -0.713405
-0.326402 -0.785711
-0.544073 -0.860313
-0.752281 -0.922845
-0.966798 -0.956736
-1.20024 -0.951691
-1.40529 -0.909293
-1.58511 -0.842132
-1.76808 -0.767015
-1.92897 -0.696612
-2.04884 -0.634623
-2.13087 -0.576934
-2.20342 -0.517121
-2.26336 -0.451986
-2.29175 -0.383413
-2.29491 -0.315927
-2.26336 -0.252516
-2.23497 -0.192277
-2.16241 -0.131565
-2.10563 -0.0673821
-1.98891 3.51073e-14
-1.85326 0.0673821
-1.70183 0.131565
-1.56303 0.192277
-1.38637 0.252516
-1.2381 0.315927
-1.0709 0.383413
-0.897395 0.451986
-0.704961 0.517121
-0.512526 0.576934
-0.310629 0.634623
-0.108731 0.696612
0.118404 0.767015
0.329767 0.842132
0.550592 0.909293
0.768264 0.951691
0.992244 0.956736
1.20991 0.922845
1.42759 0.860313
1.61056 0.785711
1.79353 0.713405
1.93864 0.649466
2.04274 0.591325
2.1153 0.532538
2.17208 0.468741
2.20047 0.400636
2.21309 0.332473
2.18155 0.267968
2.16262 0.207221
2.09953 0.146996
2.02697 0.083803
1.93864 0.0169982
1.81876 -0.0507449
1.68942 -0.1159
1.54431 -0.1773
1.37711 -0.237277
1.22884 -0.299657
1.04903 -0.366267
0.875521 -0.435001
0.689396 -0.501343
0.493807 -0.562391
0.295064 -0.620059
0.0395366 -0.680386
-0.159206 -0.748662
-0.35795 -0.823476
-0.525145 -0.894172
-0.727044 -0.944253
-0.938405 -0.959285
-1.16239 -0.934574
-1.36428 -0.877752
-1.56303 -0.804595
-1.73653 -0.730767
-1.89427 -0.664692
-1.99206 -0.605664
-2.07093 -0.547614
-2.13402 -0.485208
-2.16872 -0.417859
-2.19711 -0.349268
-2.18134 -0.283673
-2.15295 -0.222199
-2.09301 -0.162225
-2.02045 -0.0999799
