data = [-0.0140918 0.0549224
-0.0204012 0.107972
-0.0204012 0.158434
-0.0235559 0.207221
0.0143003 0.256357
0.0521553 0.307756
0.0963208 0.362001
0.14995 0.417859
0.213043 0.472887
0.279291 0.524874
0.358157 0.573316
0.437024 0.620059
0.522199 0.668569
0.61053 0.722017
0.711479 0.781013
0.815582 0.842132
0.910222 0.898085
1.02379 0.939683
1.12789 0.958885
1.23515 0.951691
1.3361 0.919619
1.4339 0.869143
1.51276 0.809323
1.5727 0.748662
1.61371 0.692504
1.62948 0.642003
1.61686 0.594911
1.58532 0.547614
1.54115 0.497342
1.48122 0.443518
1.39604 0.387715
1.3014 0.332473
1.18152 0.279722
1.04587 0.229721
0.913378 0.181051
0.749336 0.131565
0.594758 0.0797198
0.418097 0.0254774
0.231972 -0.0297086
0.058467 -0.083803
-0.137122 -0.135444
-0.332711 -0.184797
-0.525145 -0.233495
-0.727042 -0.283673
-0.925786 -0.33665
-1.11822 -0.39202
-1.31696 -0.447758
-1.51571 -0.501343
-1.7176 -0.551334
-1.90373 -0.598495
-2.08985 -0.645723
-2.28229 -0.696612
-2.44633 -0.753211
-2.63561 -0.814049
-2.79965 -0.873477
-2.95423 -0.922845
-3.11196 -0.953181
-3.26654 -0.958327
-3.40535 -0.937194
-3.52838 -0.894172
-3.62933 -0.837502
-3.70504 -0.776329
-3.76182 -0.717693
-3.79652 -0.664692
-3.79337 -0.616449
-3.76813 -0.569687
-3.70819 -0.521008
-3.62933 -0.468741
-3.52838 -0.413557
-3.40219 -0.357745
-3.27285 -0.303698
-3.09619 -0.252516
-2.92584 -0.203485
-2.72394 -0.154633
-2.52204 -0.103984
-2.30122 -0.0507449
-2.06146 0.00425205
-1.82171 0.0590882
-1.57249 0.111944
-1.29488 0.162225
-1.01412 0.21096
-0.733353 0.260212
-0.446279 0.311833
-0.159206 0.366267
0.11525 0.422155
0.414942 0.477014
0.702015 0.528717
0.992243 0.576934
1.27616 0.623679
1.56008 0.672476
1.83769 0.726375
2.1153 0.785711
2.38029 0.846732
2.63897 0.901912
2.88819 0.942037
3.13425 0.959285
3.35508 0.950051
3.56013 0.916282
3.76834 0.864753
3.93869 0.804595
4.10904 0.744142
4.2163 0.68843
4.29201 0.638303
4.36457 0.591325
4.38034 0.543875
4.37088 0.493319
4.32356 0.439265
4.26362 0.383413
4.16898 0.328312
4.05226 0.275787
3.91345 0.225957
3.75256 0.1773
3.58537 0.127672
3.38662 0.0756217
3.17211 0.0212402
2.93866 -0.033933
2.70206 -0.0878709
2.44969 -0.139308
2.17839 -0.188539
1.90394 -0.237277
1.50645 -0.287643
1.32664 -0.340842
1.05218 -0.396327
0.755644 -0.451986
0.455952 -0.505322
0.146797 -0.555036
-0.159205 -0.602078
-0.468361 -0.649466
-0.768053 -0.700757
-1.06775 -0.757788
-1.35797 -0.818768
-1.6482 -0.877752
-1.93528 -0.925958
-2.22235 -0.95452
-2.50942 -0.95761
-2.78388 -0.934574
-3.0331 -0.890178
-3.27285 -0.832847
-3.49683 -0.771662
-3.6451 -0.713405
-3.7839 -0.660845
-3.8817 -0.612847
-3.97318 -0.566046
-4.02997 -0.517121
-4.05836 -0.464577
-4.06782 -0.409252
-4.04574 -0.353501
-3.99842 -0.299657
-3.92586 -0.248688
-3.84069 -0.199749
-3.73659 -0.15082
-3.59147 -0.0999799
-3.44005 -0.0465565
-3.28231 0.00850309
-3.10881 0.0632416
-2.91007 0.1159
-2.6987 0.166006
-2.47157 0.214702
-2.23812 0.264082
-1.98891 0.315927
-1.73653 0.370543
-1.48416 0.426445
-1.20971 0.481121
-0.94156 0.532538
-0.657641 0.580542
-0.370567 0.627312
-0.0803389 0.676415
0.206735 0.730767
0.493808 0.790421
0.777726 0.851298
1.05849 0.90565
1.33294 0.944253
1.6074 0.959525
1.89447 0.948263
2.13738 0.912839
2.37714 0.860313
2.60742 0.799866
2.80301 0.739652
2.97021 0.684391
3.10586 0.634623
3.20996 0.587736
3.27306 0.540116
3.32984 0.489275
3.35192 0.435001
3.33931 0.379117
3.31091 0.324167
3.26675 0.271869
3.18788 0.222199
3.09009 0.173543
2.97337 0.123763
2.83141 0.0715089
2.68314 0.0169982
2.49701 -0.0381497
2.30773 -0.0919232
2.10899 -0.143159
1.90078 -0.192277
1.6768 -0.241069
1.44336 -0.291629
1.1973 -0.345048
0.944922 -0.400636
0.695705 -0.456198
0.430714 -0.509277
0.159416 -0.558721
-0.111885 -0.605664
-0.376875 -0.653233
-0.641867 -0.704937
-0.919477 -0.76239
-1.18762 -0.823476
-1.44315 -0.881964
-1.7176 -0.928952
-1.97313 -0.955706
-2.2255 -0.956736
-2.46841 -0.931826
-2.69555 -0.886107
-2.91322 -0.82817
-3.08988 -0.767015
-3.25392 -0.709153
-3.3738 -0.657026
-3.46844 -0.609253
-3.541 -0.562391
-3.59463 -0.51321
-3.61986 -0.460396
-3.62302 -0.404945
-3.59462 -0.349268
-3.5473 -0.295634
-3.46844 -0.244873
-3.3738 -0.196014
-3.26654 -0.146996
-3.12458 -0.0959595
-2.97631 -0.0423578
-2.81227 0.0127521
-2.63561 0.0673821
-2.44318 0.119839
-2.23181 0.169778
-2.00152 0.218448
-1.76808 0.267968
-1.52833 0.320038
-1.2728 0.374826
-1.02043 0.430727
-0.755435 0.485208
-0.484136 0.536337
-0.20968 0.584143
0.074238 0.63096
0.358157 0.680386
0.635767 0.735193
0.913377 0.79514
1.18468 0.855826
1.45913 0.909293
1.7399 0.94633
1.99858 0.959605
2.2541 0.94633
2.50648 0.909293
2.73677 0.855826
3.02068 0.79514
3.14687 0.735193
3.27937 0.680386
3.39924 0.63096
3.48126 0.584143
3.52858 0.536337
3.54751 0.485208
3.54436 0.430727
3.52543 0.374826
3.48126 0.320038
3.41502 0.267968
3.31722 0.218448
3.19734 0.169778
3.05854 0.119839
2.90081 0.0673821
2.74623 0.0127521
2.55064 -0.0423578
2.33928 -0.0959595
2.12792 -0.146996
1.90078 -0.196014
1.66418 -0.244873
1.41812 -0.295634
1.15944 -0.349268
0.897604 -0.404945
0.623148 -0.460396
0.358158 -0.51321
0.0710857 -0.562391
-0.20337 -0.609253
-0.493598 -0.657026
-0.777517 -0.709153
-1.06775 -0.767015
-1.33274 -0.82817
-1.61035 -0.886107
-1.87849 -0.931826
-2.14348 -0.956736
-2.40217 -0.955706
-2.65138 -0.928952
-2.88798 -0.881964
-3.10565 -0.823476
-3.36118 -0.76239
-3.45582 -0.704937
-3.59147 -0.653233
-3.69242 -0.605664
-3.76182 -0.558721
-3.80914 -0.509277
-3.82491 -0.456198
-3.82807 -0.400636
-3.80283 -0.345048
-3.7492 -0.291629
-3.67665 -0.241069
-3.5757 -0.192277
-3.45897 -0.143159
-3.31702 -0.0919232
-3.16559 -0.0381497
-2.99209 0.0169982
-2.7965 0.0715089
-2.5946 0.123763
-2.36746 0.173543
-2.12771 0.222199
-1.87534 0.271869
-1.61666 0.324167
-1.35797 0.379117
-1.08352 0.435001
-0.805911 0.489275
-0.515681 0.540116
-0.225453 0.587736
0.0742392 0.634623
0.364467 0.684391
0.661004 0.739652
0.948077 0.799866
1.23515 0.860313
1.53484 0.912839
1.81876 0.948263
2.10268 0.959525
2.36767 0.944253
2.63897 0.90565
2.88188 0.851298
3.09009 0.790421
3.27306 0.730767
3.42448 0.676415
3.5412 0.627312
3.63584 0.580542
3.69263 0.532538
3.72102 0.481121
3.7431 0.426445
3.72102 0.370543
3.69262 0.315927
3.62007 0.264082
3.52543 0.214702
3.40871 0.166006
3.2699 0.1159
3.12163 0.0632416
2.95128 0.00850309
2.74307 -0.0465565
2.55064 -0.0999799
2.32666 -0.15082
2.09322 -0.199749
1.86608 -0.248688
1.61371 -0.299657
1.35187 -0.353501
1.08373 -0.409252
0.806119 -0.464577
0.525355 -0.517121
0.241435 -0.566046
-0.0487933 -0.612847
-0.335866 -0.660845
-0.629248 -0.713405
-0.916322 -0.771662
-1.20024 -0.832847
-1.48732 -0.890178
-1.76808 -0.934574
-2.03938 -0.95761
-2.31384 -0.95452
-2.56305 -0.925958
-2.80912 -0.877752
-3.03941 -0.818768
-3.23815 -0.757788
-3.41166 -0.700757
-3.54415 -0.649466
-3.65772 -0.602078
-3.73343 -0.555036
-3.79968 -0.505322
-3.83122 -0.451986
-3.84069 -0.396327
-3.81861 -0.340842
-3.77129 -0.287643
-3.70188 -0.237277
-3.60409 -0.188539
-3.49368 -0.139308
-3.35487 -0.0878709
-3.20029 -0.033933
-3.0331 0.0212402
-2.84066 0.0756217
-2.6293 0.127672
-2.41163 0.1773
-2.16872 0.225957
-1.9195 0.275787
-1.65451 0.328312
-1.38952 0.383413
-1.11191 0.439265
-0.818529 0.493319
-0.540919 0.543875
-0.231762 0.591325
0.0710845 0.638303
0.373931 0.68843
0.673622 0.744142
0.970161 0.804595
1.25723 0.864753
1.55377 0.916282
1.844 0.950051
2.13423 0.959285
2.41184 0.942037
2.67998 0.901912
2.91974 0.846732
3.13425 0.785711
3.32984 0.726375
3.48757 0.672476
3.61376 0.623679
3.70209 0.576934
3.77465 0.528717
3.8125 0.477014
3.82512 0.422155
3.82512 0.366267
3.79042 0.311833
3.73364 0.260212
3.64215 0.21096
3.53805 0.162225
3.41186 0.111944
3.26359 0.0590882
3.10271 0.00425205
2.91027 -0.0507449
2.71468 -0.103984
2.50017 -0.154633
2.26357 -0.203485
2.03959 -0.252516
1.78091 -0.303698
1.52853 -0.357745
1.26039 -0.413557
0.985933 -0.468741
0.708325 -0.521008
0.424406 -0.569687
0.137332 -0.616449
-0.156051 -0.664692
-0.455742 -0.717693
-0.733353 -0.776329
-1.02674 -0.837502
-1.31381 -0.894172
-1.59457 -0.937194
