data = [-0.0235547 0.0694472
-0.0267105 0.135444
-0.0204012 0.197882
-0.00147311 0.260212
0.0332284 0.326237
0.0773927 0.396327
0.124713 0.466661
0.190961 0.532538
0.266672 0.593118
0.355003 0.653233
0.465416 0.719851
0.560055 0.79514
0.673622 0.871317
0.79981 0.931826
0.913377 0.959105
1.04903 0.944253
1.17521 0.892185
1.29824 0.818768
1.39919 0.741893
1.47806 0.672476
1.52538 0.611049
1.54746 0.551334
1.54746 0.487244
1.52853 0.417859
1.49383 0.347156
1.42759 0.279722
1.33295 0.216574
1.22253 0.154633
1.09635 0.089899
0.957542 0.0212402
0.787191 -0.048652
0.616839 -0.1159
0.437024 -0.179176
0.247744 -0.241069
0.0521564 -0.305725
-0.159206 -0.374826
-0.364258 -0.44564
-0.566156 -0.51321
-0.783828 -0.575126
-1.0015 -0.634623
-1.22548 -0.69868
-1.43684 -0.771662
-1.65767 -0.849019
-1.86272 -0.916282
-2.08039 -0.955132
-2.29491 -0.953181
-2.49996 -0.911079
-2.68293 -0.842132
-2.85959 -0.764699
-2.99209 -0.692504
-3.1025 -0.629134
-3.16875 -0.569687
-3.22553 -0.507302
-3.24446 -0.439265
-3.23815 -0.368404
-3.19714 -0.299657
-3.12143 -0.235384
-3.0394 -0.173543
-2.92899 -0.10996
-2.79965 -0.0423578
-2.64823 0.0275938
-2.48103 0.0959595
-2.2886 0.160331
-2.08985 0.222199
-1.86903 0.285656
-1.63558 0.353501
-1.39898 0.424301
-1.15292 0.493319
-0.891086 0.556881
-0.613475 0.616449
-0.335866 0.678397
-0.0645655 0.748662
0.247745 0.825825
0.525355 0.898085
0.812428 0.947314
1.10266 0.958327
1.38342 0.92747
1.66418 0.864753
1.92286 0.788065
2.15 0.713405
2.34243 0.647592
2.51594 0.587736
2.64844 0.526798
2.74938 0.460396
2.81563 0.389867
2.86295 0.320038
2.87872 0.254435
2.88188 0.192277
2.85033 0.129621
2.80617 0.0632416
2.7273 -0.00637776
2.62635 -0.0756217
2.50017 -0.141235
2.36767 -0.203485
2.2194 -0.266023
2.05221 -0.332473
1.85977 -0.402791
1.67365 -0.472887
1.47175 -0.538229
1.26354 -0.598495
1.03641 -0.658932
0.809274 -0.726375
0.591603 -0.80223
0.345539 -0.877752
0.0994766 -0.9359
-0.253845 -0.959525
-0.427351 -0.940877
-0.673414 -0.886107
-0.916322 -0.811687
-1.13084 -0.735193
-1.32327 -0.666627
-1.4747 -0.605664
-1.60404 -0.545747
-1.71445 -0.481121
-1.7807 -0.411405
-1.84695 -0.340842
-1.87218 -0.273826
-1.88795 -0.21096
-1.88796 -0.14891
-1.83748 -0.083803
-1.80594 -0.0148756
-1.75231 0.0549224
-1.6766 0.121803
-1.5788 0.184797
-1.46523 0.246779
-1.33274 0.311833
-1.19078 0.381265
-1.03935 0.451986
-0.891084 0.519067
-0.723888 0.580542
-0.550381 0.64015
-0.367412 0.704937
-0.181288 0.778669
0.00799093 0.855826
0.272983 0.921246
0.392859 0.956736
0.601066 0.950889
0.812428 0.90565
1.00486 0.835178
1.18152 0.757788
1.33925 0.686406
1.45913 0.623679
1.55062 0.56422
1.61371 0.501343
1.65156 0.432865
1.66734 0.362001
1.66734 0.29363
1.65787 0.229721
1.62317 0.167893
1.55377 0.103984
1.47806 0.0360424
1.36134 -0.033933
1.24461 -0.101984
1.10581 -0.166006
0.957542 -0.227838
0.812428 -0.291629
0.648386 -0.359872
0.481189 -0.430727
0.298219 -0.499346
0.115249 -0.562391
-0.089803 -0.621868
-0.288547 -0.684391
-0.48098 -0.755496
-0.686033 -0.832847
-0.887931 -0.903793
-1.1056 -0.950051
-1.31696 -0.957193
-1.53148 -0.922845
-1.73338 -0.858075
-1.91635 -0.781013
-2.07408 -0.707041
-2.20342 -0.642003
-2.30753 -0.582343
-2.38008 -0.521008
-2.42425 -0.454094
-2.4621 -0.383413
-2.4621 -0.313878
-2.45264 -0.248688
-2.3927 -0.186668
-2.33276 -0.123763
-2.25074 -0.0570068
-2.14979 0.0127521
-2.03622 0.0817633
-1.90688 0.146996
-1.77123 0.20909
-1.60719 0.271869
-1.43053 0.338744
-1.25387 0.409252
-1.06459 0.47907
-0.875312 0.543875
-0.695498 0.603871
-0.484134 0.664692
-0.253845 0.732976
-0.0267094 0.809323
0.187806 0.884044
0.414942 0.939683
0.629458 0.959585
0.856593 0.937194
1.06165 0.879866
1.27616 0.804595
1.44967 0.728567
1.61056 0.660845
1.74305 0.600286
1.83769 0.540116
1.90078 0.474953
1.93233 0.404945
1.95126 0.334559
1.94495 0.267968
1.91971 0.205353
1.86924 0.143159
1.81245 0.0776726
1.72097 0.00850309
1.61686 -0.0611665
1.49699 -0.127672
1.35503 -0.190408
1.21622 -0.252516
1.05218 -0.31798
0.884985 -0.387715
0.724097 -0.458299
0.537972 -0.524874
0.345539 -0.58594
0.143642 -0.645723
-0.0582562 -0.711275
-0.266463 -0.785711
-0.47467 -0.862539
-0.679723 -0.925958
-0.90055 -0.957988
-1.1056 -0.948263
-1.31381 -0.90001
-1.51255 -0.82817
-1.69552 -0.750933
-1.85325 -0.680386
-1.97313 -0.618253
-2.06146 -0.558721
-2.11825 -0.495334
-2.17187 -0.426445
-2.18765 -0.355622
-2.18765 -0.287643
-2.15926 -0.224077
-2.11825 -0.162225
-2.04884 -0.0979717
-1.96998 -0.0297086
-1.85957 0.0402549
-1.75546 0.107972
-1.63243 0.171661
-1.49362 0.233495
-1.33274 0.297643
-1.18131 0.366267
-1.01727 0.437134
-0.837456 0.505322
-0.654487 0.567868
-0.468362 0.627312
-0.174979 0.690462
-0.0519468 0.76239
0.134177 0.83982
0.329766 0.909293
0.528508 0.952455
0.736716 0.955706
0.948077 0.917964
1.14367 0.851298
1.33294 0.773993
1.48752 0.700757
1.62948 0.63646
1.72097 0.576934
1.79983 0.515168
1.86293 0.447758
1.88185 0.376971
1.88185 0.307756
1.85977 0.242969
1.81561 0.181051
1.76513 0.117872
1.67365 0.0507449
1.56954 -0.0191198
1.43705 -0.0878709
1.3014 -0.152728
1.14682 -0.214702
0.989088 -0.277752
0.818738 -0.345048
0.64523 -0.415708
0.468569 -0.485208
0.288755 -0.549476
0.0805474 -0.609253
-0.118195 -0.670519
-0.320093 -0.739652
-0.531455 -0.816409
-0.720734 -0.890178
-0.919477 -0.943163
-1.13084 -0.959285
-1.33905 -0.933216
-1.55356 -0.873477
-1.81855 -0.797503
-1.90058 -0.722017
-2.03938 -0.655126
-2.13402 -0.594911
-2.20027 -0.53444
-2.24443 -0.468741
-2.2539 -0.398482
-2.25705 -0.328312
-2.22866 -0.262145
-2.18134 -0.199749
-2.11194 -0.137378
-2.03307 -0.0715089
-1.95105 -0.00212609
-1.82802 0.0673821
-1.69237 0.133506
-1.54725 0.196014
-1.38006 0.258283
-1.22863 0.324167
-1.03935 0.394173
-0.862692 0.464577
-0.673414 0.53063
-0.471516 0.591325
-0.266464 0.651347
-0.0645655 0.717693
0.14995 0.79278
0.364467 0.869143
0.575828 0.930404
0.796655 0.958885
1.01748 0.945309
1.23515 0.894172
1.43389 0.821123
1.62002 0.744142
1.77144 0.674442
1.89132 0.612847
1.97334 0.553187
2.04274 0.489275
2.06482 0.420007
2.0806 0.349268
2.07113 0.281695
2.03328 0.218448
1.9828 0.156535
1.90394 0.0919232
1.79983 0.0233595
1.67049 -0.0465565
1.54115 -0.113924
1.39919 -0.1773
1.232 -0.239172
1.07111 -0.303698
0.881831 -0.372684
0.698861 -0.443518
0.506427 -0.511247
0.304528 -0.573316
0.0868579 -0.632789
-0.12135 -0.696612
-0.323248 -0.769336
-0.550384 -0.846732
-0.768054 -0.914573
-0.985726 -0.95452
-1.21286 -0.95387
-1.42422 -0.912839
-1.63558 -0.844436
-1.82486 -0.767015
-1.98575 -0.694554
-2.11194 -0.63096
-2.20658 -0.571503
-2.27282 -0.509277
-2.31699 -0.441393
-2.35169 -0.370543
-2.34538 -0.301675
-2.3233 -0.237277
-2.27598 -0.175422
-2.2192 -0.111944
-2.12456 -0.0444584
-2.02676 0.0254774
-1.91319 0.0939433
-1.77123 0.158434
-1.62297 0.220323
-1.45577 0.283673
-1.29173 0.351383
-1.11507 0.422155
-0.932095 0.4913
-0.74597 0.555036
-0.534609 0.614647
-0.323247 0.676415
-0.111886 0.746398
0.11525 0.823476
0.329766 0.896139
0.544282 0.94633
0.765108 0.958626
0.985933 0.928952
1.20991 0.866955
1.41497 0.790421
1.59163 0.715545
1.73043 0.649466
1.85031 0.589531
1.92602 0.528717
1.97965 0.462489
2.0112 0.39202
2.02381 0.3221
2.00489 0.256357
1.97334 0.194146
1.91025 0.131565
1.83138 0.0653135
1.73674 -0.00425205
1.60425 -0.0735671
1.47806 -0.139308
1.33295 -0.201617
1.17521 -0.264082
1.00802 -0.33039
0.828202 -0.400636
0.651541 -0.470816
0.455952 -0.536337
0.263519 -0.596703
0.0584658 -0.657026
-0.146586 -0.724191
-0.348485 -0.799866
-0.544073 -0.875623
-0.7649 -0.934574
-0.976261 -0.959425
-1.19078 -0.942037
-1.39583 -0.888152
-1.59142 -0.814049
-1.76177 -0.737418
-1.90688 -0.668569
-2.02045 -0.607458
-2.09616 -0.547614
-2.14664 -0.483167
-2.19396 -0.413557
-2.20342 -0.342943
-2.18765 -0.275787
-2.14348 -0.21283
-2.0867 -0.15082
-2.01414 -0.0858389
-1.9195 -0.0169982
-1.80909 0.0528351
-1.68921 0.119839
-1.54725 0.182924
-1.38321 0.244873
-1.22232 0.309792
-1.04251 0.379117
-0.862694 0.449874
-0.667105 0.517121
-0.474671 0.578739
-0.272773 0.638303
-0.061412 0.702843
0.140486 0.776329
