data = [-0.0204 0.0570068
-0.0267094 0.111944
-0.0204 0.164117
0.00799208 0.214702
0.0300737 0.266023
0.0553111 0.320038
0.108941 0.376971
0.16888 0.435001
0.235127 0.4913
0.29822 0.543875
0.389705 0.593118
0.478035 0.642003
0.57583 0.694554
0.679933 0.753211
0.771417 0.816409
0.866058 0.877752
0.973316 0.92747
1.0648 0.955706
1.17837 0.95624
1.28563 0.928952
1.38658 0.879866
1.48437 0.818768
1.55377 0.755496
1.6074 0.696612
1.61686 0.64386
1.61371 0.594911
1.60109 0.545747
1.55062 0.493319
1.49699 0.437134
1.42759 0.379117
1.32348 0.3221
1.21622 0.267968
1.08688 0.216574
0.951233 0.166006
0.796655 0.113924
0.648387 0.0590882
0.474881 0.00212609
0.298219 -0.0549224
0.102631 -0.10996
-0.089803 -0.162225
-0.288547 -0.21283
-0.474672 -0.264082
-0.682879 -0.31798
-0.881622 -0.374826
-1.08352 -0.432865
-1.2728 -0.489275
-1.47154 -0.541998
-1.66713 -0.591325
-1.87218 -0.64015
-2.07093 -0.692504
-2.24443 -0.750933
-2.4274 -0.814049
-2.60091 -0.875623
-2.76811 -0.925958
-2.94161 -0.955132
-3.09619 -0.956736
-3.25077 -0.930404
-3.38957 -0.881964
-3.49999 -0.821123
-3.59462 -0.757788
-3.65456 -0.69868
-3.70188 -0.645723
-3.70504 -0.596703
-3.68611 -0.547614
-3.63248 -0.495334
-3.55677 -0.439265
-3.46213 -0.381265
-3.34856 -0.324167
-3.2066 -0.269917
-3.05202 -0.218448
-2.87852 -0.167893
-2.68924 -0.1159
-2.48103 -0.0611665
-2.27282 -0.00425205
-2.03938 0.0528351
-1.79963 0.107972
-1.54725 0.160331
-1.27911 0.21096
-1.00781 0.262145
-0.720734 0.315927
-0.449434 0.372684
-0.159206 0.430727
0.127869 0.487244
0.42125 0.540116
0.711479 0.589531
0.995397 0.638303
1.28878 0.690462
1.56954 0.748662
1.85031 0.811687
2.12161 0.873477
2.39606 0.924416
2.65474 0.95452
2.91027 0.957193
3.15318 0.931826
3.38031 0.884044
3.59168 0.823476
3.75887 0.760085
3.90714 0.700757
4.02386 0.647592
4.12481 0.598495
4.15951 0.549476
4.1816 0.497342
4.17529 0.441393
4.16267 0.383413
4.03964 0.326237
3.9797 0.271869
3.88191 0.220323
3.75572 0.169778
3.61376 0.117872
3.43395 0.0632416
3.2352 0.00637776
3.03015 -0.0507449
2.80301 -0.10598
2.57588 -0.158434
2.32351 -0.20909
2.06167 -0.260212
1.79983 -0.313878
1.52222 -0.370543
1.23515 -0.428587
0.951232 -0.485208
0.670468 -0.538229
0.383395 -0.587736
0.0710857 -0.63646
-0.228607 -0.68843
-0.515681 -0.746398
-0.815373 -0.809323
-1.09298 -0.871317
-1.38952 -0.922845
-1.66398 -0.95387
-1.94474 -0.95761
-2.21604 -0.933216
-2.48419 -0.886107
-2.73971 -0.825825
-2.98893 -0.76239
-3.11827 -0.702843
-3.27601 -0.649466
-3.39904 -0.600286
-3.49683 -0.551334
-3.5757 -0.499346
-3.61355 -0.443518
-3.64195 -0.385564
-3.64195 -0.328312
-3.61355 -0.273826
-3.56623 -0.222199
-3.49367 -0.171661
-3.39273 -0.119839
-3.28547 -0.0653135
-3.14666 -0.00850309
-3.0047 0.048652
-2.83435 0.103984
-2.65454 0.156535
-2.45895 0.207221
-2.24443 0.258283
-2.02045 0.311833
-1.79963 0.368404
-1.55987 0.426445
-1.32012 0.483167
-1.05828 0.536337
-0.7996 0.58594
-0.5283 0.634623
-0.263309 0.686406
0.0174561 0.744142
0.279292 0.806959
0.5569 0.869143
0.825045 0.921246
1.09004 0.953181
1.36449 0.957988
1.63579 0.934574
1.89132 0.888152
2.1153 0.82817
2.32982 0.764699
2.52225 0.704937
2.67052 0.651347
2.79039 0.602078
2.88188 0.553187
2.95128 0.501343
2.98914 0.44564
3.01122 0.387715
3.00176 0.33039
2.97967 0.275787
2.9292 0.224077
2.85349 0.173543
2.762 0.121803
2.64844 0.0673821
2.51594 0.0106279
2.36136 -0.0465565
2.19732 -0.101984
2.01751 -0.154633
1.82507 -0.205353
1.62317 -0.256357
1.40866 -0.309792
1.19099 -0.366267
0.957542 -0.424301
0.720943 -0.481121
0.47488 -0.53444
0.231971 -0.584143
-0.0267105 -0.632789
-0.275928 -0.684391
-0.534609 -0.741893
-0.790136 -0.804595
-1.04566 -0.866955
-1.29488 -0.919619
-1.55041 -0.952455
-1.79647 -0.958327
-2.04253 -0.9359
-2.28544 -0.890178
-2.49996 -0.830511
-2.69239 -0.767015
-2.86275 -0.707041
-3.00155 -0.653233
-3.10565 -0.603871
-3.19083 -0.555036
-3.2413 -0.503335
-3.27916 -0.447758
-3.28547 -0.389867
-3.27916 -0.332473
-3.22869 -0.277752
-3.17506 -0.225957
-3.09304 -0.175422
-3.00155 -0.123763
-2.87852 -0.0694472
-2.74287 -0.0127521
-2.58829 0.0444584
-2.43056 0.0999799
-2.26021 0.152728
-2.05831 0.203485
-1.83748 0.254435
-1.62297 0.307756
-1.40214 0.364133
-1.16554 0.422155
-0.916322 0.47907
-0.66395 0.532538
-0.395803 0.582343
-0.140277 0.63096
0.140486 0.682385
0.411786 0.739652
0.676777 0.80223
0.954386 0.864753
1.21622 0.917964
1.48752 0.951691
1.75882 0.958626
2.02382 0.937194
2.26672 0.892185
2.49701 0.832847
2.70522 0.769336
2.87873 0.709153
3.02384 0.655126
3.14687 0.605664
3.22574 0.556881
3.28252 0.505322
3.32038 0.449874
3.333 0.39202
3.32353 0.334559
3.28252 0.279722
3.21312 0.227838
3.12479 0.1773
3.01122 0.12572
2.88188 0.0715089
2.74623 0.0148756
2.56326 -0.0423578
2.3866 -0.0979717
2.1847 -0.15082
1.97965 -0.201617
1.78091 -0.252516
1.54746 -0.305725
1.31086 -0.362001
1.07111 -0.420007
0.815583 -0.477014
0.550591 -0.53063
0.29191 -0.580542
0.017455 -0.629134
-0.25069 -0.680386
-0.531455 -0.737418
-0.793292 -0.799866
-1.06459 -0.862539
-1.33589 -0.916282
-1.59142 -0.950889
-1.86587 -0.958885
-2.12771 -0.938455
-2.38008 -0.894172
-2.59775 -0.835178
-2.80281 -0.771662
-2.98262 -0.711275
-3.13089 -0.657026
-3.24446 -0.607458
-3.33594 -0.558721
-3.40535 -0.507302
-3.45582 -0.451986
-3.47475 -0.394173
-3.48106 -0.33665
-3.44636 -0.281695
-3.40535 -0.229721
-3.32963 -0.179176
-3.2413 -0.127672
-3.13089 -0.0735671
-3.00155 -0.0169982
-2.85328 0.0402549
-2.67662 0.0959595
-2.50627 0.14891
-2.31699 0.199749
-2.08354 0.2506
-1.86272 0.303698
-1.62927 0.359872
-1.38006 0.417859
-1.12768 0.474953
-0.878467 0.528717
-0.604012 0.578739
-0.335867 0.627312
-0.0551027 0.678397
0.222508 0.735193
0.509581 0.797503
0.784036 0.860313
1.06165 0.914573
1.33925 0.950051
1.62317 0.959105
1.89447 0.939683
2.15631 0.896139
2.39606 0.837502
2.61689 0.773993
2.80932 0.713405
2.97021 0.658932
3.10586 0.609253
3.20996 0.560558
3.27936 0.509277
3.31722 0.454094
3.34246 0.396327
3.34561 0.338744
3.32669 0.283673
3.27621 0.231607
3.2005 0.181051
3.09955 0.129621
2.97968 0.0756217
2.84087 0.0191198
2.67998 -0.0381497
2.51594 -0.0939433
2.32982 -0.146996
2.13107 -0.197882
1.92602 -0.248688
1.69888 -0.301675
1.45913 -0.357745
1.22884 -0.415708
0.97647 -0.472887
0.714634 -0.526798
0.449643 -0.576934
0.175188 -0.625494
-0.0929576 -0.676415
-0.373723 -0.732976
-0.645023 -0.79514
-0.916323 -0.858075
-1.18447 -0.912839
-1.46523 -0.949175
-1.73969 -0.959285
-2.01414 -0.940877
-2.27282 -0.898085
-2.50311 -0.83982
-2.72394 -0.776329
-2.91637 -0.715545
-3.07411 -0.660845
-3.19714 -0.611049
-3.29809 -0.562391
-3.38326 -0.511247
-3.44005 -0.456198
-3.46528 -0.398482
-3.48106 -0.340842
-3.46213 -0.285656
-3.42427 -0.233495
-3.36118 -0.182924
-3.28547 -0.131565
-3.17821 -0.0776726
-3.05833 -0.0212402
-2.92268 0.0360424
-2.77757 0.0919232
-2.60406 0.145079
-2.41478 0.196014
-2.20027 0.246779
-1.9826 0.299657
-1.75862 0.355622
-1.51255 0.413557
-1.2728 0.470816
-1.02358 0.524874
-0.75859 0.575126
-0.480981 0.623679
-0.212834 0.674442
0.0773939 0.730767
0.351849 0.79278
0.632613 0.855826
0.922841 0.911079
1.20991 0.948263
1.5033 0.959425
1.77144 0.942037
2.03643 0.90001
2.29511 0.842132
2.52225 0.778669
2.7273 0.717693
2.89765 0.662765
3.03015 0.612847
3.1311 0.56422
3.20681 0.51321
3.26359 0.458299
3.29199 0.400636
3.3046 0.342943
3.28252 0.287643
3.24466 0.235384
3.18157 0.184797
3.09324 0.133506
3.00176 0.0797198
2.87873 0.0233595
2.72099 -0.033933
2.56642 -0.089899
2.38345 -0.143159
2.19101 -0.194146
2.01435 -0.244873
1.80299 -0.297643
1.57901 -0.353501
1.34872 -0.411405
1.10581 -0.468741
0.859747 -0.522944
0.594757 -0.573316
0.336075 -0.621868
0.0710845 -0.672476
-0.20337 -0.728567
-0.458898 -0.790421
-0.733352 -0.853567
-0.995189 -0.909293
-1.26964 -0.947314
-1.54725 -0.959525
-1.81224 -0.943163
-2.07092 -0.901912
-2.30437 -0.844436
-2.52835 -0.781013
-2.71132 -0.719851
-2.87221 -0.664692
-2.98893 -0.614647
-3.09304 -0.566046
-3.17821 -0.515168
-3.23815 -0.460396
-3.25708 -0.402791
-3.26339 -0.345048
-3.24761 -0.289634
-3.21291 -0.237277
