data = [-0.0204 0.0735671
-0.0267094 0.143159
-0.0204 0.20909
0.0111468 0.275787
0.0553111 0.347156
0.0931661 0.422155
0.15626 0.495334
0.228817 0.562391
0.317147 0.625494
0.418096 0.692504
0.519045 0.769336
0.632613 0.851298
0.746181 0.921246
0.875522 0.95761
1.01433 0.947314
1.14998 0.894172
1.27616 0.816409
1.38973 0.735193
1.46544 0.662765
1.52223 0.598495
1.56008 0.53444
1.54746 0.464577
1.52538 0.389867
1.47806 0.315927
1.41812 0.246779
1.32664 0.181051
1.22253 0.113924
1.09004 0.0423578
0.944925 -0.0318217
0.787192 -0.103984
0.597911 -0.171661
0.418096 -0.237277
0.222508 -0.305725
0.026919 -0.379117
-0.184443 -0.454094
-0.395805 -0.524874
-0.613476 -0.589531
-0.837456 -0.653233
-1.05513 -0.724191
-1.26964 -0.804595
-1.48732 -0.884044
-1.7113 -0.942037
-1.92266 -0.959105
-2.14979 -0.928952
-2.36116 -0.862539
-2.54728 -0.781013
-2.71763 -0.702843
-2.85013 -0.634623
-2.94161 -0.571503
-3.00471 -0.505322
-3.05202 -0.432865
-3.06149 -0.357745
-3.04572 -0.285656
-2.99524 -0.218448
-2.92268 -0.152728
-2.8312 -0.083803
-2.72078 -0.0106279
-2.58829 0.0632416
-2.4274 0.133506
-2.25074 0.199749
-2.052 0.266023
-1.84695 0.33665
-1.62297 0.411405
-1.38952 0.485208
-1.14346 0.553187
-0.884775 0.616449
-0.626094 0.682385
-0.354794 0.757788
-0.0708749 0.83982
0.20358 0.912839
0.484344 0.955132
0.774572 0.951691
1.05534 0.903793
1.33295 0.82817
1.58847 0.746398
1.81876 0.672476
2.0112 0.607458
2.17208 0.543875
2.29511 0.474953
2.38975 0.400636
2.45916 0.326237
2.50648 0.256357
2.51594 0.190408
2.50332 0.123763
2.47178 0.0528351
2.4213 -0.0212402
2.33297 -0.0939433
2.23833 -0.162225
2.1153 -0.227838
1.9828 -0.295634
1.84085 -0.368404
1.68942 -0.443518
1.5033 -0.515168
1.32348 -0.580542
1.13105 -0.64386
0.922841 -0.713405
0.702016 -0.79278
0.471725 -0.873477
0.247745 -0.9359
0.0111467 -0.959605
-0.222298 -0.9359
-0.458897 -0.873477
-0.682878 -0.79278
-0.869003 -0.713405
-1.13399 -0.64386
-1.22232 -0.580542
-1.31696 -0.515168
-1.42107 -0.443518
-1.47785 -0.368404
-1.53148 -0.295634
-1.54725 -0.227838
-1.55356 -0.162225
-1.52202 -0.0939433
-1.4747 -0.0212402
-1.41791 0.0528351
-1.33274 0.123763
-1.24125 0.190408
-1.11822 0.256357
-0.960487 0.326237
-0.862694 0.400636
-0.727044 0.474953
-0.566156 0.543875
-0.414733 0.607458
-0.241228 0.672476
-0.0582573 0.746398
0.131021 0.82817
0.307683 0.903793
0.500117 0.951691
0.689397 0.955132
0.888141 0.912839
1.07742 0.83982
1.25093 0.757788
1.4686 0.682385
1.53484 0.616449
1.59478 0.553187
1.67049 0.485208
1.69573 0.411405
1.69889 0.33665
1.68942 0.266023
1.64526 0.199749
1.58216 0.133506
1.49068 0.0632416
1.38657 -0.0106279
1.25723 -0.083803
1.11843 -0.152728
0.97647 -0.218448
0.815583 -0.285656
0.648385 -0.357745
0.471725 -0.432865
0.29191 -0.505322
0.0900126 -0.571503
-0.108731 -0.634623
-0.313783 -0.702843
-0.525145 -0.781013
-0.730197 -0.862539
-0.954179 -0.928952
-1.16554 -0.959105
-1.38006 -0.942037
-1.59142 -0.884044
-1.79647 -0.804595
-1.96998 -0.724191
-2.12456 -0.653233
-2.23497 -0.589531
-2.3233 -0.524874
-2.38008 -0.454094
-2.4274 -0.379117
-2.43056 -0.305725
-2.40847 -0.237277
-2.36115 -0.171661
-2.29491 -0.103984
-2.21604 -0.0318217
-2.11194 0.0423578
-1.99206 0.113924
-1.86903 0.181051
-1.70814 0.246779
-1.54094 0.315927
-1.36428 0.389867
-1.19078 0.464577
-0.992035 0.53444
-0.796445 0.598495
-0.57562 0.662765
-0.361103 0.735193
-0.152897 0.816409
0.0679298 0.894172
0.298219 0.947314
0.519044 0.95761
0.743025 0.921246
0.963851 0.851298
1.1689 0.769336
1.33925 0.692504
1.49699 0.625494
1.61686 0.562391
1.69258 0.495334
1.74621 0.422155
1.7746 0.347156
1.77144 0.275787
1.75251 0.20909
1.70204 0.143159
1.63895 0.0735671
1.56323 5.07963e-14
1.45282 -0.0735671
1.32979 -0.143159
1.19099 -0.20909
1.02379 -0.275787
0.872366 -0.347156
0.705169 -0.422155
0.515891 -0.495334
0.329766 -0.562391
0.134177 -0.625494
-0.0677202 -0.692504
-0.275928 -0.769336
-0.487289 -0.851298
-0.698651 -0.921246
-0.913168 -0.95761
-1.12453 -0.947314
-1.33905 -0.894172
-1.54094 -0.816409
-1.7176 -0.735193
-1.86903 -0.662765
-1.9826 -0.598495
-2.06462 -0.53444
-2.12455 -0.464577
-2.14979 -0.389867
-2.15926 -0.315927
-2.13402 -0.246779
-2.09932 -0.181051
-2.02992 -0.113924
-1.95105 -0.0423578
-1.84695 0.0318217
-1.72076 0.103984
-1.59457 0.171661
-1.44946 0.237277
-1.28226 0.305725
-1.12137 0.379117
-0.93525 0.454094
-0.745972 0.524874
-0.550383 0.589531
-0.35164 0.653233
-0.143433 0.724191
0.0584646 0.804595
0.269827 0.884044
0.503271 0.942037
0.724097 0.959105
0.944923 0.928952
1.15313 0.862539
1.35187 0.781013
1.51591 0.702843
1.65787 0.634623
1.75882 0.571503
1.83453 0.505322
1.88501 0.432865
1.90709 0.357745
1.89447 0.285656
1.87554 0.218448
1.84084 0.152728
1.76198 0.083803
1.66734 0.0106279
1.53169 -0.0632416
1.39919 -0.133506
1.26039 -0.199749
1.09004 -0.266023
0.913377 -0.33665
0.717789 -0.411405
0.525355 -0.485208
0.323458 -0.553187
0.124713 -0.616449
-0.0961123 -0.682385
-0.30432 -0.757788
-0.5283 -0.83982
-0.749126 -0.912839
-0.976261 -0.955132
-1.20024 -0.951691
-1.41791 -0.903793
-1.62612 -0.82817
-1.82171 -0.746398
-1.97313 -0.672476
-2.10247 -0.607458
-2.18765 -0.543875
-2.2539 -0.474953
-2.29806 -0.400636
-2.31068 -0.326237
-2.31384 -0.256357
-2.26021 -0.190408
-2.20342 -0.123763
-2.11825 -0.0528351
-2.01099 0.0212402
-1.89111 0.0939433
-1.75231 0.162225
-1.60088 0.227838
-1.43369 0.295634
-1.24756 0.368404
-0.998342 0.443518
-0.878466 0.515168
-0.689187 0.580542
-0.477825 0.64386
-0.269619 0.713405
-0.0393281 0.79278
0.187806 0.873477
0.411786 0.9359
0.642077 0.959605
0.872366 0.9359
1.10266 0.873477
1.31717 0.79278
1.50645 0.713405
1.66734 0.64386
1.78091 0.580542
1.87239 0.515168
1.93864 0.443518
1.96703 0.368404
1.97965 0.295634
1.97019 0.227838
1.92287 0.162225
1.86924 0.0939433
1.77775 0.0212402
1.66734 -0.0528351
1.53484 -0.123763
1.39604 -0.190408
1.24146 -0.256357
1.07111 -0.326237
0.894449 -0.400636
0.717789 -0.474953
0.519045 -0.543875
0.310839 -0.607458
0.105785 -0.672476
-0.118195 -0.746398
-0.335867 -0.82817
-0.553537 -0.903793
-0.774363 -0.951691
-1.00465 -0.955132
-1.22863 -0.912839
-1.44315 -0.83982
-1.63874 -0.757788
-1.81224 -0.682385
-1.94474 -0.616449
-2.04884 -0.553187
-2.11825 -0.485208
-2.16872 -0.411405
-2.19396 -0.33665
-2.18765 -0.266023
-2.14979 -0.199749
-2.10878 -0.133506
-2.03938 -0.0632416
-1.94474 0.0106279
-1.84064 0.083803
-1.7113 0.152728
-1.57565 0.218448
-1.41476 0.285656
-1.24125 0.357745
-1.06775 0.432865
-0.88162 0.505322
-0.682878 0.571503
-0.484134 0.634623
-0.275928 0.702843
-0.0708749 0.781013
0.14995 0.862539
0.367622 0.928952
0.591602 0.959105
0.812428 0.942037
1.0301 0.884044
1.24146 0.804595
1.42443 0.724191
1.59478 0.653233
1.70835 0.589531
1.79037 0.524874
1.85977 0.454094
1.90078 0.379117
1.90078 0.305725
1.88816 0.237277
1.84715 0.171661
1.79668 0.103984
1.7115 0.0318217
1.58847 -0.0423578
1.47806 -0.113924
1.32664 -0.181051
1.17521 -0.246779
1.00486 -0.315927
0.831355 -0.389867
0.651541 -0.464577
0.459107 -0.53444
0.257209 -0.598495
0.0458471 -0.662765
-0.162359 -0.735193
-0.376876 -0.816409
-0.600856 -0.894172
-0.815373 -0.947314
-1.04251 -0.95761
-1.26964 -0.921246
-1.49047 -0.851298
-1.67659 -0.769336
-1.84379 -0.692504
-1.9826 -0.625494
-2.08039 -0.562391
-2.15295 -0.495334
-2.20027 -0.422155
-2.23181 -0.347156
-2.21604 -0.275787
-2.18765 -0.20909
-2.13402 -0.143159
-2.05831 -0.0735671
-1.96998 8.70237e-14
-1.86587 0.0735671
-1.72707 0.143159
-1.59457 0.20909
-1.42107 0.275787
-1.23179 0.347156
-1.06459 0.422155
-0.862694 0.495334
-0.676569 0.562391
-0.465206 0.625494
-0.253844 0.692504
-0.0456375 0.769336
0.184653 0.851298
0.402323 0.921246
0.626303 0.95761
0.84713 0.947314
1.08373 0.894172
1.29825 0.816409
1.49068 0.735193
1.66418 0.662765
1.79037 0.598495
1.88816 0.53444
1.94495 0.464577
1.99858 0.389867
2.00804 0.315927
1.99542 0.246779
1.96388 0.181051
1.91656 0.113924
1.844 0.0423578
1.74936 -0.0318217
1.62633 -0.103984
1.49068 -0.171661
1.33925 -0.237277
1.18783 -0.305725
1.01433 -0.379117
0.834511 -0.454094
0.642077 -0.524874
0.44018 -0.589531
