data = [-0.0487921 0.0507449
-0.0456375 0.0999799
-0.0519468 0.146996
-0.0361734 0.192277
-0.00462663 0.237277
0.0237643 0.283673
0.0679298 0.332473
0.118405 0.383413
0.165724 0.435001
0.231972 0.485208
0.310839 0.532538
0.402323 0.576934
0.487499 0.620059
0.572675 0.664692
0.667314 0.713405
0.749336 0.767015
0.831356 0.823476
0.92915 0.877752
1.01748 0.922845
1.11528 0.951691
1.21622 0.959285
1.31717 0.944253
1.40866 0.909293
1.49068 0.860313
1.55377 0.804595
1.60425 0.748662
1.62633 0.696612
1.62633 0.649466
1.61056 0.605664
1.56639 0.562391
1.5033 0.517121
1.43705 0.468741
1.34872 0.417859
1.23831 0.366267
1.12474 0.315927
0.992244 0.267968
0.862903 0.222199
0.714633 0.1773
0.544283 0.131565
0.383394 0.083803
0.206735 0.033933
0.026919 -0.0169982
-0.162361 -0.0673821
-0.35164 -0.1159
-0.537764 -0.162225
-0.736508 -0.207221
-0.928942 -0.252516
-1.11191 -0.299657
-1.3075 -0.349268
-1.49362 -0.400636
-1.67344 -0.451986
-1.85641 -0.501343
-2.03623 -0.547614
-2.21289 -0.591325
-2.38639 -0.634623
-2.55359 -0.680386
-2.71763 -0.730767
-2.87221 -0.785711
-3.01417 -0.842132
-3.15297 -0.894172
-3.29493 -0.934574
-3.41481 -0.956736
-3.53153 -0.956736
-3.64825 -0.934574
-3.73027 -0.894172
-3.80283 -0.842132
-3.85015 -0.785711
-3.86908 -0.730767
-3.86908 -0.680386
-3.83438 -0.634623
-3.77444 -0.591325
-3.6798 -0.547614
-3.57885 -0.501343
-3.45582 -0.451986
-3.30755 -0.400636
-3.13404 -0.349268
-2.96685 -0.299657
-2.7618 -0.252516
-2.53781 -0.207221
-2.31384 -0.162225
-2.07408 -0.1159
-1.81855 -0.0673821
-1.56303 -0.0169982
-1.29173 0.033933
-1.0362 0.083803
-0.749126 0.131565
-0.455743 0.1773
-0.159206 0.222199
0.127868 0.267968
0.430714 0.315927
0.720943 0.366267
1.01748 0.417859
1.31086 0.468741
1.59478 0.517121
1.87555 0.562391
2.15946 0.605664
2.42761 0.649466
2.67683 0.696612
2.93866 0.748662
3.18157 0.804595
3.42763 0.860313
3.65792 0.909293
3.87559 0.944253
4.08696 0.959285
4.28885 0.951691
4.45605 0.922845
4.60432 0.877752
4.73366 0.823476
4.82199 0.767015
4.91348 0.713405
4.91348 0.664692
4.92294 0.620059
4.90086 0.576934
4.84407 0.532538
4.77152 0.485208
4.67057 0.435001
4.54123 0.383413
4.3898 0.332473
4.18791 0.283673
3.9797 0.237277
3.76518 0.192277
3.51281 0.146996
3.26675 0.0999799
3.00176 0.0507449
2.73046 1.13376e-14
2.44969 -0.0507449
2.02066 -0.0999799
1.82823 -0.146996
1.54431 -0.192277
1.24777 -0.237277
0.91653 -0.283673
0.594757 -0.332473
0.276137 -0.383413
-0.0393281 -0.435001
-0.361103 -0.485208
-0.682878 -0.532538
-0.992034 -0.576934
-1.31065 -0.620059
-1.61981 -0.664692
-1.91635 -0.713405
-2.33592 -0.767015
-2.49365 -0.823476
-2.75549 -0.877752
-3.0047 -0.922845
-3.2697 -0.951691
-3.51576 -0.959285
-3.74289 -0.944253
-3.96372 -0.909293
-4.15931 -0.860313
-4.34228 -0.804595
-4.48108 -0.748662
-4.58519 -0.696612
-4.6609 -0.649466
-4.70191 -0.605664
-4.72399 -0.562391
-4.71137 -0.517121
-4.66405 -0.468741
-4.60096 -0.417859
-4.50632 -0.366267
-4.40853 -0.315927
-4.27919 -0.267968
-4.13723 -0.222199
-3.96688 -0.1773
-3.78391 -0.131565
-3.57885 -0.083803
-3.36118 -0.033933
-3.1372 0.0169982
-2.89429 0.0673821
-2.63561 0.1159
-2.37377 0.162225
-2.09301 0.207221
-1.81224 0.252516
-1.52202 0.299657
-1.21602 0.349268
-0.922632 0.400636
-0.604012 0.451986
-0.301165 0.501343
0.00799093 0.547614
0.329766 0.591325
0.632613 0.634623
0.948078 0.680386
1.24146 0.730767
1.52853 0.785711
1.81876 0.842132
2.10268 0.894172
2.37398 0.934574
2.64213 0.956736
2.8945 0.956736
3.14372 0.934574
3.35823 0.894172
3.56013 0.842132
3.74625 0.785711
3.88191 0.730767
3.98916 0.680386
4.05857 0.634623
4.11535 0.591325
4.12481 0.547614
4.11535 0.501343
4.0838 0.451986
4.02386 0.400636
3.94815 0.349268
3.83774 0.299657
3.69263 0.252516
3.55067 0.207221
3.38032 0.162225
3.18473 0.1159
2.99229 0.0673821
2.77147 0.0169982
2.53487 -0.033933
2.29512 -0.083803
2.03959 -0.131565
1.7746 -0.1773
1.5033 -0.222199
1.22884 -0.267968
0.957542 -0.315927
0.664158 -0.366267
0.383395 -0.417859
0.0837032 -0.468741
-0.206525 -0.517121
-0.490444 -0.562391
-0.780673 -0.605664
-1.05828 -0.649466
-1.34535 -0.696612
-1.62612 -0.748662
-1.89742 -0.804595
-2.15295 -0.860313
-2.42109 -0.909293
-2.664 -0.944253
-2.90691 -0.959285
-3.14666 -0.951691
-3.36118 -0.922845
-3.55992 -0.877752
-3.75236 -0.823476
-3.90063 -0.767015
-4.0205 -0.713405
-4.10568 -0.664692
-4.16562 -0.620059
-4.20663 -0.576934
-4.20032 -0.532538
-4.16877 -0.485208
-4.13407 -0.435001
-4.06151 -0.383413
-3.97003 -0.332473
-3.85015 -0.283673
-3.72081 -0.237277
-3.56623 -0.192277
-3.39588 -0.146996
-3.2066 -0.0999799
-3.0047 -0.0507449
-2.77757 -5.17899e-14
-2.55043 0.0507449
-2.31068 0.0999799
-2.05515 0.146996
-1.79332 0.192277
-1.50624 0.237277
-1.23494 0.283673
-0.957333 0.332473
-0.660795 0.383413
-0.127659 0.435001
0.064774 0.485208
0.260363 0.532538
0.493807 0.576934
0.7935 0.620059
1.08373 0.664692
1.3708 0.713405
1.64841 0.767015
1.90709 0.823476
2.17208 0.877752
2.43076 0.922845
2.6926 0.951691
2.93551 0.959285
3.1658 0.944253
3.37716 0.909293
3.58221 0.860313
3.74626 0.804595
3.88506 0.748662
3.99232 0.696612
4.06803 0.649466
4.09642 0.605664
4.11219 0.562391
4.09958 0.517121
4.06488 0.468741
4.01125 0.417859
3.93238 0.366267
3.82197 0.315927
3.68001 0.267968
3.53174 0.222199
3.34877 0.1773
3.1658 0.131565
2.96075 0.083803
2.73992 0.033933
2.49701 -0.0169982
2.24464 -0.0673821
2.00489 -0.1159
1.74305 -0.162225
1.4686 -0.207221
1.18783 -0.252516
0.894449 -0.299657
0.478033 -0.349268
0.310837 -0.400636
0.017455 -0.451986
-0.272773 -0.501343
-0.559847 -0.547614
-0.846921 -0.591325
-1.14661 -0.634623
-1.43684 -0.680386
-1.71445 -0.730767
-1.9889 -0.785711
-2.2539 -0.842132
-2.51573 -0.894172
-2.7618 -0.934574
-3.01101 -0.956736
-3.24446 -0.956736
-3.46528 -0.934574
-3.66087 -0.894172
-3.85015 -0.842132
-4.00158 -0.785711
-4.11514 -0.730767
-4.19716 -0.680386
-4.26341 -0.634623
-4.30442 -0.591325
-4.30758 -0.547614
-4.28865 -0.501343
-4.24133 -0.451986
-4.16562 -0.400636
-4.06467 -0.349268
-3.94795 -0.299657
-3.80599 -0.252516
-3.63879 -0.207221
-3.47159 -0.162225
-3.26654 -0.1159
-3.06149 -0.0673821
-2.84066 -0.0169982
-2.61037 0.033933
-2.358 0.083803
-2.10247 0.131565
-1.83117 0.1773
-1.54725 0.222199
-1.26649 0.267968
-0.969953 0.315927
-0.682878 0.366267
-0.39265 0.417859
-0.0929577 0.468741
0.209889 0.517121
0.503272 0.562391
0.809274 0.605664
1.0995 0.649466
1.38973 0.696612
1.67365 0.748662
1.9481 0.804595
2.20994 0.860313
2.48124 0.909293
2.72099 0.944253
2.97336 0.959285
3.20681 0.951691
3.42448 0.922845
3.61691 0.877752
3.78727 0.823476
3.94184 0.767015
4.05226 0.713405
4.13112 0.664692
4.18475 0.620059
4.20052 0.576934
4.1816 0.532538
4.1469 0.485208
4.09011 0.435001
4.00178 0.383413
3.88191 0.332473
3.75572 0.283673
3.59483 0.237277
3.41186 0.192277
3.22574 0.146996
3.01437 0.0999799
2.7904 0.0507449
2.54433 -1.9511e-14
2.27934 -0.0507449
2.03012 -0.0999799
1.75251 -0.146996
1.4686 -0.192277
1.18783 -0.237277
0.894449 -0.283673
0.601066 -0.332473
0.301374 -0.383413
-0.00147311 -0.435001
-0.307475 -0.485208
-0.610322 -0.532538
-0.913168 -0.576934
-1.2034 -0.620059
-1.49993 -0.664692
-1.79016 -0.713405
-2.06462 -0.767015
-2.34223 -0.823476
-2.59775 -0.877752
-2.85013 -0.922845
-3.10565 -0.951691
-3.3391 -0.959285
-3.56308 -0.944253
-3.76813 -0.909293
-3.96687 -0.860313
-4.11514 -0.804595
-4.24764 -0.748662
-4.34228 -0.696612
-4.41168 -0.649466
-4.44954 -0.605664
-4.44954 -0.562391
-4.43692 -0.517121
-4.3896 -0.468741
-4.30127 -0.417859
-4.21609 -0.366267
-4.08675 -0.315927
-3.94479 -0.267968
-3.79021 -0.222199
-3.59778 -0.1773
-3.40535 -0.131565
-3.17821 -0.083803
-2.95423 -0.033933
-2.71448 0.0169982
-2.46526 0.0673821
-2.19711 0.1159
-1.92897 0.162225
-1.63243 0.207221
-1.33274 0.252516
-1.0362 0.299657
-0.730198 0.349268
-0.424197 0.400636
-0.111886 0.451986
0.190961 0.501343
0.503272 0.547614
0.812427 0.591325
1.12158 0.634623
1.43389 0.680386
1.72412 0.730767
2.00804 0.785711
2.28881 0.842132
2.56641 0.894172
2.82825 0.934574
3.09009 0.956736
3.31722 0.956736
3.56328 0.934574
3.78096 0.894172
