data = [-0.0235559 0.0465565
-0.0172465 0.0919232
-0.0204012 0.135444
-0.0109371 0.1773
0.017455 0.218448
0.0490006 0.260212
0.0900114 0.303698
0.134177 0.349268
0.187806 0.396327
0.250899 0.443518
0.323456 0.489275
0.389704 0.532538
0.468571 0.573316
0.550591 0.612847
0.629458 0.653233
0.708324 0.696612
0.790344 0.744142
0.884985 0.79514
0.97016 0.846732
1.05849 0.894172
1.14998 0.931826
1.23831 0.95452
1.32979 0.958885
1.42128 0.944253
1.49383 0.912839
1.56954 0.869143
1.61686 0.818768
1.6421 0.767015
1.65472 0.717693
1.65156 0.672476
1.61687 0.63096
1.57901 0.591325
1.52538 0.551334
1.4402 0.509277
1.35503 0.464577
1.24461 0.417859
1.13105 0.370543
1.00171 0.324167
0.853438 0.279722
0.708324 0.237277
0.553746 0.196014
0.392858 0.154633
0.222508 0.111944
0.0490018 0.0673821
-0.127659 0.0212402
-0.310629 -0.0254774
-0.499909 -0.0715089
-0.689186 -0.1159
-0.88162 -0.158434
-1.05513 -0.199749
-1.25072 -0.241069
-1.42738 -0.283673
-1.60719 -0.328312
-1.79332 -0.374826
-1.97313 -0.422155
-2.14348 -0.468741
-2.30437 -0.51321
-2.47157 -0.555036
-2.61984 -0.594911
-2.77441 -0.634623
-2.91637 -0.676415
-3.04887 -0.722017
-3.1719 -0.771662
-3.29493 -0.823476
-3.40219 -0.873477
-3.50945 -0.916282
-3.59778 -0.94633
-3.68611 -0.959285
-3.77444 -0.953181
-3.83122 -0.928952
-3.88485 -0.890178
-3.91955 -0.842132
-3.92586 -0.790421
-3.90378 -0.739652
-3.85962 -0.692504
-3.79337 -0.649466
-3.68926 -0.609253
-3.58516 -0.569687
-3.44636 -0.528717
-3.29178 -0.485208
-3.12143 -0.439265
-2.9353 -0.39202
-2.7334 -0.345048
-2.51889 -0.299657
-2.28544 -0.256357
-2.052 -0.214702
-1.79332 -0.173543
-1.53779 -0.131565
-1.2728 -0.0878709
-0.998344 -0.0423578
-0.733353 0.00425205
-0.446279 0.0507449
-0.152897 0.0959595
0.121558 0.139308
0.42125 0.181051
0.717789 0.222199
1.01117 0.264082
1.28563 0.307756
1.57901 0.353501
1.84715 0.400636
2.12792 0.447758
2.39606 0.493319
2.67052 0.536337
2.91658 0.576934
3.16264 0.616449
3.49073 0.657026
3.64215 0.700757
3.81566 0.748662
4.01124 0.799866
4.18791 0.851298
4.36141 0.898085
4.5223 0.934574
4.6611 0.955706
4.79044 0.958327
4.90717 0.942037
5.01442 0.909293
5.08383 0.864753
5.13115 0.814049
5.13745 0.76239
5.0996 0.713405
5.07752 0.668569
5.02073 0.627312
4.91663 0.587736
4.77783 0.547614
4.62956 0.505322
4.46236 0.460396
4.26046 0.413557
4.03964 0.366267
3.79357 0.320038
3.54436 0.275787
3.26675 0.233495
2.98914 0.192277
2.6926 0.15082
2.2478 0.107972
2.06483 0.0632416
1.78091 0.0169982
1.47175 -0.0297086
1.15944 -0.0756217
0.821892 -0.119839
0.500117 -0.162225
0.153105 -0.203485
-0.178134 -0.244873
-0.503062 -0.287643
-0.824837 -0.332473
-1.13399 -0.379117
-1.44 -0.426445
-1.746 -0.472887
-2.04253 -0.517121
-2.32961 -0.558721
-2.61668 -0.598495
-2.88483 -0.638303
-3.14982 -0.680386
-3.40219 -0.726375
-3.64825 -0.776329
-3.87224 -0.82817
-4.10883 -0.877752
-4.29811 -0.919619
-4.50001 -0.948263
-4.70191 -0.959525
-4.85964 -0.951691
-5.01422 -0.925958
-5.14356 -0.886107
-5.24451 -0.837502
-5.32022 -0.785711
-5.36754 -0.735193
-5.38647 -0.68843
-5.37701 -0.645723
-5.33915 -0.605664
-5.26659 -0.566046
-5.16565 -0.524874
-5.05208 -0.481121
-4.91012 -0.435001
-4.75554 -0.387715
-4.57572 -0.340842
-4.37383 -0.295634
-4.16877 -0.252516
-3.93848 -0.21096
-3.69873 -0.169778
-3.44005 -0.127672
-3.1719 -0.083803
-2.89114 -0.0381497
-2.60722 0.00850309
-2.30753 0.0549224
-2.00152 0.0999799
-1.68921 0.143159
-1.37375 0.184797
-1.04566 0.225957
-0.708114 0.267968
-0.386342 0.311833
-0.0487933 0.357745
0.276136 0.404945
0.61053 0.451986
0.919686 0.497342
1.23515 0.540116
1.55062 0.580542
1.85977 0.620059
2.14685 0.660845
2.4213 0.704937
2.69575 0.753211
2.9639 0.804595
3.20681 0.855826
3.44656 0.901912
3.67054 0.937194
3.88506 0.956736
4.08065 0.95761
4.26677 0.939683
4.44343 0.90565
4.56331 0.860313
4.66741 0.809323
4.74628 0.757788
4.79991 0.709153
4.81253 0.664692
4.79044 0.623679
4.75259 0.584143
4.67057 0.543875
4.57908 0.501343
4.45605 0.456198
4.31725 0.409252
4.16582 0.362001
3.96393 0.315927
3.76518 0.271869
3.55382 0.229721
3.31407 0.188539
3.068 0.146996
2.82194 0.103984
2.55695 0.0590882
2.27619 0.0127521
1.99542 -0.033933
1.70519 -0.0797198
1.39919 -0.123763
1.10897 -0.166006
0.79981 -0.207221
0.493808 -0.248688
0.190961 -0.291629
-0.111886 -0.33665
-0.421042 -0.383413
-0.720734 -0.430727
-1.02043 -0.477014
-1.32012 -0.521008
-1.60404 -0.562391
-1.90058 -0.602078
-2.17187 -0.642003
-2.43371 -0.684391
-2.69555 -0.730767
-2.94161 -0.781013
-3.17821 -0.832847
-3.39904 -0.881964
-3.62302 -0.922845
-3.83438 -0.950051
-4.02681 -0.959605
-4.20347 -0.950051
-4.37067 -0.922845
-4.51263 -0.881964
-4.63251 -0.832847
-4.72399 -0.781013
-4.79339 -0.730767
-4.8281 -0.684391
-4.83756 -0.642003
-4.81863 -0.602078
-4.76816 -0.562391
-4.6956 -0.521008
-4.60096 -0.477014
-4.48739 -0.430727
-4.34543 -0.383413
-4.20347 -0.33665
-4.02366 -0.291629
-3.83438 -0.248688
-3.63879 -0.207221
-3.41166 -0.166006
-3.16559 -0.123763
-2.93846 -0.0797198
-2.68293 -0.033933
-2.41163 0.0127521
-2.15295 0.0590882
-1.85956 0.103984
-1.57564 0.146996
-1.27595 0.188539
-0.966797 0.229721
-0.66395 0.271869
-0.357948 0.315927
-0.0487921 0.362001
0.263519 0.409252
0.56952 0.456198
0.875521 0.501343
1.18152 0.543875
1.49383 0.584143
1.7746 0.623679
2.06167 0.664692
2.34243 0.709153
2.62004 0.757788
2.86611 0.809323
3.10902 0.860313
3.333 0.90565
3.55382 0.939683
3.81881 0.95761
3.94815 0.956736
4.13428 0.937194
4.30463 0.901912
4.42766 0.855826
4.54438 0.804595
4.62325 0.753211
4.65479 0.704937
4.66426 0.660845
4.64848 0.620059
4.58855 0.580542
4.51283 0.540116
4.4245 0.497342
4.30463 0.451986
4.16267 0.404945
4.01125 0.357745
3.82512 0.311833
3.61376 0.267968
3.39924 0.225957
3.1658 0.184797
2.92289 0.143159
2.67052 0.0999799
2.40237 0.0549224
2.12792 0.00850309
1.83454 -0.0381497
1.55377 -0.083803
1.26039 -0.127672
0.967005 -0.169778
0.667314 -0.21096
0.358158 -0.252516
0.0647751 -0.295634
-0.234917 -0.340842
-0.531455 -0.387715
-0.834301 -0.435001
-1.12453 -0.481121
-1.40214 -0.524874
-1.68921 -0.566046
-1.96051 -0.605664
-2.22551 -0.645723
-2.48419 -0.68843
-2.73656 -0.735193
-2.97 -0.785711
-3.19398 -0.837502
-3.41481 -0.886107
-3.62933 -0.925958
-3.83122 -0.951691
-4.01735 -0.959525
-4.19717 -0.948263
-4.34228 -0.919619
-4.48424 -0.877752
-4.60096 -0.82817
-4.67667 -0.776329
-4.73977 -0.726375
-4.75869 -0.680386
-4.75869 -0.638303
-4.7303 -0.598495
-4.68929 -0.558721
-4.60412 -0.517121
-4.49686 -0.472887
-4.37067 -0.426445
-4.22871 -0.379117
-4.07729 -0.332473
-3.90694 -0.287643
-3.71766 -0.244873
-3.50945 -0.203485
-3.30124 -0.162225
-3.06149 -0.119839
-2.82489 -0.0756217
-2.5599 -0.0297086
-2.30437 0.0169982
-2.02045 0.0632416
-1.75231 0.107972
-1.47785 0.15082
-1.18762 0.192277
-0.881622 0.233495
-0.57562 0.275787
-0.275927 0.320038
0.0332295 0.366267
0.336076 0.413557
0.645231 0.460396
0.941768 0.505322
1.24461 0.547614
1.538 0.587736
1.81876 0.627312
2.09953 0.668569
2.36767 0.713405
2.62004 0.76239
2.86611 0.814049
3.09324 0.864753
3.32984 0.909293
3.53489 0.942037
3.73995 0.958327
3.93553 0.955706
4.10273 0.934574
4.25415 0.898085
4.37718 0.851298
4.48129 0.799866
4.55069 0.748662
4.58224 0.700757
4.58224 0.657026
4.557 0.616449
4.50337 0.576934
4.43081 0.536337
4.32671 0.493319
4.20683 0.447758
4.05541 0.400636
3.88821 0.353501
3.70209 0.307756
3.50966 0.264082
3.28568 0.222199
3.05854 0.181051
2.80617 0.139308
2.54433 0.0959595
2.28881 0.0507449
1.99858 0.00425205
1.73043 -0.0423578
1.44967 -0.0878709
1.15313 -0.131565
0.866058 -0.173543
0.572675 -0.214702
0.279291 -0.256357
-0.0109371 -0.299657
-0.313784 -0.345048
-0.600857 -0.39202
-0.887931 -0.439265
-1.18447 -0.485208
-1.46208 -0.528717
-1.73022 -0.569687
-2.00468 -0.609253
-2.26336 -0.649466
-2.51573 -0.692504
-2.75233 -0.739652
-2.98262 -0.790421
-3.20029 -0.842132
-3.4085 -0.890178
-3.61355 -0.928952
-3.79337 -0.953181
-3.97634 -0.959285
-4.13722 -0.94633
-4.28234 -0.916282
-4.40222 -0.873477
-4.50948 -0.823476
-4.56626 -0.771662
-4.61989 -0.722017
-4.62935 -0.676415
-4.60412 -0.634623
-4.5631 -0.594911
