data = [-0.0267094 0.0776726
-0.0330188 0.15082
-0.0298641 0.220323
-0.00147311 0.291629
0.0206108 0.368404
0.0616205 0.447758
0.131023 0.522944
0.20358 0.591325
0.291911 0.658932
0.402323 0.735193
0.506427 0.821123
0.626305 0.901912
0.755644 0.952455
0.897605 0.953181
1.03325 0.903793
1.1626 0.823476
1.28563 0.737418
1.38973 0.660845
1.44967 0.593118
1.48437 0.524874
1.48437 0.449874
1.46229 0.370543
1.4339 0.29363
1.37396 0.222199
1.29825 0.152728
1.19414 0.0797198
1.06796 0.00212609
0.925996 -0.0756217
0.749335 -0.14891
0.569519 -0.218448
0.389705 -0.289634
0.178342 -0.366267
-0.00147311 -0.44564
-0.219144 -0.521008
-0.430506 -0.589531
-0.660795 -0.657026
-0.872158 -0.732976
-1.09929 -0.818768
-1.31696 -0.90001
-1.55356 -0.951691
-1.77439 -0.95387
-2.00783 -0.90565
-2.22866 -0.825825
-2.41478 -0.739652
-2.57567 -0.662765
-2.6987 -0.594911
-2.79965 -0.526798
-2.85013 -0.451986
-2.89745 -0.372684
-2.91007 -0.295634
-2.88483 -0.224077
-2.82173 -0.154633
-2.75233 -0.0817633
-2.65454 -0.00425205
-2.5252 0.0735671
-2.40216 0.146996
-2.23497 0.216574
-2.052 0.287643
-1.85641 0.364133
-1.65451 0.443518
-1.42422 0.519067
-1.19393 0.587736
-0.941559 0.655126
-0.692342 0.730767
-0.424197 0.816409
-0.165514 0.898085
0.121559 0.950889
0.399169 0.95452
0.683088 0.907484
0.967006 0.82817
1.21938 0.741893
1.45913 0.664692
1.64526 0.596703
1.80614 0.528717
1.94495 0.454094
2.04274 0.374826
2.1153 0.297643
2.15631 0.225957
2.16893 0.156535
2.16262 0.083803
2.14369 0.00637776
2.08375 -0.0715089
2.01751 -0.145079
1.91971 -0.214702
1.80614 -0.285656
1.67049 -0.362001
1.53169 -0.441393
1.37396 -0.517121
1.20676 -0.58594
1.02064 -0.653233
0.821892 -0.728567
0.62315 -0.814049
0.421252 -0.896139
0.197272 -0.950051
-0.0267094 -0.955132
-0.253844 -0.909293
-0.484134 -0.830511
-0.692341 -0.744142
-0.872156 -0.666627
-1.01727 -0.598495
-1.13715 -0.53063
-1.23494 -0.456198
-1.28226 -0.376971
-1.32958 -0.299657
-1.3422 -0.227838
-1.3422 -0.158434
-1.34535 -0.0858389
-1.28857 -0.00850309
-1.21917 0.0694472
-1.14346 0.143159
-1.04566 0.21283
-0.932095 0.283673
-0.796445 0.359872
-0.654486 0.439265
-0.499908 0.515168
-0.33902 0.584143
-0.16867 0.651347
-0.0014731 0.726375
0.241435 0.811687
0.351847 0.894172
0.534818 0.949175
0.727251 0.955706
0.92284 0.911079
1.10896 0.832847
1.28878 0.746398
1.44336 0.668569
1.56008 0.600286
1.64525 0.532538
1.69573 0.458299
1.71781 0.379117
1.7115 0.301675
1.68627 0.229721
1.63895 0.160331
1.538 0.0878709
1.45598 0.0106279
1.36765 -0.0673821
1.22884 -0.141235
1.07426 -0.21096
0.910222 -0.281695
0.733561 -0.357745
0.544283 -0.437134
0.345539 -0.51321
0.137333 -0.582343
-0.0771842 -0.649466
-0.285391 -0.724191
-0.499907 -0.809323
-0.720734 -0.892185
-0.938406 -0.948263
-1.15292 -0.95624
-1.38006 -0.912839
-1.59773 -0.835178
-1.79016 -0.748662
-1.96051 -0.670519
-2.08985 -0.602078
-2.18765 -0.53444
-2.2539 -0.460396
-2.29491 -0.381265
-2.32014 -0.303698
-2.30122 -0.231607
-2.26652 -0.162225
-2.20658 -0.089899
-2.11825 -0.0127521
-2.02045 0.0653135
-1.90688 0.139308
-1.77123 0.20909
-1.60719 0.279722
-1.4463 0.355622
-1.26018 0.435001
-1.0709 0.511247
-0.875312 0.580542
-0.676569 0.647592
-0.458898 0.722017
-0.225453 0.806959
-0.00778247 0.890178
0.228816 0.947314
0.459107 0.956736
0.695705 0.914573
0.925994 0.837502
1.14051 0.750933
1.32979 0.672476
1.4749 0.603871
1.58532 0.536337
1.6768 0.462489
1.71466 0.383413
1.74305 0.305725
1.74936 0.233495
1.72097 0.164117
1.67049 0.0919232
1.60109 0.0148756
1.49068 -0.0632416
1.36765 -0.137378
1.22884 -0.207221
1.08688 -0.277752
0.916532 -0.353501
0.74618 -0.432865
0.553747 -0.509277
0.367622 -0.578739
0.162569 -0.645723
-0.0582562 -0.719851
-0.269617 -0.804595
-0.484134 -0.888152
-0.695496 -0.94633
-0.922632 -0.957193
-1.14346 -0.916282
-1.36113 -0.83982
-1.55672 -0.753211
-1.72707 -0.674442
-1.85957 -0.605664
-1.96367 -0.538229
-2.02992 -0.464577
-2.07724 -0.385564
-2.09932 -0.307756
-2.08354 -0.235384
-2.05515 -0.166006
-1.9889 -0.0939433
-1.91319 -0.0169982
-1.8154 0.0611665
-1.69237 0.135444
-1.55356 0.205353
-1.38952 0.275787
-1.22232 0.351383
-1.04251 0.430727
-0.85323 0.507302
-0.660795 0.576934
-0.449434 0.64386
-0.225453 0.717693
-0.0109371 0.80223
0.219353 0.886107
0.446489 0.945309
0.686242 0.95761
0.913378 0.917964
1.15313 0.842132
1.35503 0.755496
1.52222 0.676415
1.67996 0.607458
1.78722 0.540116
1.86924 0.466661
1.91656 0.387715
1.93864 0.309792
1.93548 0.237277
1.90394 0.167893
1.85977 0.0959595
1.77775 0.0191198
1.64841 -0.0590882
1.53169 -0.133506
1.38973 -0.203485
1.232 -0.273826
1.05534 -0.349268
0.862901 -0.428587
0.673622 -0.505322
0.481188 -0.575126
0.181496 -0.642003
0.0490006 -0.715545
-0.159206 -0.799866
-0.39896 -0.884044
-0.62294 -0.944253
-0.865848 -0.957988
-1.10876 -0.919619
-1.34536 -0.844436
-1.56303 -0.757788
-1.73969 -0.678397
-1.89427 -0.609253
-2.0173 -0.541998
-2.10563 -0.468741
-2.1561 -0.389867
-2.18765 -0.311833
-2.20027 -0.239172
-2.18134 -0.169778
-2.1214 -0.0979717
-2.07408 -0.0212402
-1.97944 0.0570068
-1.86587 0.131565
-1.73338 0.201617
-1.5788 0.271869
-1.42107 0.347156
-1.23494 0.426445
-1.05197 0.503335
-0.856383 0.573316
-0.641867 0.64015
-0.42735 0.713405
-0.184442 0.797503
0.0332284 0.881964
0.269828 0.943163
0.503272 0.958327
0.743025 0.921246
0.98278 0.846732
1.21622 0.760085
1.40235 0.680386
1.56008 0.611049
1.68311 0.543875
1.80299 0.470816
1.84085 0.39202
1.87555 0.313878
1.89132 0.241069
1.86924 0.171661
1.84085 0.0999799
1.77775 0.0233595
1.67365 -0.0549224
1.55062 -0.129621
1.42759 -0.199749
1.27301 -0.269917
1.11528 -0.345048
0.93546 -0.424301
0.758799 -0.501343
0.553746 -0.571503
0.348694 -0.638303
0.143641 -0.711275
-0.0708749 -0.79514
-0.294855 -0.879866
-0.5283 -0.942037
-0.75228 -0.958626
-0.998344 -0.922845
-1.2097 -0.849019
-1.43053 -0.76239
-1.60404 -0.682385
-1.75546 -0.612847
-1.87849 -0.545747
-1.9542 -0.472887
-2.00468 -0.394173
-2.03938 -0.315927
-2.03622 -0.242969
-2.00783 -0.173543
-1.96051 -0.101984
-1.89111 -0.0254774
-1.80278 0.0528351
-1.68606 0.127672
-1.56618 0.197882
-1.41476 0.267968
-1.25702 0.342943
-1.07405 0.422155
-0.884775 0.499346
-0.686032 0.569687
-0.480981 0.63646
-0.269619 0.709153
-0.0551015 0.79278
0.159415 0.877752
0.38655 0.940877
0.604222 0.958885
0.843975 0.924416
1.06796 0.851298
1.27301 0.764699
1.45913 0.684391
1.60109 0.614647
1.72728 0.547614
1.79983 0.474953
1.85977 0.396327
1.88816 0.31798
1.88501 0.244873
1.85346 0.175422
1.81245 0.103984
1.74621 0.0275938
1.62002 -0.0507449
1.51276 -0.12572
1.37396 -0.196014
1.21307 -0.266023
1.05534 -0.340842
0.872367 -0.420007
0.670469 -0.497342
0.487499 -0.567868
0.269827 -0.634623
0.0490018 -0.707041
-0.174978 -0.790421
-0.39896 -0.875623
-0.632404 -0.939683
-0.862695 -0.959105
-1.08352 -0.925958
-1.31696 -0.853567
-1.51255 -0.767015
-1.68606 -0.686406
-1.8501 -0.616449
-1.9542 -0.549476
-2.04885 -0.477014
-2.09932 -0.398482
-2.14348 -0.320038
-2.14033 -0.246779
-2.11509 -0.1773
-2.06777 -0.10598
-1.99206 -0.0297086
-1.89427 0.048652
-1.79332 0.123763
-1.65451 0.194146
-1.49993 0.264082
-1.32643 0.338744
-1.16239 0.417859
-0.976262 0.495334
-0.777518 0.566046
-0.569312 0.632789
-0.348485 0.704937
-0.140278 0.788065
0.0931673 0.873477
0.326611 0.938455
0.566365 0.959285
0.790346 0.92747
1.0301 0.855826
1.24461 0.769336
1.43389 0.68843
1.59794 0.618253
1.71781 0.551334
1.8093 0.47907
1.86924 0.400636
1.90078 0.3221
1.90709 0.248688
1.88501 0.179176
1.84084 0.107972
1.78091 0.0318217
1.67365 -0.0465565
1.55377 -0.121803
1.42128 -0.192277
1.26039 -0.262145
1.10896 -0.33665
0.929149 -0.415708
0.743024 -0.493319
0.544282 -0.56422
0.339229 -0.63096
0.131022 -0.702843
-0.0929588 -0.785711
-0.310628 -0.871317
-0.534609 -0.937194
-0.768053 -0.959425
-0.995188 -0.928952
-1.2034 -0.858075
-1.42107 -0.771662
-1.60088 -0.690462
-1.746 -0.620059
-1.86272 -0.553187
-1.93528 -0.481121
-1.9889 -0.402791
-2.02045 -0.324167
-2.02676 -0.2506
-2.00152 -0.181051
-1.95105 -0.10996
-1.87218 -0.033933
-1.79332 0.0444584
-1.67028 0.119839
-1.5441 0.190408
-1.38321 0.260212
