data = [-0.0204012 0.0528351
-0.00462779 0.103984
-0.0109371 0.152728
0.00168157 0.199749
0.0237643 0.246779
0.0553111 0.295634
0.0868568 0.347156
0.146796 0.400636
0.200425 0.454094
0.272982 0.505322
0.348694 0.553187
0.437024 0.598495
0.525354 0.64386
0.607375 0.692504
0.705169 0.746398
0.79981 0.804595
0.891294 0.862539
0.985933 0.912839
1.08688 0.947314
1.19099 0.959605
1.29193 0.947314
1.39604 0.912839
1.47806 0.862539
1.55377 0.804595
1.6074 0.746398
1.63579 0.692504
1.6421 0.64386
1.62633 0.598495
1.58532 0.553187
1.54431 0.505322
1.4686 0.454094
1.39604 0.400636
1.28878 0.347156
1.17206 0.295634
1.0301 0.246779
0.894449 0.199749
0.743025 0.152728
0.572674 0.103984
0.399168 0.0528351
0.222508 1.6334e-15
0.0332284 -0.0528351
-0.149742 -0.103984
-0.332712 -0.152728
-0.5283 -0.199749
-0.714425 -0.246779
-0.913168 -0.295634
-1.1056 -0.347156
-1.30119 -0.400636
-1.49047 -0.454094
-1.68606 -0.505322
-1.87534 -0.553187
-2.06462 -0.598495
-2.24128 -0.64386
-2.41794 -0.692504
-2.57883 -0.746398
-2.74918 -0.804595
-2.89745 -0.862539
-3.04256 -0.912839
-3.18452 -0.947314
-3.32648 -0.959605
-3.45582 -0.947314
-3.56623 -0.912839
-3.66403 -0.862539
-3.73974 -0.804595
-3.79021 -0.746398
-3.81545 -0.692504
-3.80914 -0.64386
-3.78075 -0.598495
-3.70819 -0.553187
-3.62617 -0.505322
-3.52207 -0.454094
-3.39273 -0.400636
-3.23815 -0.347156
-3.07411 -0.295634
-2.88798 -0.246779
-2.68924 -0.199749
-2.47472 -0.152728
-2.25074 -0.103984
-2.0173 -0.0528351
-1.75862 3.38552e-15
-1.5094 0.0528351
-1.25072 0.103984
-0.969953 0.152728
-0.695498 0.199749
-0.389496 0.246779
-0.102422 0.295634
0.178342 0.347156
0.471725 0.400636
0.758799 0.454094
1.05218 0.505322
1.3361 0.553187
1.63579 0.598495
1.91656 0.64386
2.19417 0.692504
2.46862 0.746398
2.72415 0.804595
2.9639 0.862539
3.20365 0.912839
3.44972 0.947314
3.68316 0.959605
3.89137 0.947314
4.09011 0.912839
4.2857 0.862539
4.43397 0.804595
4.56331 0.746398
4.67057 0.692504
4.70527 0.64386
4.71789 0.598495
4.71158 0.553187
4.67372 0.505322
4.61378 0.454094
4.5223 0.400636
4.41189 0.347156
4.26046 0.295634
4.10904 0.246779
3.92292 0.199749
3.71471 0.152728
3.50019 0.103984
3.26359 0.0528351
2.91027 1.00229e-14
2.74307 -0.0528351
2.49386 -0.103984
2.21625 -0.152728
1.91971 -0.199749
1.63895 -0.246779
1.33295 -0.295634
1.02694 -0.347156
0.711479 -0.400636
0.389704 -0.454094
0.0837032 -0.505322
-0.238072 -0.553187
-0.544073 -0.598495
-0.856384 -0.64386
-1.15923 -0.692504
-1.46208 -0.746398
-1.75231 -0.804595
-2.04569 -0.862539
-2.32014 -0.912839
-2.60091 -0.947314
-2.87221 -0.959605
-3.13089 -0.947314
-3.38326 -0.912839
-3.6104 -0.862539
-3.80914 -0.804595
-3.97949 -0.746398
-4.11514 -0.692504
-4.21609 -0.64386
-4.29496 -0.598495
-4.33597 -0.553187
-4.36752 -0.505322
-4.3549 -0.454094
-4.32651 -0.400636
-4.27603 -0.347156
-4.19716 -0.295634
-4.09306 -0.246779
-3.97318 -0.199749
-3.83122 -0.152728
-3.67349 -0.103984
-3.50314 -0.0528351
-3.31702 -2.31113e-14
-3.10881 0.0528351
-2.88483 0.103984
-2.64507 0.152728
-2.39901 0.199749
-2.13402 0.246779
-1.87849 0.295634
-1.60719 0.347156
-1.32958 0.400636
-1.04566 0.454094
-0.75228 0.505322
-0.458898 0.553187
-0.152897 0.598495
0.14995 0.64386
0.443333 0.692504
0.743025 0.746398
1.04272 0.804595
1.32979 0.862539
1.61056 0.912839
1.89132 0.947314
2.17208 0.959605
2.43392 0.947314
2.68314 0.912839
2.9292 0.862539
3.13741 0.804595
3.31407 0.746398
3.45918 0.692504
3.5759 0.64386
3.65792 0.598495
3.70524 0.553187
3.73679 0.505322
3.72733 0.454094
3.70525 0.400636
3.66423 0.347156
3.59483 0.295634
3.49388 0.246779
3.3677 0.199749
3.22574 0.152728
3.06485 0.103984
2.88188 0.0528351
2.68629 3.66093e-14
2.47178 -0.0528351
2.2541 -0.103984
2.02066 -0.152728
1.78091 -0.199749
1.54115 -0.246779
1.27616 -0.295634
1.01433 -0.347156
0.743025 -0.400636
0.462261 -0.454094
0.187806 -0.505322
-0.089803 -0.553187
-0.364258 -0.598495
-0.645022 -0.64386
-0.913168 -0.692504
-1.20024 -0.746398
-1.46208 -0.804595
-1.73338 -0.862539
-1.99522 -0.912839
-2.26021 -0.947314
-2.50311 -0.959605
-2.75233 -0.947314
-2.99209 -0.912839
-3.19398 -0.862539
-3.38642 -0.804595
-3.54731 -0.746398
-3.68296 -0.692504
-3.7776 -0.64386
-3.85646 -0.598495
-3.90063 -0.553187
-3.93217 -0.505322
-3.91956 -0.454094
-3.88485 -0.400636
-3.83753 -0.347156
-3.75236 -0.295634
-3.65772 -0.246779
-3.53153 -0.199749
-3.39904 -0.152728
-3.24446 -0.103984
-3.06149 -0.0528351
-2.87221 -4.8165e-14
-2.66716 0.0528351
-2.44948 0.103984
-2.2192 0.152728
-1.96682 0.199749
-1.69868 0.246779
-1.44 0.295634
-1.17816 0.347156
-0.903703 0.400636
-0.648178 0.454094
-0.35795 0.505322
-0.0771843 0.553187
0.228817 0.598495
0.528509 0.64386
0.828201 0.692504
1.10896 0.746398
1.38657 0.804595
1.66103 0.862539
1.92918 0.912839
2.19101 0.947314
2.456 0.959605
2.6926 0.947314
2.93235 0.912839
3.1311 0.862539
3.33931 0.804595
3.51596 0.746398
3.64846 0.692504
3.75887 0.64386
3.82512 0.598495
3.85351 0.553187
3.86928 0.505322
3.85036 0.454094
3.82512 0.400636
3.75887 0.347156
3.67054 0.295634
3.55382 0.246779
3.42448 0.199749
3.26675 0.152728
3.0964 0.103984
2.91027 0.0528351
2.70206 6.31911e-14
2.44654 -0.0528351
2.25726 -0.103984
2.01435 -0.152728
1.76829 -0.199749
1.5033 -0.246779
1.24777 -0.295634
0.970162 -0.347156
0.689397 -0.400636
0.38655 -0.454094
0.118405 -0.505322
-0.174979 -0.553187
-0.462053 -0.598495
-0.742816 -0.64386
-1.02989 -0.692504
-1.32012 -0.746398
-1.59457 -0.804595
-1.86903 -0.862539
-2.13717 -0.912839
-2.39901 -0.947314
-2.64823 -0.959605
-2.89745 -0.947314
-3.11827 -0.912839
-3.32648 -0.862539
-3.52207 -0.804595
-3.6798 -0.746398
-3.81545 -0.692504
-3.91324 -0.64386
-3.98896 -0.598495
-4.03943 -0.553187
-4.04889 -0.505322
-4.03312 -0.454094
-4.00158 -0.400636
-3.93217 -0.347156
-3.85646 -0.295634
-3.74605 -0.246779
-3.60724 -0.199749
-3.47159 -0.152728
-3.28862 -0.103984
-3.12458 -0.0528351
-2.91322 -6.07767e-14
-2.6987 0.0528351
-2.46841 0.103984
-2.23181 0.152728
-1.97313 0.199749
-1.69868 0.246779
-1.42422 0.295634
-1.15292 0.347156
-0.859539 0.400636
-0.57562 0.454094
-0.279084 0.505322
0.0206096 0.553187
0.329766 0.598495
0.632613 0.64386
0.919686 0.692504
1.21622 0.746398
1.49699 0.804595
1.78091 0.862539
2.06482 0.912839
2.34559 0.947314
2.60427 0.959605
2.8598 0.947314
3.10901 0.912839
3.32669 0.862539
3.51281 0.804595
3.68316 0.746398
3.81566 0.692504
3.91661 0.64386
3.97654 0.598495
4.0144 0.553187
4.02702 0.505322
4.00178 0.454094
3.96392 0.400636
3.88506 0.347156
3.80304 0.295634
3.70209 0.246779
3.56013 0.199749
3.39609 0.152728
3.21312 0.103984
3.00807 0.0528351
2.79671 3.83253e-16
2.56011 -0.0528351
2.32351 -0.103984
2.07429 -0.152728
1.81245 -0.199749
1.54746 -0.246779
1.2667 -0.295634
0.979625 -0.347156
0.692552 -0.400636
0.399168 -0.454094
0.0994766 -0.505322
-0.200216 -0.553187
-0.503062 -0.598495
-0.805911 -0.64386
-1.11191 -0.692504
-1.39899 -0.746398
-1.69237 -0.804595
-1.96367 -0.862539
-2.23812 -0.912839
-2.50627 -0.947314
-2.77126 -0.959605
-3.02048 -0.947314
-3.25392 -0.912839
-3.47159 -0.862539
-3.66403 -0.804595
-3.83122 -0.746398
-3.96687 -0.692504
-4.06782 -0.64386
-4.153 -0.598495
-4.20032 -0.553187
-4.2224 -0.505322
-4.20978 -0.454094
-4.17824 -0.400636
-4.10568 -0.347156
-4.03628 -0.295634
-3.92271 -0.246779
-3.78706 -0.199749
-3.64195 -0.152728
-3.45898 -0.103984
-3.27601 -0.0528351
-3.07095 6.19684e-14
-2.84697 0.0528351
-2.61353 0.103984
-2.37377 0.152728
-2.10563 0.199749
-1.82486 0.246779
-1.53463 0.295634
-1.25072 0.347156
-0.957333 0.400636
-0.660795 0.454094
-0.367412 0.505322
-0.0456386 0.553187
0.260363 0.598495
0.556902 0.64386
0.872367 0.692504
1.17837 0.746398
1.47175 0.804595
1.77775 0.862539
2.05852 0.912839
2.34874 0.947314
2.62004 0.959605
2.89134 0.947314
3.14056 0.912839
3.37401 0.862539
3.58537 0.804595
3.75256 0.746398
3.89768 0.692504
4.00494 0.64386
4.0838 0.598495
4.13743 0.553187
4.15321 0.505322
4.1469 0.454094
4.11219 0.400636
4.05856 0.347156
3.97339 0.295634
3.86929 0.246779
3.72733 0.199749
3.57275 0.152728
3.4024 0.103984
3.20681 0.0528351
2.99229 -1.22362e-13
