data = [-0.061412 0.0444584
-0.0677202 0.0878709
-0.0551015 0.129621
-0.0551015 0.169778
-0.0267094 0.20909
-0.00778247 0.248688
0.0237643 0.289634
0.0868568 0.332473
0.134177 0.376971
0.184652 0.422155
0.257208 0.466661
0.323455 0.509277
0.402322 0.549476
0.465415 0.587736
0.550591 0.625494
0.629457 0.664692
0.70517 0.707041
0.784035 0.753211
0.872366 0.80223
0.948077 0.851298
1.02379 0.896139
1.11528 0.931826
1.20045 0.95387
1.27932 0.959285
1.3708 0.947314
1.44336 0.919619
1.50645 0.879866
1.56324 0.832847
1.58847 0.78336
1.59163 0.735193
1.58216 0.690462
1.55062 0.649466
1.51276 0.611049
1.45598 0.573316
1.37711 0.53444
1.29194 0.493319
1.17837 0.449874
1.06795 0.404945
0.938613 0.359872
0.790345 0.315927
0.645231 0.273826
0.490653 0.233495
0.326612 0.194146
0.168878 0.154633
-0.0109371 0.113924
-0.184443 0.0715089
-0.354795 0.0275938
-0.547228 -0.0169982
-0.730197 -0.0611665
-0.906858 -0.103984
-1.1056 -0.145079
-1.26964 -0.184797
-1.45261 -0.224077
-1.63243 -0.264082
-1.80278 -0.305725
-1.96998 -0.349268
-2.13402 -0.394173
-2.29806 -0.439265
-2.44948 -0.483167
-2.60091 -0.524874
-2.75233 -0.56422
-2.88798 -0.602078
-3.02363 -0.64015
-3.14035 -0.680386
-3.25708 -0.724191
-3.36434 -0.771662
-3.46844 -0.821123
-3.55992 -0.869143
-3.64194 -0.911079
-3.71135 -0.942037
-3.77759 -0.957988
-3.83753 -0.956736
-3.88801 -0.938455
-3.91955 -0.90565
-3.93533 -0.862539
-3.92586 -0.814049
-3.88801 -0.764699
-3.82807 -0.717693
-3.73343 -0.674442
-3.63248 -0.634623
-3.50314 -0.596703
-3.36118 -0.558721
-3.18768 -0.519067
-3.00786 -0.477014
-2.81227 -0.432865
-2.59775 -0.387715
-2.38324 -0.342943
-2.14979 -0.299657
-1.90688 -0.258283
-1.65451 -0.218448
-1.38952 -0.179176
-1.11507 -0.139308
-0.843764 -0.0979717
-0.569311 -0.0549224
-0.285392 -0.0106279
0.0111456 0.033933
0.291911 0.0776726
0.582139 0.119839
0.884985 0.160331
1.18468 0.199749
1.4749 0.239172
1.75882 0.279722
2.03328 0.3221
2.28881 0.366267
2.54118 0.411405
2.81563 0.456198
3.07116 0.499346
3.30776 0.540116
3.65792 0.578739
3.79357 0.616449
3.94184 0.655126
4.12166 0.696612
4.30147 0.741893
4.46867 0.790421
4.61378 0.83982
4.74312 0.886107
4.88193 0.924416
4.98288 0.950051
5.08067 0.959585
5.15638 0.951691
5.22579 0.92747
5.2731 0.890178
5.29203 0.844436
5.26049 0.79514
5.22894 0.746398
5.17531 0.700757
5.09014 0.658932
4.9671 0.620059
4.80306 0.582343
4.59801 0.543875
4.41819 0.503335
4.20683 0.460396
3.9797 0.415708
3.73364 0.370543
3.46549 0.326237
3.18473 0.283673
2.90081 0.242969
2.59481 0.203485
2.29196 0.164117
1.97019 0.123763
1.66418 0.0817633
1.34556 0.0381497
1.01117 -0.00637776
0.695706 -0.0507449
0.373931 -0.0939433
0.036383 -0.135444
-0.288547 -0.175422
-0.610322 -0.214702
-0.925787 -0.254435
-1.24441 -0.295634
-1.55041 -0.338744
-1.86272 -0.383413
-2.15295 -0.428587
-2.43687 -0.472887
-2.70501 -0.515168
-2.97316 -0.555036
-3.22868 -0.593118
-3.47159 -0.63096
-3.70819 -0.670519
-3.93848 -0.713405
-4.153 -0.760085
-4.35805 -0.809323
-4.55049 -0.858075
-4.7303 -0.901912
-4.89119 -0.9359
-5.04577 -0.955706
-5.17511 -0.958626
-5.29183 -0.944253
-5.39594 -0.914573
-5.46218 -0.873477
-5.52212 -0.825825
-5.54105 -0.776329
-5.54105 -0.728567
-5.51266 -0.684391
-5.43694 -0.64386
-5.36439 -0.605664
-5.24766 -0.567868
-5.11832 -0.528717
-4.95113 -0.487244
-4.77762 -0.443518
-4.58519 -0.398482
-4.37382 -0.353501
-4.13723 -0.309792
-3.90694 -0.267968
-3.65141 -0.227838
-3.3738 -0.188539
-3.1025 -0.14891
-2.81858 -0.107972
-2.51258 -0.0653135
-2.21289 -0.0212402
-1.90688 0.0233595
-1.58196 0.0673821
-1.25703 0.10996
-0.932096 0.15082
-0.610322 0.190408
-0.266464 0.229721
0.0584658 0.269917
0.38655 0.311833
0.720944 0.355622
1.03956 0.400636
1.35503 0.44564
1.65788 0.489275
1.95441 0.53063
2.25095 0.569687
2.53802 0.607458
2.81563 0.645723
3.06485 0.686406
3.32038 0.730767
3.55067 0.778669
3.78411 0.82817
3.98601 0.875623
4.18475 0.916282
4.36772 0.945309
4.53492 0.958885
4.69581 0.955132
4.83461 0.934574
4.94817 0.90001
5.02704 0.855826
5.09329 0.806959
5.12168 0.757788
5.13115 0.711275
5.10591 0.668569
5.04913 0.629134
4.97341 0.591325
4.85985 0.553187
4.73051 0.51321
4.56015 0.470816
4.38349 0.426445
4.18791 0.381265
3.97339 0.33665
3.74941 0.29363
3.50334 0.252516
3.24782 0.21283
2.97021 0.173543
2.6926 0.133506
2.41499 0.0919232
2.12161 0.048652
1.8093 0.00425205
1.50961 -0.0402549
1.19414 -0.083803
0.884985 -0.12572
0.569519 -0.166006
0.260364 -0.205353
-0.0487921 -0.244873
-0.357948 -0.285656
-0.670259 -0.328312
-0.973106 -0.372684
-1.2728 -0.417859
-1.56303 -0.462489
-1.8501 -0.505322
-2.14348 -0.545747
-2.40532 -0.584143
-2.66716 -0.621868
-2.92584 -0.660845
-3.16244 -0.702843
-3.53469 -0.748662
-3.67665 -0.797503
-3.81861 -0.846732
-3.99527 -0.892185
-4.19401 -0.928952
-4.37067 -0.952455
-4.54418 -0.959525
-4.68614 -0.949175
-4.83125 -0.922845
-4.94166 -0.884044
-5.02684 -0.837502
-5.08678 -0.788065
-5.12779 -0.739652
-5.13725 -0.694554
-5.0994 -0.653233
-5.04261 -0.614647
-4.98267 -0.576934
-4.88173 -0.538229
-4.77447 -0.497342
-4.64828 -0.454094
-4.48108 -0.409252
-4.3202 -0.364133
-4.12461 -0.320038
-3.89747 -0.277752
-3.68296 -0.237277
-3.4432 -0.197882
-3.19398 -0.158434
-2.9353 -0.117872
-2.67031 -0.0756217
-2.38639 -0.0318217
-2.10878 0.0127521
-1.80594 0.0570068
-1.50624 0.0999799
-1.19709 0.141235
-0.88162 0.181051
-0.550383 0.220323
-0.231762 0.260212
0.0931661 0.301675
0.414941 0.345048
0.727252 0.389867
1.13105 0.435001
1.33295 0.47907
1.63579 0.521008
1.94179 0.560558
2.22887 0.598495
2.51279 0.63646
2.79039 0.676415
3.05854 0.719851
3.29829 0.767015
3.5412 0.816409
3.74625 0.864753
3.945 0.907484
4.14374 0.939683
4.32671 0.957193
4.49075 0.95761
4.62956 0.940877
4.75574 0.909293
4.863 0.866955
4.94187 0.818768
4.97972 0.769336
5.00811 0.722017
4.98288 0.678397
4.93556 0.638303
4.85984 0.600286
4.7589 0.562391
4.64217 0.522944
4.49706 0.481121
4.32356 0.437134
4.13743 0.39202
3.93238 0.347156
3.7084 0.303698
3.4718 0.262145
3.22574 0.222199
2.96706 0.182924
2.68945 0.143159
2.42761 0.101984
2.14054 0.0590882
1.85031 0.0148756
1.56008 -0.0297086
1.2667 -0.0735671
0.957542 -0.1159
0.654696 -0.156535
0.348694 -0.196014
0.0426924 -0.235384
-0.272773 -0.275787
-0.569312 -0.31798
-0.869004 -0.362001
-1.15923 -0.407099
-1.45261 -0.451986
-1.72707 -0.495334
-2.00468 -0.536337
-2.26652 -0.575126
-2.51573 -0.612847
-2.77126 -0.651347
-3.00786 -0.692504
-3.2413 -0.737418
-3.46213 -0.785711
-3.6798 -0.835178
-3.8817 -0.881964
-4.08044 -0.921246
-4.25395 -0.948263
-4.4243 -0.959425
-4.58203 -0.953181
-4.70822 -0.930404
-4.83125 -0.894172
-4.92589 -0.849019
-4.99214 -0.799866
-5.02999 -0.750933
-5.05208 -0.704937
-5.02999 -0.662765
-4.99214 -0.623679
-4.9322 -0.58594
-4.84071 -0.547614
-4.72715 -0.507302
-4.5915 -0.464577
-4.44323 -0.420007
-4.27603 -0.374826
-4.09622 -0.33039
-3.89747 -0.287643
-3.67665 -0.246779
-3.44636 -0.207221
-3.20345 -0.167893
-2.94792 -0.127672
-2.69239 -0.0858389
-2.41478 -0.0423578
-2.14033 0.00212609
-1.8501 0.0465565
-1.54725 0.089899
-1.24756 0.131565
-0.944714 0.171661
-0.622939 0.21096
-0.320092 0.2506
-0.00778246 0.291629
0.304528 0.334559
0.604221 0.379117
0.907067 0.424301
1.20676 0.468741
1.50645 0.511247
1.79668 0.551334
2.06798 0.589531
2.35505 0.627312
2.61689 0.666627
2.87242 0.709153
3.10901 0.755496
3.34246 0.804595
3.56013 0.853567
3.76518 0.898085
3.96077 0.933216
4.14374 0.95452
4.30147 0.959105
4.45921 0.94633
4.59485 0.917964
4.68949 0.877752
4.78413 0.830511
4.83145 0.781013
4.84723 0.732976
4.83777 0.68843
4.7936 0.647592
4.73366 0.609253
4.64848 0.571503
4.53492 0.532538
4.3898 0.4913
4.23207 0.447758
4.05541 0.402791
3.85351 0.357745
3.63269 0.313878
3.41186 0.271869
3.16264 0.231607
2.91658 0.192277
2.65159 0.152728
2.38029 0.111944
2.09322 0.0694472
1.82823 0.0254774
1.51907 -0.0191198
1.23515 -0.0632416
0.941769 -0.10598
0.645231 -0.146996
0.348694 -0.186668
0.0458471 -0.225957
-0.247536 -0.266023
-0.537765 -0.307756
-0.831148 -0.351383
-1.11507 -0.396327
-1.38952 -0.441393
-1.66398 -0.485208
-1.93212 -0.526798
-2.18134 -0.566046
