data = [-0.0708749 0.0653135
-0.0677202 0.127672
-0.0551015 0.186668
-0.0267094 0.244873
0.00168273 0.305725
0.0332284 0.370543
0.0900126 0.437134
0.149951 0.501343
0.216199 0.560558
0.313992 0.616449
0.405478 0.674442
0.506427 0.739652
0.61053 0.811687
0.708325 0.881964
0.831356 0.9359
0.954388 0.959285
1.06796 0.945309
1.19414 0.898085
1.30771 0.830511
1.40235 0.757788
1.4686 0.690462
1.51907 0.63096
1.53169 0.575126
1.51907 0.517121
1.49699 0.454094
1.45282 0.387715
1.39604 0.3221
1.30455 0.260212
1.1973 0.201617
1.06796 0.143159
0.922841 0.0817633
0.784036 0.0169982
0.616841 -0.048652
0.44018 -0.111944
0.260364 -0.171661
0.0616193 -0.229721
-0.140278 -0.289634
-0.345331 -0.353501
-0.547229 -0.420007
-0.752281 -0.485208
-0.969953 -0.545747
-1.175 -0.602078
-1.39899 -0.658932
-1.60719 -0.722017
-1.80909 -0.79278
-2.00152 -0.864753
-2.20973 -0.924416
-2.40847 -0.956736
-2.61037 -0.952455
-2.78703 -0.912839
-2.96054 -0.849019
-3.11512 -0.776329
-3.24446 -0.707041
-3.32963 -0.645723
-3.39273 -0.589531
-3.42743 -0.532538
-3.42743 -0.470816
-3.40535 -0.404945
-3.35803 -0.338744
-3.28231 -0.275787
-3.18767 -0.216574
-3.07411 -0.158434
-2.9353 -0.0979717
-2.77441 -0.033933
-2.60406 0.0318217
-2.41163 0.0959595
-2.20027 0.156535
-1.9889 0.214702
-1.72707 0.273826
-1.49047 0.33665
-1.23494 0.402791
-0.966797 0.468741
-0.69865 0.53063
-0.424197 0.587736
-0.146587 0.64386
0.146796 0.704937
0.433869 0.773993
0.720943 0.846732
0.998552 0.911079
1.28563 0.951691
1.56954 0.957193
1.85031 0.925958
2.12161 0.866955
2.37714 0.79514
2.59165 0.724191
2.77778 0.660845
2.93235 0.603871
3.04592 0.547614
3.13425 0.487244
3.18472 0.422155
3.21943 0.355622
3.22574 0.291629
3.21312 0.231607
3.17526 0.173543
3.10902 0.113924
3.01438 0.0507449
2.90712 -0.0148756
2.76831 -0.0797198
2.62635 -0.141235
2.46547 -0.199749
2.27934 -0.258283
2.08375 -0.320038
1.87555 -0.385564
1.66103 -0.451986
1.4402 -0.515168
1.20361 -0.573316
0.963852 -0.629134
0.717788 -0.68843
0.358158 -0.755496
0.184652 -0.82817
-0.0393281 -0.896139
-0.310629 -0.944253
-0.578775 -0.959425
-0.84692 -0.937194
-1.10876 -0.884044
-1.35482 -0.814049
-1.58511 -0.741893
-1.78701 -0.676415
-1.93843 -0.618253
-2.07092 -0.562391
-2.18134 -0.503335
-2.26336 -0.439265
-2.35169 -0.372684
-2.3927 -0.307756
-2.40532 -0.246779
-2.39901 -0.188539
-2.38008 -0.129621
-2.33907 -0.0673821
-2.26967 -0.00212609
-2.18449 0.0632416
-2.09301 0.12572
-1.97629 0.184797
-1.8501 0.242969
-1.70183 0.303698
-1.55356 0.368404
-1.38006 0.435001
-1.22232 0.499346
-0.932096 0.558721
-0.831147 0.614647
-0.657642 0.672476
-0.449434 0.737418
-0.231764 0.809323
-0.0204 0.879866
0.194116 0.934574
0.414942 0.959105
0.629458 0.94633
0.856592 0.90001
1.06164 0.832847
1.26354 0.760085
1.43389 0.692504
1.57585 0.632789
1.68311 0.576934
1.77144 0.519067
1.82823 0.456198
1.86293 0.389867
1.88186 0.324167
1.87555 0.262145
1.84085 0.203485
1.79668 0.145079
1.71466 0.083803
1.62633 0.0191198
1.51907 -0.0465565
1.4055 -0.10996
1.27301 -0.169778
1.13105 -0.227838
0.989088 -0.287643
0.812428 -0.351383
0.638922 -0.417859
0.459108 -0.483167
0.272982 -0.543875
0.0616193 -0.600286
-0.143433 -0.657026
-0.35164 -0.719851
-0.559847 -0.790421
-0.771209 -0.862539
-0.98888 -0.922845
-1.19393 -0.95624
-1.40845 -0.953181
-1.61981 -0.914573
-1.8154 -0.851298
-2.01099 -0.778669
-2.17187 -0.709153
-2.30437 -0.647592
-2.40847 -0.591325
-2.48103 -0.53444
-2.53466 -0.472887
-2.56936 -0.407099
-2.57252 -0.340842
-2.57252 -0.277752
-2.53466 -0.218448
-2.48419 -0.160331
-2.41163 -0.0999799
-2.32961 -0.0360424
-2.22235 0.0297086
-2.11194 0.0939433
-1.97629 0.154633
-1.83117 0.21283
-1.66713 0.271869
-1.49993 0.334559
-1.31065 0.400636
-1.12768 0.466661
-0.935251 0.528717
-0.704961 0.58594
-0.48729 0.642003
-0.26331 0.702843
-0.0551015 0.771662
0.172033 0.844436
0.405478 0.909293
0.632613 0.950889
0.859748 0.95761
1.0995 0.92747
1.32033 0.869143
1.538 0.797503
1.72728 0.726375
1.8787 0.662765
2.0112 0.605664
2.10899 0.549476
2.17839 0.489275
2.22571 0.424301
2.25726 0.357745
2.25726 0.29363
2.24148 0.233495
2.20047 0.175422
2.13738 0.1159
2.05221 0.0528351
1.96072 -0.0127521
1.84084 -0.0776726
1.71781 -0.139308
1.56955 -0.197882
1.42128 -0.256357
1.24777 -0.31798
1.07111 -0.383413
0.894448 -0.449874
0.708324 -0.51321
0.500117 -0.571503
0.298219 -0.627312
0.0837032 -0.686406
-0.140278 -0.753211
-0.34533 -0.825825
-0.559847 -0.894172
-0.774364 -0.943163
-1.00781 -0.959525
-1.22548 -0.938455
-1.44315 -0.886107
-1.64505 -0.816409
-1.83117 -0.744142
-1.99522 -0.678397
-2.11825 -0.620059
-2.21604 -0.56422
-2.29175 -0.505322
-2.35485 -0.441393
-2.38639 -0.374826
-2.40217 -0.309792
-2.38008 -0.248688
-2.34538 -0.190408
-2.29175 -0.131565
-2.23181 -0.0694472
-2.15926 -0.00425205
-2.06146 0.0611665
-1.94474 0.123763
-1.82171 0.182924
-1.66713 0.241069
-1.51571 0.301675
-1.36113 0.366267
-1.18762 0.432865
-1.01412 0.497342
-0.834301 0.556881
-0.648176 0.612847
-0.436815 0.670519
-0.231762 0.735193
-0.0235559 0.806959
0.20358 0.877752
0.424404 0.933216
0.642076 0.958885
0.866055 0.947314
1.08688 0.901912
1.28878 0.835178
1.47806 0.76239
1.64526 0.694554
1.78721 0.634623
1.89763 0.578739
1.96703 0.521008
2.02697 0.458299
2.05852 0.39202
2.07744 0.326237
2.06167 0.264082
2.04274 0.205353
1.99858 0.146996
1.90709 0.0858389
1.84084 0.0212402
1.73359 -0.0444584
1.61686 -0.107972
1.49068 -0.167893
1.35503 -0.225957
1.20676 -0.285656
1.04587 -0.349268
0.875522 -0.415708
0.695706 -0.481121
0.433869 -0.541998
0.323456 -0.598495
0.121559 -0.655126
-0.061412 -0.717693
-0.263309 -0.788065
-0.458898 -0.860313
-0.667104 -0.921246
-0.891086 -0.955706
-1.09929 -0.95387
-1.3075 -0.916282
-1.51571 -0.853567
-1.69868 -0.781013
-1.85641 -0.711275
-1.9889 -0.649466
-2.09301 -0.593118
-2.16241 -0.536337
-2.20658 -0.474953
-2.25705 -0.409252
-2.26021 -0.342943
-2.24759 -0.279722
-2.21289 -0.220323
-2.16241 -0.162225
-2.10247 -0.101984
-2.0173 -0.0381497
-1.92266 0.0275938
-1.81855 0.0919232
-1.69237 0.152728
-1.55041 0.21096
-1.39583 0.269917
-1.2381 0.332473
-1.0709 0.398482
-0.887932 0.464577
-0.71127 0.526798
-0.518835 0.584143
-0.329556 0.64015
-0.127658 0.700757
0.0805485 0.769336
0.288756 0.842132
0.493808 0.907484
0.708324 0.950051
0.919686 0.957988
1.13105 0.928952
1.34872 0.871317
1.53484 0.799866
1.70519 0.728567
1.844 0.664692
1.95757 0.607458
2.0459 0.551334
2.09006 0.4913
2.12792 0.426445
2.13738 0.359872
2.13423 0.295634
2.10268 0.235384
2.06167 0.1773
1.99227 0.117872
1.9134 0.0549224
1.80299 -0.0106279
1.66734 -0.0756217
1.538 -0.137378
1.38973 -0.196014
1.23515 -0.254435
1.0648 -0.315927
0.884986 -0.381265
0.714633 -0.447758
0.515891 -0.511247
0.323457 -0.569687
0.11525 -0.625494
-0.0866495 -0.684391
-0.294856 -0.750933
-0.515682 -0.823476
-0.720734 -0.892185
-0.944714 -0.942037
-1.15292 -0.959585
-1.35797 -0.939683
-1.57249 -0.888152
-1.75862 -0.818768
-1.93528 -0.746398
-2.08354 -0.680386
-2.19396 -0.621868
-2.28229 -0.566046
-2.34538 -0.507302
-2.38639 -0.443518
-2.41163 -0.376971
-2.40532 -0.311833
-2.38955 -0.2506
-2.33907 -0.192277
-2.27598 -0.133506
-2.19396 -0.0715089
-2.08985 -0.00637776
-1.97944 0.0590882
-1.85325 0.121803
-1.72076 0.181051
-1.55987 0.239172
-1.39583 0.299657
-1.22548 0.364133
-1.0362 0.430727
-0.84692 0.495334
-0.654486 0.555036
-0.452588 0.611049
-0.238072 0.668569
-0.0235559 0.732976
0.197271 0.804595
0.42125 0.875623
0.642077 0.931826
0.859747 0.958626
1.08688 0.948263
1.3014 0.903793
1.51591 0.837502
1.69888 0.764699
1.86608 0.696612
1.99858 0.63646
2.10268 0.580542
2.18155 0.522944
2.24149 0.460396
2.27303 0.394173
2.27619 0.328312
2.26988 0.266023
2.23833 0.207221
2.19417 0.14891
2.1153 0.0878709
2.02381 0.0233595
1.89763 -0.0423578
1.77144 -0.10598
1.64526 -0.166006
1.48437 -0.224077
1.33295 -0.283673
1.15628 -0.347156
0.989089 -0.413557
0.815582 -0.47907
0.623149 -0.540116
0.42756 -0.596703
0.216199 -0.653233
0.00483625 -0.715545
-0.197061 -0.785711
-0.408423 -0.858075
-0.619784 -0.919619
-0.840611 -0.955132
-1.05828 -0.95452
-1.26964 -0.917964
-1.4747 -0.855826
