data = [-0.0298652 0.0423578
-0.0393281 0.083803
-0.0361746 0.123763
-0.0267105 0.162225
0.00168157 0.199749
0.0300725 0.237277
0.0490006 0.275787
0.10263 0.315927
0.146796 0.357745
0.203579 0.400636
0.260363 0.443518
0.323456 0.485208
0.396013 0.524874
0.471725 0.562391
0.550591 0.598495
0.613683 0.634623
0.69255 0.672476
0.761952 0.713405
0.847129 0.757788
0.929149 0.804595
1.01433 0.851298
1.08688 0.894172
1.17521 0.928952
1.24146 0.951691
1.34556 0.959605
1.41497 0.951691
1.47806 0.928952
1.53484 0.894172
1.58216 0.851298
1.61687 0.804595
1.62317 0.757788
1.61687 0.713405
1.57901 0.672476
1.54746 0.634623
1.48752 0.598495
1.41181 0.562391
1.32664 0.524874
1.21622 0.485208
1.11528 0.443518
0.989088 0.400636
0.843975 0.357745
0.702016 0.315927
0.556902 0.275787
0.38655 0.237277
0.225663 0.199749
0.0521576 0.162225
-0.115039 0.123763
-0.2917 0.083803
-0.462052 0.0423578
-0.648177 8.28793e-17
-0.834301 -0.0423578
-1.01412 -0.083803
-1.18762 -0.123763
-1.36428 -0.162225
-1.54094 -0.199749
-1.7113 -0.237277
-1.87849 -0.275787
-2.04569 -0.315927
-2.20027 -0.357745
-2.35169 -0.400636
-2.49996 -0.443518
-2.64507 -0.485208
-2.77441 -0.524874
-2.90375 -0.562391
-3.0331 -0.598495
-3.14351 -0.634623
-3.2413 -0.672476
-3.34225 -0.713405
-3.43058 -0.757788
-3.5126 -0.804595
-3.58832 -0.851298
-3.64825 -0.894172
-3.70188 -0.928952
-3.75551 -0.951691
-3.79337 -0.959605
-3.83753 -0.951691
-3.85646 -0.928952
-3.85646 -0.894172
-3.84384 -0.851298
-3.80599 -0.804595
-3.74605 -0.757788
-3.66718 -0.713405
-3.55992 -0.672476
-3.43058 -0.634623
-3.28547 -0.598495
-3.11827 -0.562391
-2.93846 -0.524874
-2.73656 -0.485208
-2.53151 -0.443518
-2.30753 -0.400636
-2.08354 -0.357745
-1.82486 -0.315927
-1.59142 -0.275787
-1.31696 -0.237277
-1.04566 -0.199749
-0.780673 -0.162225
-0.503062 -0.123763
-0.228608 -0.083803
0.0521564 -0.0423578
0.348695 -1.75585e-15
0.629459 0.0423578
0.92284 0.083803
1.22253 0.123763
1.5033 0.162225
1.83454 0.199749
2.17524 0.237277
2.33928 0.275787
2.59481 0.315927
2.83141 0.357745
3.07747 0.400636
3.3046 0.443518
3.51912 0.485208
3.73048 0.524874
3.92922 0.562391
4.1185 0.598495
4.29201 0.634623
4.4529 0.672476
4.59485 0.713405
4.72735 0.757788
4.86615 0.804595
4.97972 0.851298
5.02704 0.894172
5.09644 0.928952
5.15954 0.951691
5.21001 0.959605
5.23525 0.951691
5.25733 0.928952
5.26364 0.894172
5.24156 0.851298
5.18162 0.804595
5.11222 0.757788
4.99865 0.713405
4.87246 0.672476
4.68949 0.634623
4.50968 0.598495
4.25415 0.562391
4.0838 0.524874
3.85351 0.485208
3.6043 0.443518
3.33615 0.400636
3.06485 0.357745
2.77147 0.315927
2.48755 0.275787
2.16893 0.237277
1.86293 0.199749
1.54431 0.162225
1.23515 0.123763
0.907068 0.083803
0.594757 0.0423578
0.272982 1.45131e-14
-0.0487933 -0.0423578
-0.364259 -0.083803
-0.692343 -0.123763
-0.992034 -0.162225
-1.29804 -0.199749
-1.60719 -0.237277
-1.91004 -0.275787
-2.20342 -0.315927
-2.47157 -0.357745
-2.74602 -0.400636
-3.0047 -0.443518
-3.26023 -0.485208
-3.49999 -0.524874
-3.72712 -0.562391
-3.94795 -0.598495
-4.15931 -0.634623
-4.35174 -0.672476
-4.53471 -0.713405
-4.71137 -0.757788
-4.87226 -0.804595
-5.01422 -0.851298
-5.14987 -0.894172
-5.27921 -0.928952
-5.38963 -0.951691
-5.48742 -0.959605
-5.56629 -0.951691
-5.61992 -0.928952
-5.66408 -0.894172
-5.68616 -0.851298
-5.68301 -0.804595
-5.64831 -0.757788
-5.59152 -0.713405
-5.49688 -0.672476
-5.38647 -0.634623
-5.24136 -0.598495
-5.08678 -0.562391
-4.90381 -0.524874
-4.70822 -0.485208
-4.48739 -0.443518
-4.2571 -0.400636
-4.01104 -0.357745
-3.75236 -0.315927
-3.48421 -0.275787
-3.20029 -0.237277
-2.91637 -0.199749
-2.61353 -0.162225
-2.32014 -0.123763
-1.99837 -0.083803
-1.68606 -0.0423578
-1.35482 -2.82415e-14
-1.03304 0.0423578
-0.704961 0.083803
-0.38634 0.123763
-0.0551015 0.162225
0.29191 0.199749
0.613685 0.237277
0.948078 0.275787
1.26039 0.315927
1.58216 0.357745
1.8787 0.400636
2.16893 0.443518
2.456 0.485208
2.73361 0.524874
2.99545 0.562391
3.26044 0.598495
3.50019 0.634623
3.72733 0.672476
3.94184 0.713405
4.14374 0.757788
4.34248 0.804595
4.50653 0.851298
4.67057 0.894172
4.81568 0.928952
4.95764 0.951691
5.08067 0.959605
5.17846 0.951691
5.27311 0.928952
5.34251 0.894172
5.38036 0.851298
5.39929 0.804595
5.37405 0.757788
5.32989 0.713405
5.2668 0.672476
5.16269 0.634623
5.03651 0.598495
4.88193 0.562391
4.69896 0.524874
4.50968 0.485208
4.29516 0.443518
4.06172 0.400636
3.81566 0.357745
3.55698 0.315927
3.29198 0.275787
2.9986 0.237277
2.71468 0.199749
2.41499 0.162225
2.12161 0.123763
1.80614 0.083803
1.49068 0.0423578
1.17206 3.989e-14
0.850284 -0.0423578
0.279292 -0.083803
0.0710845 -0.123763
-0.124503 -0.162225
-0.395805 -0.199749
-0.701806 -0.237277
-1.01412 -0.275787
-1.32012 -0.315927
-1.62612 -0.357745
-1.91004 -0.400636
-2.19711 -0.443518
-2.46841 -0.485208
-2.72394 -0.524874
-2.97947 -0.562391
-3.22868 -0.598495
-3.47475 -0.634623
-3.68611 -0.672476
-3.89747 -0.713405
-4.09622 -0.757788
-4.29811 -0.804595
-4.48108 -0.851298
-4.65144 -0.894172
-4.80601 -0.928952
-4.95113 -0.951691
-5.08678 -0.959605
-5.20666 -0.951691
-5.30445 -0.928952
-5.38647 -0.894172
-5.44641 -0.851298
-5.4748 -0.804595
-5.48426 -0.757788
-5.45587 -0.713405
-5.40855 -0.672476
-5.32653 -0.634623
-5.21612 -0.598495
-5.09309 -0.562391
-4.93535 -0.524874
-4.78078 -0.485208
-4.5915 -0.443518
-4.3896 -0.400636
-4.17508 -0.357745
-3.85962 -0.315927
-3.70819 -0.275787
-3.44636 -0.237277
-3.16875 -0.199749
-2.88483 -0.162225
-2.59144 -0.123763
-2.29175 -0.083803
-1.97944 -0.0423578
-1.66713 -5.31207e-14
-1.3422 0.0423578
-1.02043 0.083803
-0.695497 0.123763
-0.364258 0.162225
-0.0235547 0.199749
0.310839 0.237277
0.638923 0.275787
0.973315 0.315927
1.29509 0.357745
1.61056 0.400636
1.9134 0.443518
2.20994 0.485208
2.50332 0.524874
2.78409 0.562391
3.05854 0.598495
3.30776 0.634623
3.54751 0.672476
3.76834 0.713405
3.98916 0.757788
4.20052 0.804595
4.38349 0.851298
4.557 0.894172
4.71158 0.928952
4.85669 0.951691
4.9671 0.959605
5.09014 0.951691
5.18162 0.928952
5.24787 0.894172
5.28888 0.851298
5.30465 0.804595
5.28572 0.757788
5.24787 0.713405
5.19108 0.672476
5.0996 0.634623
4.97972 0.598495
4.84407 0.562391
4.67056 0.524874
4.47498 0.485208
4.26993 0.443518
4.05226 0.400636
3.8125 0.357745
3.56013 0.315927
3.31091 0.275787
3.03646 0.237277
2.75569 0.199749
2.46547 0.162225
2.17524 0.123763
1.87555 0.083803
1.57585 0.0423578
1.25408 9.43771e-15
0.944922 -0.0423578
0.629458 -0.083803
0.313993 -0.123763
0.00168157 -0.162225
-0.316939 -0.199749
-0.619786 -0.237277
-0.928942 -0.275787
-1.22863 -0.315927
-1.52517 -0.357745
-1.8154 -0.400636
-2.0867 -0.443518
-2.36431 -0.485208
-2.63245 -0.524874
-2.88798 -0.562391
-3.14351 -0.598495
-3.38642 -0.634623
-3.60724 -0.672476
-3.83122 -0.713405
-4.03628 -0.757788
-4.2224 -0.804595
-4.39591 -0.851298
-4.5631 -0.894172
-4.7303 -0.928952
-4.88488 -0.951691
-5.01737 -0.959605
-5.14041 -0.951691
-5.24136 -0.928952
-5.32022 -0.894172
-5.38332 -0.851298
-5.42117 -0.804595
-5.4401 -0.757788
-5.41802 -0.713405
-5.35492 -0.672476
-5.2729 -0.634623
-5.17195 -0.598495
-5.05839 -0.562391
-4.91958 -0.524874
-4.75869 -0.485208
-4.57572 -0.443518
-4.3896 -0.400636
-4.16877 -0.357745
-3.93533 -0.315927
-3.69557 -0.275787
-3.44005 -0.237277
-3.16875 -0.199749
-2.89745 -0.162225
-2.61353 -0.123763
-2.3233 -0.083803
-2.02045 -0.0423578
-1.71445 4.96759e-14
-1.40845 0.0423578
-1.09614 0.083803
-0.768053 0.123763
-0.452588 0.162225
-0.111885 0.199749
0.20989 0.237277
0.531664 0.275787
0.856594 0.315927
1.17206 0.357745
1.48121 0.400636
1.78721 0.443518
2.08691 0.485208
2.37714 0.524874
2.65159 0.562391
2.93235 0.598495
3.18157 0.634623
3.42132 0.672476
3.65477 0.713405
3.86929 0.757788
4.07118 0.804595
4.26677 0.851298
4.44028 0.894172
4.61063 0.928952
4.7589 0.951691
4.89455 0.959605
5.01442 0.951691
5.11222 0.928952
5.18477 0.894172
5.23209 0.851298
5.25733 0.804595
5.25418 0.757788
5.21948 0.713405
5.15323 0.672476
5.0649 0.634623
4.95449 0.598495
4.80937 0.562391
4.64848 0.524874
4.45289 0.485208
4.24469 0.443518
4.03964 0.400636
