data = [-0.0487933 0.0715089
-0.0456386 0.139308
-0.0487933 0.203485
-0.0330187 0.267968
0.00168157 0.33665
0.0490006 0.409252
0.105785 0.481121
0.168878 0.547614
0.250899 0.609253
0.345538 0.672476
0.455952 0.744142
0.569519 0.823476
0.686241 0.898085
0.809272 0.948263
0.941768 0.95761
1.07426 0.922845
1.20361 0.855826
1.32664 0.776329
1.42128 0.700757
1.48121 0.634623
1.52223 0.573316
1.538 0.509277
1.51907 0.439265
1.48437 0.366267
1.43705 0.295634
1.35503 0.229721
1.25723 0.166006
1.12789 0.0999799
0.989088 0.0297086
0.828201 -0.0423578
0.664158 -0.111944
0.487499 -0.1773
0.298219 -0.241069
0.105785 -0.307756
-0.0929576 -0.379117
-0.301165 -0.451986
-0.506218 -0.521008
-0.720734 -0.584143
-0.941561 -0.645723
-1.15608 -0.713405
-1.37375 -0.790421
-1.58827 -0.869143
-1.79647 -0.931826
-2.01099 -0.959285
-2.23497 -0.942037
-2.44318 -0.886107
-2.64507 -0.809323
-2.81227 -0.730767
-2.95107 -0.660845
-3.04572 -0.598495
-3.10565 -0.536337
-3.14666 -0.468741
-3.15297 -0.396327
-3.13405 -0.324167
-3.08988 -0.256357
-3.02679 -0.192277
-2.93846 -0.127672
-2.82173 -0.0590882
-2.68608 0.0127521
-2.53782 0.083803
-2.36431 0.15082
-2.18134 0.214702
-1.95736 0.279722
-1.74284 0.349268
-1.50624 0.422155
-1.26649 0.493319
-1.01096 0.558721
-0.749126 0.620059
-0.465206 0.684391
-0.200216 0.757788
0.0742392 0.837502
0.351849 0.909293
0.632613 0.953181
0.919686 0.95452
1.20361 0.912839
1.48437 0.842132
1.73674 0.76239
1.96388 0.68843
2.15316 0.623679
2.3172 0.562391
2.44338 0.497342
2.53802 0.426445
2.60427 0.353501
2.64213 0.283673
2.65159 0.218448
2.64844 0.154633
2.6232 0.0878709
2.57588 0.0169982
2.49386 -0.0549224
2.38975 -0.123763
2.26357 -0.188539
2.13107 -0.252516
1.9828 -0.320038
1.82823 -0.39202
1.66418 -0.464577
1.48437 -0.532538
1.26985 -0.594911
1.06165 -0.657026
0.843975 -0.726375
0.626303 -0.804595
0.380241 -0.881964
0.146796 -0.939683
-0.089803 -0.959525
-0.335866 -0.934574
-0.591394 -0.873477
-0.944714 -0.79514
-1.08667 -0.717693
-1.21286 -0.649466
-1.3769 -0.587736
-1.49362 -0.524874
-1.57249 -0.456198
-1.65136 -0.383413
-1.70183 -0.311833
-1.72391 -0.244873
-1.73338 -0.181051
-1.70183 -0.1159
-1.66398 -0.0465565
-1.59773 0.0254774
-1.53148 0.0959595
-1.47154 0.162225
-1.30435 0.225957
-1.23179 0.291629
-1.08983 0.362001
-0.94787 0.435001
-0.809065 0.505322
-0.648176 0.569687
-0.490445 0.63096
-0.310629 0.696612
-0.127658 0.771662
0.0710845 0.851298
0.266673 0.919619
0.455952 0.956736
0.66416 0.950051
0.862902 0.901912
1.05218 0.82817
1.21622 0.748662
1.37711 0.676415
1.54115 0.612847
1.57901 0.551334
1.6421 0.485208
1.68627 0.413557
1.69888 0.340842
1.69573 0.271869
1.65472 0.207221
1.6074 0.143159
1.52222 0.0756217
1.43074 0.00425205
1.31402 -0.0673821
1.16575 -0.135444
1.03956 -0.199749
0.884986 -0.264082
0.736717 -0.332473
0.56321 -0.404945
0.377085 -0.477014
0.194115 -0.543875
0.00483625 -0.605664
-0.197062 -0.668569
-0.405269 -0.739652
-0.619786 -0.818768
-0.831147 -0.894172
-1.04566 -0.94633
-1.26649 -0.958327
-1.47154 -0.925958
-1.6829 -0.860313
-1.86272 -0.781013
-2.02676 -0.704937
-2.1561 -0.638303
-2.2539 -0.576934
-2.32014 -0.51321
-2.37377 -0.443518
-2.40217 -0.370543
-2.40532 -0.299657
-2.37693 -0.233495
-2.33907 -0.169778
-2.26651 -0.103984
-2.18449 -0.033933
-2.08985 0.0381497
-1.96367 0.107972
-1.84064 0.173543
-1.68921 0.237277
-1.52202 0.303698
-1.35797 0.374826
-1.16239 0.447758
-0.966798 0.517121
-0.777518 0.580542
-0.575621 0.642003
-0.361102 0.709153
-0.143431 0.785711
0.0837032 0.864753
0.29822 0.928952
0.531664 0.958885
0.755644 0.944253
0.98278 0.890178
1.19414 0.814049
1.37711 0.735193
1.54431 0.664692
1.66734 0.602078
1.76198 0.540116
1.83138 0.472887
1.87239 0.400636
1.88816 0.328312
1.87554 0.260212
1.85662 0.196014
1.81561 0.131565
1.73989 0.0632416
1.65156 -0.00850309
1.52853 -0.0797198
1.4055 -0.146996
1.27932 -0.21096
1.11843 -0.275787
0.951233 -0.345048
0.790344 -0.417859
0.610529 -0.489275
0.414941 -0.555036
0.222507 -0.616449
0.0206096 -0.680386
-0.193906 -0.753211
-0.408423 -0.832847
-0.597702 -0.90565
-0.809064 -0.951691
-1.01412 -0.955706
-1.22548 -0.916282
-1.4116 -0.846732
-1.6135 -0.767015
-1.76808 -0.692504
-1.90688 -0.627312
-1.99837 -0.566046
-2.06146 -0.501343
-2.09616 -0.430727
-2.11194 -0.357745
-2.11509 -0.287643
-2.08354 -0.222199
-2.03938 -0.158434
-1.96051 -0.0919232
-1.87218 -0.0212402
-1.76808 0.0507449
-1.65767 0.119839
-1.52202 0.184797
-1.36113 0.248688
-1.21286 0.315927
-1.04566 0.387715
-0.85954 0.460396
-0.686033 0.528717
-0.487289 0.591325
-0.291701 0.653233
-0.0929576 0.722017
0.108939 0.799866
0.307684 0.877752
0.525355 0.937194
0.730408 0.959605
0.944924 0.937194
1.15628 0.877752
1.48437 0.799866
1.58847 0.722017
1.6768 0.653233
1.79668 0.591325
1.87239 0.528717
1.91971 0.460396
1.9481 0.387715
1.93864 0.315927
1.91025 0.248688
1.86293 0.184797
1.8093 0.119839
1.71781 0.0507449
1.60109 -0.0212402
1.45282 -0.0919232
1.32664 -0.158434
1.17521 -0.222199
1.00171 -0.287643
0.828202 -0.357745
0.648385 -0.430727
0.455952 -0.501343
0.257208 -0.566046
0.0521564 -0.627312
-0.159206 -0.692504
-0.364258 -0.767015
-0.578775 -0.846732
-0.7996 -0.916282
-1.01727 -0.955706
-1.2381 -0.951691
-1.45577 -0.90565
-1.65136 -0.832847
-1.83117 -0.753211
-1.9826 -0.680386
-2.09932 -0.616449
-2.17818 -0.555036
-2.23181 -0.489275
-2.27282 -0.417859
-2.28229 -0.345048
-2.26967 -0.275787
-2.2255 -0.21096
-2.17188 -0.146996
-2.06146 -0.0797198
-2.00152 -0.00850309
-1.88796 0.0632416
-1.76177 0.131565
-1.61035 0.196014
-1.43684 0.260212
-1.26964 0.328312
-1.09298 0.400636
-0.897394 0.472887
-0.708114 0.540116
-0.499908 0.602078
-0.294855 0.664692
-0.0803389 0.735193
0.131023 0.814049
0.348694 0.890178
0.572674 0.944253
0.7935 0.958885
1.0301 0.928952
1.24462 0.864753
1.45282 0.785711
1.62948 0.709153
1.76829 0.642003
1.88501 0.580542
1.96703 0.517121
2.02697 0.447758
2.05221 0.374826
2.05852 0.303698
2.03328 0.237277
1.99858 0.173543
1.92918 0.107972
1.85031 0.0381497
1.73043 -0.033933
1.60109 -0.103984
1.46544 -0.169778
1.30455 -0.233495
1.14998 -0.299657
0.973316 -0.370543
0.784037 -0.443518
0.591603 -0.51321
0.399169 -0.576934
0.194115 -0.638303
-0.0235559 -0.704937
-0.234918 -0.781013
-0.446279 -0.860313
-0.663951 -0.925958
-0.89424 -0.958327
-1.11507 -0.94633
-1.33905 -0.894172
-1.5441 -0.818768
-1.72392 -0.739652
-1.8848 -0.668569
-2.00152 -0.605664
-2.0867 -0.543875
-2.1561 -0.477014
-2.19396 -0.404945
-2.2192 -0.332473
-2.20027 -0.264082
-2.16872 -0.199749
-2.10878 -0.135444
-2.03938 -0.0673821
-1.9542 0.00425205
-1.84379 0.0756217
-1.71445 0.143159
-1.58195 0.207221
-1.41476 0.271869
-1.24125 0.340842
-1.06459 0.413557
-0.872158 0.485208
-0.695497 0.551334
-0.4936 0.612847
-0.285392 0.676415
-0.0740307 0.748662
0.146796 0.82817
0.358157 0.901912
0.582138 0.950051
0.806118 0.956736
1.02694 0.919619
1.23831 0.851298
1.4402 0.771662
1.61371 0.696612
1.73989 0.63096
1.84715 0.569687
1.91971 0.505322
1.97019 0.435001
1.98911 0.362001
1.98911 0.291629
1.96072 0.225957
1.91656 0.162225
1.83769 0.0959595
1.75567 0.0254774
1.62948 -0.0465565
1.5033 -0.1159
1.35818 -0.181051
1.20045 -0.244873
1.05218 -0.311833
0.862902 -0.383413
0.686241 -0.456198
0.500116 -0.524874
0.295064 -0.587736
0.0900114 -0.649466
-0.12135 -0.717693
-0.339021 -0.79514
-0.544073 -0.873477
-0.749126 -0.934574
-0.963642 -0.959525
-1.18131 -0.939683
-1.38006 -0.881964
-1.59142 -0.804595
-1.76492 -0.726375
-1.90688 -0.657026
-2.02045 -0.594911
-2.09932 -0.532538
-2.14979 -0.464577
-2.18765 -0.39202
-2.18449 -0.320038
-2.17818 -0.252516
-2.12771 -0.188539
-2.06462 -0.123763
-1.97944 -0.0549224
-1.87849 0.0169982
-1.75862 0.0878709
-1.62297 0.154633
-1.48101 0.218448
-1.31066 0.283673
-1.14346 0.353501
-0.960489 0.426445
-0.771209 0.497342
-0.578776 0.562391
-0.373722 0.623679
-0.165515 0.68843
0.0269202 0.76239
0.263519 0.842132
0.48119 0.912839
0.692552 0.95452
0.92915 0.953181
1.15944 0.909293
1.37396 0.837502
1.56955 0.757788
1.73043 0.684391
1.85662 0.620059
1.97019 0.558721
2.03959 0.493319
2.08691 0.422155
2.11845 0.349268
2.10899 0.279722
