data = [0.00168157 0.0590882
0.00168157 0.1159
-0.00462663 0.169778
0.026919 0.222199
0.0490006 0.275787
0.0805474 0.332473
0.124714 0.39202
0.19096 0.451986
0.254054 0.509277
0.329767 0.562391
0.414941 0.612847
0.503272 0.664692
0.594758 0.722017
0.695706 0.785711
0.790345 0.851298
0.900759 0.909293
0.995398 0.948263
1.10266 0.959285
1.21307 0.939683
1.3361 0.894172
1.41812 0.832847
1.50961 0.767015
1.56639 0.704937
1.6074 0.649466
1.6074 0.598495
1.60109 0.547614
1.56008 0.493319
1.50961 0.435001
1.45282 0.374826
1.35818 0.315927
1.25093 0.260212
1.12474 0.207221
0.985934 0.154633
0.834511 0.0999799
0.673624 0.0423578
0.500117 -0.0169982
0.310839 -0.0756217
0.134178 -0.131565
-0.0582562 -0.184797
-0.256999 -0.237277
-0.458897 -0.291629
-0.66395 -0.349268
-0.859538 -0.409252
-1.08352 -0.468741
-1.26649 -0.524874
-1.46523 -0.576934
-1.65767 -0.627312
-1.86272 -0.680386
-2.05831 -0.739652
-2.2539 -0.804595
-2.44318 -0.869143
-2.62615 -0.922845
-2.79965 -0.95452
-2.96369 -0.956736
-3.13089 -0.928952
-3.28231 -0.877752
-3.41796 -0.814049
-3.51576 -0.748662
-3.60409 -0.68843
-3.64825 -0.634623
-3.67034 -0.584143
-3.65141 -0.532538
-3.60409 -0.477014
-3.55361 -0.417859
-3.46213 -0.357745
-3.36749 -0.299657
-3.23815 -0.244873
-3.09303 -0.192277
-2.92584 -0.139308
-2.7334 -0.083803
-2.5252 -0.0254774
-2.32014 0.033933
-2.0867 0.0919232
-1.8501 0.146996
-1.60088 0.199749
-1.32958 0.252516
-1.06144 0.307756
-0.783828 0.366267
-0.490444 0.426445
-0.215989 0.485208
0.0773939 0.540116
0.361313 0.591325
0.65785 0.642003
0.941769 0.696612
1.22884 0.757788
1.51907 0.823476
1.79668 0.886107
2.07113 0.934574
2.33612 0.958327
2.59165 0.951691
2.85349 0.916282
3.09324 0.860313
3.30145 0.79514
3.48442 0.730767
3.639 0.672476
3.75572 0.620059
3.83458 0.569687
3.89137 0.517121
3.9103 0.460396
3.9166 0.400636
3.88821 0.340842
3.84405 0.283673
3.76834 0.229721
3.64846 0.1773
3.52858 0.123763
3.38663 0.0673821
3.2352 0.00850309
3.04277 -0.0507449
2.77147 -0.107972
2.60427 -0.162225
2.39606 -0.214702
2.16262 -0.267968
1.9134 -0.324167
1.66103 -0.383413
1.38973 -0.443518
1.10581 -0.501343
0.837666 -0.555036
0.544283 -0.605664
0.260364 -0.657026
-0.0235547 -0.713405
-0.307474 -0.776329
-0.591392 -0.842132
-0.957333 -0.901912
-1.16554 -0.944253
-1.43684 -0.959605
-1.71445 -0.944253
-1.99206 -0.901912
-2.24128 -0.842132
-2.46841 -0.776329
-2.66085 -0.713405
-2.83751 -0.657026
-2.98578 -0.605664
-3.09619 -0.555036
-3.18137 -0.501343
-3.25077 -0.443518
-3.29178 -0.383413
-3.32648 -0.324167
-3.276 -0.267968
-3.276 -0.214702
-3.21607 -0.162225
-3.14351 -0.107972
-3.06149 -0.0507449
-2.93846 0.00850309
-2.82173 0.0673821
-2.68293 0.123763
-2.53466 0.1773
-2.34223 0.229721
-2.14979 0.283673
-1.9542 0.340842
-1.73969 0.400636
-1.51255 0.460396
-1.28226 0.517121
-1.04566 0.569687
-0.796447 0.620059
-0.550383 0.672476
-0.285392 0.730767
-0.0267105 0.79514
0.235127 0.860313
0.493808 0.916282
0.755644 0.951691
1.01748 0.958327
1.27932 0.934574
1.53484 0.886107
1.76198 0.823476
1.98596 0.757788
2.17524 0.696612
2.32666 0.642003
2.44023 0.591325
2.51909 0.540116
2.59165 0.485208
2.63582 0.426445
2.6579 0.366267
2.65475 0.307756
2.64213 0.252516
2.60427 0.199749
2.53802 0.146996
2.45916 0.0919232
2.35821 0.033933
2.22256 -0.0254774
2.08375 -0.083803
1.93548 -0.139308
1.76513 -0.192277
1.59163 -0.244873
1.39604 -0.299657
1.20045 -0.357745
0.992244 -0.417859
0.771419 -0.477014
0.550591 -0.532538
0.317147 -0.584143
0.0805474 -0.634623
-0.152895 -0.68843
-0.395805 -0.748662
-0.635558 -0.814049
-0.875312 -0.877752
-1.12453 -0.928952
-1.36744 -0.956736
-1.61035 -0.95452
-1.85641 -0.922845
-2.07724 -0.869143
-2.28229 -0.804595
-2.47788 -0.739652
-2.63876 -0.680386
-2.75549 -0.627312
-2.85013 -0.576934
-2.93215 -0.524874
-2.99209 -0.468741
-3.02679 -0.409252
-3.02048 -0.349268
-3.00471 -0.291629
-2.96685 -0.237277
-2.9006 -0.184797
-2.82173 -0.131565
-2.71447 -0.0756217
-2.60091 -0.0169982
-2.48103 0.0423578
-2.34223 0.0999799
-2.18765 0.154633
-2.01414 0.207221
-1.8154 0.260212
-1.6135 0.315927
-1.40529 0.374826
-1.19078 0.435001
-0.957333 0.493319
-0.727043 0.547614
-0.48098 0.598495
-0.231762 0.649466
0.026919 0.704937
0.282447 0.767015
0.541128 0.832847
0.809271 0.894172
1.05533 0.939683
1.31717 0.959285
1.56954 0.948263
1.8093 0.909293
2.04274 0.851298
2.26357 0.785711
2.44338 0.722017
2.61058 0.664692
2.73992 0.612847
2.82825 0.562391
2.90081 0.509277
2.93866 0.451986
2.9639 0.39202
2.95759 0.332473
2.94813 0.275787
2.91027 0.222199
2.84718 0.169778
2.75885 0.1159
2.64213 0.0590882
2.52856 5.89066e-14
2.37398 -0.0590882
2.20994 -0.1159
2.04274 -0.169778
1.85662 -0.222199
1.65788 -0.275787
1.28563 -0.332473
1.13736 -0.39202
0.998552 -0.451986
0.7935 -0.509277
0.547436 -0.562391
0.29191 -0.612847
0.0426936 -0.664692
-0.222298 -0.722017
-0.48098 -0.785711
-0.736507 -0.851298
-0.992034 -0.909293
-1.24756 -0.948263
-1.51255 -0.959285
-1.77439 -0.939683
-2.03622 -0.894172
-2.24759 -0.832847
-2.46526 -0.767015
-2.65454 -0.704937
-2.80596 -0.649466
-2.93846 -0.598495
-3.02679 -0.547614
-3.10881 -0.493319
-3.16559 -0.435001
-3.18137 -0.374826
-3.19083 -0.315927
-3.1719 -0.260212
-3.1372 -0.207221
-3.07095 -0.154633
-2.99524 -0.0999799
-2.90375 -0.0423578
-2.78703 0.0169982
-2.63246 0.0756217
-2.50627 0.131565
-2.35169 0.184797
-2.1561 0.237277
-1.96051 0.291629
-1.75546 0.349268
-1.53148 0.409252
-1.31065 0.468741
-1.08036 0.524874
-0.730197 0.576934
-0.591392 0.627312
-0.332711 0.680386
-0.070876 0.739652
0.197271 0.804595
0.462261 0.869143
0.724097 0.922845
0.992243 0.95452
1.25723 0.956736
1.53169 0.928952
1.79037 0.877752
2.0112 0.814049
2.22887 0.748662
2.40553 0.68843
2.56326 0.634623
2.68945 0.584143
2.79039 0.532538
2.85349 0.477014
2.89134 0.417859
2.91658 0.357745
2.92605 0.299657
2.89765 0.244873
2.85664 0.192277
2.78409 0.139308
2.70206 0.083803
2.59165 0.0254774
2.45916 -0.033933
2.32666 -0.0919232
2.16893 -0.146996
2.00489 -0.199749
1.82823 -0.252516
1.62633 -0.307756
1.42759 -0.366267
1.20991 -0.426445
0.992243 -0.485208
0.752489 -0.540116
0.519044 -0.591325
0.276138 -0.642003
0.0206108 -0.696612
-0.222298 -0.757788
-0.48098 -0.823476
-0.736507 -0.886107
-1.0015 -0.934574
-1.26334 -0.958327
-1.51571 -0.951691
-1.76493 -0.916282
-2.0173 -0.860313
-2.23181 -0.79514
-2.43687 -0.730767
-2.61037 -0.672476
-2.74918 -0.620059
-2.8659 -0.569687
-2.95423 -0.517121
-3.02994 -0.460396
-3.07411 -0.400636
-3.09934 -0.340842
-3.1025 -0.283673
-3.07726 -0.229721
-3.02048 -0.1773
-2.96054 -0.123763
-2.87536 -0.0673821
-2.78072 -0.00850309
-2.66716 0.0507449
-2.54097 0.107972
-2.38639 0.162225
-2.22235 0.214702
-2.03307 0.267968
-1.83748 0.324167
-1.64505 0.383413
-1.43053 0.443518
-1.20024 0.501343
-0.969951 0.555036
-0.730197 0.605664
-0.480981 0.657026
-0.228608 0.713405
0.0300737 0.776329
0.288755 0.842132
0.553747 0.901912
0.809274 0.944253
1.06795 0.959605
1.33295 0.944253
1.58847 0.901912
1.83453 0.842132
2.0459 0.776329
2.25095 0.713405
2.41184 0.657026
2.5538 0.605664
2.66421 0.555036
2.73677 0.501343
2.80301 0.443518
2.84402 0.383413
2.86926 0.324167
2.86295 0.267968
2.83456 0.214702
2.77147 0.162225
2.68945 0.107972
2.59481 0.0507449
2.46862 -0.00850309
2.34244 -0.0673821
2.20363 -0.123763
2.05536 -0.1773
1.88186 -0.229721
1.7052 -0.283673
1.51592 -0.340842
1.31402 -0.400636
1.10266 -0.460396
0.891294 -0.517121
0.661005 -0.569687
0.430716 -0.620059
0.190961 -0.672476
-0.0424828 -0.730767
-0.291701 -0.79514
-0.540919 -0.860313
-0.780673 -0.916282
-1.0362 -0.951691
-1.29488 -0.958327
-1.55041 -0.934574
-1.79332 -0.886107
-2.00152 -0.823476
-2.20973 -0.757788
-2.38639 -0.696612
-2.53151 -0.642003
-2.664 -0.591325
-2.75549 -0.540116
-2.83751 -0.485208
-2.88483 -0.426445
-2.90691 -0.366267
-2.91953 -0.307756
-2.90376 -0.252516
-2.86275 -0.199749
-2.80912 -0.146996
-2.73025 -0.0919232
-2.64192 -0.033933
-2.5315 0.0254774
-2.40532 0.083803
-2.25705 0.139308
-2.10563 0.192277
-1.91635 0.244873
-1.73969 0.299657
-1.5441 0.357745
-1.33274 0.417859
-1.10876 0.477014
-0.89424 0.532538
-0.670259 0.584143
