data = [-0.0140918 0.0817633
-0.0172465 0.158434
-0.00462779 0.231607
0.017455 0.307756
0.0521564 0.389867
0.0963208 0.472887
0.159414 0.549476
0.24459 0.620059
0.336075 0.694554
0.446488 0.781013
0.5569 0.871317
0.686241 0.939683
0.815582 0.958626
0.957541 0.919619
1.0995 0.83982
1.232 0.748662
1.34241 0.666627
1.40866 0.594911
1.46229 0.522944
1.47175 0.443518
1.46229 0.359872
1.43389 0.279722
1.3708 0.205353
1.29509 0.131565
1.20045 0.0528351
1.0648 -0.0297086
0.913377 -0.10996
0.755644 -0.184797
0.582138 -0.258283
0.383394 -0.33665
0.190961 -0.420007
-0.0235559 -0.501343
-0.228608 -0.575126
-0.449434 -0.645723
-0.670259 -0.724191
-0.906859 -0.814049
-1.13715 -0.90001
-1.37059 -0.953181
-1.60088 -0.950889
-1.84379 -0.894172
-2.07093 -0.806959
-2.25705 -0.717693
-2.42109 -0.64015
-2.54728 -0.569687
-2.64823 -0.495334
-2.71448 -0.413557
-2.74918 -0.33039
-2.7681 -0.252516
-2.74287 -0.179176
-2.69555 -0.103984
-2.62299 -0.0233595
-2.52204 0.0590882
-2.40847 0.137378
-2.26336 0.21096
-2.09616 0.285656
-1.9195 0.366267
-1.72391 0.449874
-1.52202 0.528717
-1.30119 0.600286
-1.06775 0.672476
-0.827992 0.755496
-0.57562 0.846732
-0.313783 0.924416
-0.0424828 0.959285
0.241436 0.9359
0.515891 0.864753
0.790345 0.773993
1.0301 0.68843
1.232 0.614647
1.41497 0.543875
1.56639 0.466661
1.68311 0.383413
1.7746 0.301675
1.82823 0.225957
1.85662 0.152728
1.85662 0.0756217
1.83769 -0.00637776
1.78721 -0.0878709
1.71781 -0.164117
1.63579 -0.237277
1.52222 -0.313878
1.41497 -0.396327
1.27616 -0.47907
1.12158 -0.555036
0.957542 -0.625494
0.784036 -0.700757
0.591602 -0.788065
0.402324 -0.877752
0.206735 -0.943163
-0.0140907 -0.95761
-0.234917 -0.914573
-0.446278 -0.832847
-0.635558 -0.741893
-0.818528 -0.660845
-0.960487 -0.589531
-1.0709 -0.517121
-1.15923 -0.437134
-1.20024 -0.353501
-1.24756 -0.273826
-1.24125 -0.199749
-1.22863 -0.12572
-1.19393 -0.0465565
-1.13084 0.0360424
-1.04566 0.1159
-0.951023 0.190408
-0.786981 0.264082
-0.704961 0.342943
-0.600857 0.426445
-0.446278 0.507302
-0.294855 0.580542
-0.118194 0.651347
0.0553111 0.730767
0.235127 0.821123
0.430714 0.90565
0.638922 0.955132
0.83451 0.948263
1.0301 0.888152
1.23831 0.799866
1.40866 0.711275
1.57585 0.634623
1.65787 0.56422
1.75251 0.489275
1.79668 0.407099
1.81245 0.324167
1.80299 0.246779
1.7746 0.173543
1.70835 0.0979717
1.62948 0.0169982
1.50014 -0.0653135
1.36134 -0.143159
1.22253 -0.216574
1.04587 -0.291629
0.862901 -0.372684
0.578982 -0.456198
0.459107 -0.53444
0.260364 -0.605664
0.0521553 -0.678397
-0.171825 -0.76239
-0.402114 -0.853567
-0.635559 -0.928952
-0.881622 -0.959585
-1.12768 -0.931826
-1.36744 -0.858075
-1.58826 -0.767015
-1.7807 -0.682385
-1.93843 -0.609253
-2.04884 -0.538229
-2.14033 -0.460396
-2.20027 -0.376971
-2.23497 -0.295634
-2.23182 -0.220323
-2.20658 -0.146996
-2.15926 -0.0694472
-2.08355 0.0127521
-1.98575 0.0939433
-1.8848 0.169778
-1.75231 0.242969
-1.58826 0.320038
-1.42738 0.402791
-1.24756 0.485208
-1.05197 0.560558
-0.856384 0.63096
-0.635558 0.707041
-0.424197 0.79514
-0.187597 0.884044
0.036383 0.94633
0.279291 0.95624
0.519044 0.909293
0.749335 0.825825
0.97016 0.735193
1.15313 0.655126
1.30771 0.584143
1.42759 0.511247
1.52222 0.430727
1.5727 0.347156
1.59163 0.267968
1.59478 0.194146
1.56639 0.119839
1.52538 0.0402549
1.44967 -0.0423578
1.34556 -0.121803
1.22253 -0.196014
1.09004 -0.269917
0.932304 -0.349268
0.768262 -0.432865
0.591602 -0.51321
0.405477 -0.58594
0.209888 -0.657026
-0.00147312 -0.737418
-0.225454 -0.82817
-0.43997 -0.911079
-0.66395 -0.956736
-0.897394 -0.945309
-1.12768 -0.881964
-1.34535 -0.79278
-1.54725 -0.704937
-1.70814 -0.629134
-1.84379 -0.558721
-1.93843 -0.483167
-2.00468 -0.400636
-2.03938 -0.31798
-2.06146 -0.241069
-2.03307 -0.167893
-1.99206 -0.0919232
-1.92581 -0.0106279
-1.84695 0.0715089
-1.72707 0.14891
-1.60088 0.222199
-1.4463 0.297643
-1.27595 0.379117
-1.10245 0.462489
-0.906858 0.540116
-0.711269 0.611049
-0.496753 0.684391
-0.279081 0.769336
-0.0487921 0.860313
0.178342 0.933216
0.421252 0.959525
0.667314 0.92747
0.903913 0.851298
1.13105 0.760085
1.34241 0.676415
1.49383 0.603871
1.62317 0.532538
1.72097 0.454094
1.78406 0.370543
1.82192 0.289634
1.83138 0.214702
1.81245 0.141235
1.77775 0.0632416
1.70519 -0.0191198
1.60425 -0.0999799
1.48437 -0.175422
1.35503 -0.248688
1.20045 -0.326237
1.03325 -0.409252
0.843974 -0.4913
0.648385 -0.566046
0.455951 -0.63646
0.23828 -0.713405
0.026919 -0.80223
-0.209681 -0.890178
-0.436815 -0.949175
-0.673414 -0.95452
-0.913168 -0.903793
-1.15292 -0.818768
-1.37375 -0.728567
-1.55356 -0.649466
-1.72076 -0.578739
-1.84379 -0.505322
-1.92581 -0.424301
-1.96998 -0.340842
-1.99522 -0.262145
-2.00468 -0.188539
-1.99206 -0.113924
-1.96051 -0.033933
-1.89111 0.048652
-1.80594 0.127672
-1.70183 0.201617
-1.57249 0.275787
-1.42107 0.355622
-1.26333 0.439265
-1.07721 0.519067
-0.900549 0.591325
-0.689186 0.662765
-0.471516 0.744142
-0.260153 0.835178
-0.0330187 0.916282
0.200425 0.957988
0.44018 0.942037
0.676778 0.875623
0.903913 0.785711
1.11212 0.69868
1.29193 0.623679
1.43389 0.553187
1.54431 0.477014
1.61371 0.394173
1.66418 0.311833
1.6768 0.235384
1.67996 0.162225
1.64526 0.0858389
1.59794 0.00425205
1.51592 -0.0776726
1.41181 -0.154633
1.29509 -0.227838
1.1626 -0.303698
0.995399 -0.385564
0.834511 -0.468741
0.661004 -0.545747
0.455952 -0.616449
0.200425 -0.690462
0.0458471 -0.776329
-0.159206 -0.866955
-0.380031 -0.937194
-0.597703 -0.959105
-0.831147 -0.922845
-1.04882 -0.844436
-1.26649 -0.753211
-1.44946 -0.670519
-1.59457 -0.598495
-1.7176 -0.526798
-1.80278 -0.447758
-1.86903 -0.364133
-1.90373 -0.283673
-1.90373 -0.20909
-1.88165 -0.135444
-1.83433 -0.0570068
-1.76492 0.0254774
-1.67975 0.10598
-1.56618 0.181051
-1.44 0.254435
-1.28226 0.332473
-1.12453 0.415708
-0.947868 0.497342
-0.761744 0.571503
-0.563 0.642003
-0.357948 0.719851
-0.137122 0.809323
0.0773939 0.896139
0.301375 0.951691
0.534819 0.952455
0.771417 0.898085
0.998553 0.811687
1.20676 0.722017
1.37396 0.64386
1.52223 0.573316
1.62633 0.499346
1.70519 0.417859
1.75567 0.334559
1.7746 0.256357
1.76198 0.182924
1.73043 0.107972
1.66734 0.0275938
1.5727 -0.0549224
1.4686 -0.133506
1.34556 -0.207221
1.18783 -0.281695
1.03956 -0.362001
0.856594 -0.44564
0.670469 -0.524874
0.465417 -0.596703
0.257209 -0.668569
0.0426936 -0.750933
-0.178134 -0.842132
-0.408423 -0.921246
-0.638712 -0.958885
-0.881622 -0.938455
-1.11191 -0.869143
-1.33274 -0.778669
-1.53148 -0.692504
-1.69552 -0.618253
-1.83748 -0.547614
-1.93843 -0.470816
-2.00152 -0.387715
-2.03622 -0.305725
-2.05515 -0.229721
-2.04569 -0.156535
-2.01414 -0.0797198
-1.9542 0.00212609
-1.87218 0.083803
-1.75862 0.160331
-1.63558 0.233495
-1.4747 0.309792
-1.32327 0.39202
-1.14977 0.474953
-0.96995 0.551334
-0.758589 0.621868
-0.553536 0.696612
-0.33902 0.78336
-0.10873 0.873477
0.112095 0.940877
0.358159 0.958327
0.597912 0.917964
0.834511 0.837502
1.0648 0.746398
1.26354 0.664692
1.41812 0.593118
1.54115 0.521008
1.64526 0.441393
1.70204 0.357745
1.7399 0.277752
1.73359 0.203485
1.72097 0.129621
1.6768 0.0507449
1.60425 -0.0318217
1.49383 -0.111944
1.38342 -0.186668
1.25408 -0.260212
1.0995 -0.338744
0.941768 -0.422155
0.755643 -0.503335
0.569518 -0.576934
0.364466 -0.647592
0.14995 -0.726375
-0.0614109 -0.816409
-0.282236 -0.901912
-0.521991 -0.95387
-0.742816 -0.950051
-0.98257 -0.892185
-1.2097 -0.804595
-1.4116 -0.715545
-1.58195 -0.638303
-1.72707 -0.567868
-1.82171 -0.493319
-1.90057 -0.411405
-1.94789 -0.328312
-1.96998 -0.2506
-1.96367 -0.1773
-1.92266 -0.101984
-1.86587 -0.0212402
-1.78385 0.0611665
-1.67344 0.139308
-1.55356 0.21283
-1.41476 0.287643
-1.25703 0.368404
-1.08036 0.451986
-0.89424 0.53063
-0.692342 0.602078
-0.484134 0.674442
-0.272773 0.757788
-0.0551015 0.849019
0.178342 0.925958
0.414942 0.959425
0.648387 0.934574
0.891295 0.862539
1.12158 0.771662
1.32348 0.686406
1.49383 0.612847
1.62948 0.541998
1.73043 0.464577
1.8093 0.381265
1.84084 0.299657
1.84715 0.224077
1.83454 0.15082
1.80614 0.0735671
1.74305 -0.00850309
1.64526 -0.089899
