data = [0.026919 0.0979717
0.0332284 0.188539
0.0426924 0.277752
0.0647751 0.374826
0.105785 0.474953
0.159414 0.566046
0.241435 0.651347
0.336075 0.748662
0.449643 0.858075
0.566364 0.942037
0.702015 0.95387
0.859747 0.886107
1.01433 0.778669
1.16575 0.676415
1.26985 0.589531
1.34872 0.501343
1.39604 0.402791
1.39288 0.303698
1.38342 0.21283
1.34241 0.123763
1.2667 0.0275938
1.1689 -0.0715089
1.0301 -0.164117
0.878677 -0.252516
0.714634 -0.347156
0.534818 -0.447758
0.336075 -0.541998
0.118404 -0.627312
-0.105576 -0.719851
-0.348485 -0.82817
-0.588239 -0.924416
-0.834301 -0.959285
-1.08352 -0.911079
-1.33589 -0.809323
-1.57249 -0.702843
-1.77439 -0.612847
-1.93843 -0.526798
-2.05831 -0.430727
-2.14979 -0.33039
-2.20027 -0.237277
-2.24128 -0.14891
-2.23497 -0.0549224
-2.20027 0.0444584
-2.13717 0.139308
-2.04569 0.227838
-1.91635 0.320038
-1.78701 0.420007
-1.63558 0.517121
-1.45261 0.603871
-1.26333 0.692504
-1.05197 0.797503
-0.831147 0.901912
-0.600857 0.957988
-0.35795 0.931826
-0.099267 0.83982
0.146796 0.730767
0.377085 0.63646
0.566364 0.551334
0.730407 0.458299
0.859747 0.357745
0.954387 0.262145
1.00802 0.173543
1.03325 0.0817633
1.03956 -0.0169982
1.02063 -0.113924
0.976469 -0.203485
0.907067 -0.29363
0.799808 -0.39202
0.69255 -0.4913
0.56321 -0.580542
0.418096 -0.666627
0.263518 -0.767015
0.0963219 -0.875623
-0.0834948 -0.950051
-0.272774 -0.947314
-0.471517 -0.869143
-0.660796 -0.760085
-0.843767 -0.660845
-0.985726 -0.575126
-1.09298 -0.485208
-1.15923 -0.385564
-1.21917 -0.287643
-1.22863 -0.197882
-1.21917 -0.107972
-1.18131 -0.0106279
-1.11191 0.0878709
-1.03305 0.179176
-0.916323 0.267968
-0.768054 0.364133
-0.62294 0.464577
-0.455743 0.556881
-0.266464 0.642003
-0.0803389 0.737418
0.127868 0.846732
0.332922 0.9359
0.560056 0.956736
0.784037 0.896139
1.00486 0.790421
1.22569 0.686406
1.40235 0.598495
1.55693 0.511247
1.65472 0.413557
1.71781 0.313878
1.74936 0.222199
1.74305 0.133506
1.70204 0.0381497
1.66734 -0.0611665
1.59478 -0.154633
1.49383 -0.242969
1.35187 -0.33665
1.18783 -0.437134
1.01117 -0.532538
0.821891 -0.618253
0.607375 -0.709153
0.383394 -0.816409
0.153105 -0.916282
-0.0898041 -0.959585
-0.345331 -0.919619
-0.607167 -0.821123
-0.94787 -0.713405
-1.08667 -0.621868
-1.27911 -0.536337
-1.42422 -0.441393
-1.53148 -0.340842
-1.60404 -0.246779
-1.64189 -0.158434
-1.66082 -0.0653135
-1.64505 0.033933
-1.61035 0.129621
-1.53779 0.218448
-1.44315 0.309792
-1.34536 0.409252
-1.21286 0.507302
-1.05513 0.594911
-0.887931 0.682385
-0.701806 0.785711
-0.509373 0.892185
-0.30432 0.955706
-0.0740307 0.938455
0.137332 0.851298
0.370776 0.741893
0.566364 0.645723
0.739871 0.560558
0.862902 0.468741
0.976469 0.368404
1.03956 0.271869
1.08373 0.182924
1.08688 0.0919232
1.07111 -0.00637776
1.02694 -0.103984
0.957541 -0.194146
0.859747 -0.283673
0.739871 -0.381265
0.61053 -0.481121
0.449643 -0.571503
0.282446 -0.657026
0.0900114 -0.755496
-0.108731 -0.864753
-0.326403 -0.945309
-0.550383 -0.951691
-0.777518 -0.879866
-1.00465 -0.771662
-1.21286 -0.670519
-1.38637 -0.584143
-1.52833 -0.495334
-1.62297 -0.396327
-1.70183 -0.297643
-1.73653 -0.207221
-1.74915 -0.117872
-1.72707 -0.0212402
-1.6829 0.0776726
-1.60719 0.169778
-1.51255 0.258283
-1.37375 0.353501
-1.25072 0.454094
-1.08667 0.547614
-0.906859 0.632789
-0.71127 0.726375
-0.515681 0.835178
-0.298011 0.928952
-0.0740307 0.958626
0.159414 0.90565
0.408632 0.80223
0.632612 0.696612
0.831356 0.607458
0.995399 0.521008
1.10581 0.424301
1.20676 0.324167
1.26985 0.231607
1.28878 0.143159
1.28247 0.048652
1.23831 -0.0507449
1.18783 -0.145079
1.09319 -0.233495
0.995397 -0.326237
0.850283 -0.426445
0.69886 -0.522944
0.537974 -0.609253
0.358158 -0.69868
0.162569 -0.804595
-0.0519468 -0.907484
-0.253845 -0.958885
-0.48098 -0.92747
-0.698651 -0.832847
-0.916323 -0.724191
-1.1056 -0.63096
-1.26018 -0.545747
-1.38006 -0.451986
-1.45892 -0.351383
-1.51886 -0.256357
-1.53779 -0.167893
-1.53148 -0.0756217
-1.49362 0.0233595
-1.43369 0.119839
-1.35167 0.20909
-1.22232 0.299657
-1.08983 0.398482
-0.941559 0.497342
-0.768053 0.58594
-0.578775 0.672476
-0.389495 0.773993
-0.197061 0.881964
0.0206096 0.952455
0.244591 0.944253
0.487499 0.862539
0.714633 0.753211
0.913377 0.655126
1.09635 0.569687
1.21938 0.47907
1.32348 0.379117
1.39288 0.281695
1.43074 0.192277
1.42759 0.101984
1.39919 0.00425205
1.33295 -0.0939433
1.25723 -0.184797
1.14998 -0.273826
1.02064 -0.370543
0.862903 -0.470816
0.698861 -0.562391
0.5222 -0.647592
0.323458 -0.744142
0.11525 -0.853567
-0.10873 -0.939683
-0.326403 -0.955132
-0.569311 -0.890178
-0.815373 -0.78336
-1.0362 -0.680386
-1.23179 -0.593118
-1.38006 -0.505322
-1.49678 -0.407099
-1.57249 -0.307756
-1.60088 -0.216574
-1.62927 -0.127672
-1.62927 -0.0318217
-1.58826 0.0673821
-1.52833 0.160331
-1.4463 0.248688
-1.33274 0.342943
-1.20024 0.443518
-1.05197 0.538229
-0.881622 0.623679
-0.708114 0.715545
-0.51568 0.823476
-0.307474 0.921246
-0.0803378 0.959525
0.149952 0.914573
0.389705 0.814049
0.619995 0.707041
0.809274 0.616449
0.979625 0.53063
1.10897 0.435001
1.20045 0.334559
1.26039 0.241069
1.27932 0.152728
1.27616 0.0590882
1.24777 -0.0402549
1.19099 -0.135444
1.10581 -0.224077
0.995398 -0.315927
0.84713 -0.415708
0.724098 -0.51321
0.563211 -0.600286
0.389705 -0.68843
0.194116 -0.79278
-0.00462663 -0.898085
-0.222298 -0.957193
-0.455742 -0.934574
-0.679722 -0.844436
-0.906859 -0.735193
-1.10876 -0.64015
-1.26964 -0.555036
-1.38637 -0.462489
-1.47785 -0.362001
-1.53779 -0.266023
-1.57249 -0.1773
-1.57249 -0.0858389
-1.55041 0.0127521
-1.49362 0.10996
-1.42107 0.199749
-1.32012 0.289634
-1.175 0.387715
-1.03935 0.487244
-0.887931 0.576934
-0.698651 0.662765
-0.512526 0.76239
-0.307474 0.871317
-0.0992659 0.948263
0.131023 0.949175
0.364469 0.873477
0.601067 0.764699
0.815583 0.664692
0.989089 0.578739
1.1342 0.489275
1.232 0.389867
1.32348 0.291629
1.35818 0.201617
1.37396 0.111944
1.33925 0.0148756
1.29509 -0.083803
1.22253 -0.175422
1.11843 -0.264082
0.989089 -0.359872
0.84082 -0.460396
0.686242 -0.553187
0.500117 -0.638303
0.301375 -0.732976
0.105786 -0.842132
-0.111885 -0.933216
-0.332711 -0.95761
-0.566155 -0.90001
-0.805909 -0.79514
-1.01727 -0.690462
-1.19709 -0.602078
-1.35167 -0.515168
-1.45892 -0.417859
-1.5441 -0.31798
-1.59142 -0.225957
-1.61666 -0.137378
-1.6135 -0.0423578
-1.5788 0.0570068
-1.51571 0.15082
-1.42107 0.239172
-1.30435 0.332473
-1.15923 0.432865
-1.01412 0.528717
-0.843765 0.614647
-0.654486 0.704937
-0.455743 0.811687
-0.244381 0.912839
-0.0298652 0.959425
0.200425 0.922845
0.430716 0.825825
0.661006 0.717693
0.866058 0.625494
1.02379 0.540116
1.15944 0.44564
1.24777 0.345048
1.31086 0.2506
1.33295 0.162225
1.33295 0.0694472
1.29825 -0.0297086
1.23831 -0.12572
1.15629 -0.214702
1.04903 -0.305725
0.925996 -0.404945
0.777727 -0.503335
0.613685 -0.591325
0.437024 -0.678397
0.24459 -0.781013
0.0426924 -0.888152
-0.16867 -0.95452
-0.395805 -0.940877
-0.629248 -0.855826
-0.850075 -0.746398
-1.06459 -0.649466
-1.22863 -0.56422
-1.36113 -0.472887
-1.46208 -0.372684
-1.52833 -0.275787
-1.56303 -0.186668
-1.56618 -0.0959595
-1.54725 0.00212609
-1.49678 0.0999799
-1.41476 0.190408
-1.31381 0.279722
-1.17816 0.376971
-1.0362 0.477014
-0.872156 0.567868
-0.69865 0.653233
-0.509372 0.750933
-0.313783 0.860313
-0.0992682 0.943163
0.118405 0.953181
0.364467 0.884044
0.604219 0.776329
0.825046 0.674442
1.01117 0.587736
1.1689 0.499346
1.27932 0.400636
1.36449 0.301675
1.41497 0.21096
1.43074 0.121803
1.41497 0.0254774
1.37711 -0.0735671
1.30771 -0.166006
1.22253 -0.254435
1.10581 -0.349268
0.976469 -0.449874
0.831356 -0.543875
0.661005 -0.629134
0.468571 -0.722017
0.263519 -0.830511
0.0647751 -0.925958
-0.159205 -0.959105
-0.389495 -0.909293
-0.619784 -0.806959
-0.837456 -0.700757
-1.02673 -0.611049
-1.17816 -0.524874
-1.29488 -0.428587
-1.38321 -0.328312
-1.43368 -0.235384
-1.47154 -0.146996
-1.45261 -0.0528351
-1.42738 0.0465565
-1.36428 0.141235
-1.28542 0.229721
-1.175 0.3221
-1.04251 0.422155
-0.894239 0.519067
-0.733352 0.605664
-0.547227 0.694554
