data = [-0.0456375 0.083803
-0.0487921 0.162225
-0.0424828 0.237277
-0.0140907 0.315927
0.0174561 0.400636
0.0647751 0.485208
0.134178 0.562391
0.219353 0.634623
0.317147 0.713405
0.424406 0.804595
0.534819 0.894172
0.670469 0.951691
0.802964 0.951691
0.960697 0.894172
1.0995 0.804595
1.232 0.713405
1.33295 0.634623
1.40235 0.562391
1.44336 0.485208
1.4339 0.400636
1.43074 0.315927
1.38658 0.237277
1.32348 0.162225
1.21938 0.083803
1.11528 3.74831e-16
0.970161 -0.083803
0.806119 -0.162225
0.642077 -0.237277
0.455953 -0.315927
0.260364 -0.400636
0.0521553 -0.485208
-0.159206 -0.562391
-0.383187 -0.634623
-0.604012 -0.713405
-0.843767 -0.804595
-1.08037 -0.894172
-1.3075 -0.951691
-1.55041 -0.951691
-1.78701 -0.894172
-2.01414 -0.804595
-2.21289 -0.713405
-2.38955 -0.634623
-2.5252 -0.562391
-2.63245 -0.485208
-2.6987 -0.400636
-2.74287 -0.315927
-2.75549 -0.237277
-2.73025 -0.162225
-2.68608 -0.083803
-2.61668 -1.65759e-16
-2.5252 0.083803
-2.40847 0.162225
-2.27598 0.237277
-2.10247 0.315927
-1.92897 0.400636
-1.73653 0.485208
-1.52517 0.562391
-1.29804 0.634623
-1.06775 0.713405
-0.827992 0.804595
-0.578775 0.894172
-0.313784 0.951691
-0.0330199 0.951691
0.241435 0.894172
0.515891 0.804595
0.774572 0.713405
1.00171 0.634623
1.19414 0.562391
1.35187 0.485208
1.4686 0.400636
1.56008 0.315927
1.62948 0.237277
1.66418 0.162225
1.67996 0.083803
1.66734 -5.88944e-15
1.62633 -0.083803
1.57585 -0.162225
1.50014 -0.237277
1.38658 -0.315927
1.26985 -0.400636
1.14051 -0.485208
1.00801 -0.562391
0.850283 -0.634623
0.679932 -0.713405
0.490652 -0.804595
0.295064 -0.894172
0.0900114 -0.951691
-0.11504 -0.951691
-0.332712 -0.894172
-0.531455 -0.804595
-0.720734 -0.713405
-0.878467 -0.634623
-1.0015 -0.562391
-1.09929 -0.485208
-1.15923 -0.400636
-1.20655 -0.315927
-1.23494 -0.237277
-1.24441 -0.162225
-1.21917 -0.083803
-1.15608 -3.51169e-15
-1.08667 0.083803
-0.995189 0.162225
-0.881622 0.237277
-0.742817 0.315927
-0.62294 0.400636
-0.417886 0.485208
-0.313783 0.562391
-0.15605 0.634623
0.0143003 0.713405
0.206735 0.804595
0.373931 0.894172
0.578983 0.951691
0.777727 0.951691
0.982779 0.894172
1.17837 0.804595
1.34872 0.713405
1.51276 0.634623
1.62948 0.562391
1.70204 0.485208
1.74936 0.400636
1.75567 0.315927
1.74621 0.237277
1.72097 0.162225
1.68311 0.083803
1.61686 1.70097e-14
1.47806 -0.083803
1.33925 -0.162225
1.17837 -0.237277
1.01117 -0.315927
0.83451 -0.400636
0.632613 -0.485208
0.42756 -0.562391
0.206735 -0.634623
-0.0140918 -0.713405
-0.244381 -0.804595
-0.490444 -0.894172
-0.720734 -0.951691
-1.06459 -0.951691
-1.20655 -0.894172
-1.44946 -0.804595
-1.65767 -0.713405
-1.84379 -0.634623
-1.9826 -0.562391
-2.09616 -0.485208
-2.16557 -0.400636
-2.22235 -0.315927
-2.24759 -0.237277
-2.23181 -0.162225
-2.19711 -0.083803
-2.13086 -2.90261e-14
-2.04884 0.083803
-1.93843 0.162225
-1.82171 0.237277
-1.65767 0.315927
-1.49047 0.400636
-1.31696 0.485208
-1.12768 0.562391
-0.928942 0.634623
-0.71758 0.713405
-0.509373 0.804595
-0.294856 0.894172
-0.0582573 0.951691
0.181497 0.951691
0.42125 0.894172
0.661004 0.804595
0.884985 0.713405
1.07111 0.634623
1.21622 0.562391
1.32979 0.485208
1.41497 0.400636
1.45913 0.315927
1.49383 0.237277
1.49068 0.162225
1.45282 0.083803
1.40866 4.36967e-14
1.31717 -0.083803
1.22569 -0.162225
1.0995 -0.237277
0.960696 -0.315927
0.812427 -0.400636
0.642076 -0.485208
0.465416 -0.562391
0.272982 -0.634623
0.0616193 -0.713405
-0.143433 -0.804595
-0.367412 -0.894172
-0.581928 -0.951691
-0.818528 -0.951691
-1.04882 -0.894172
-1.2728 -0.804595
-1.46839 -0.713405
-1.63874 -0.634623
-1.77754 -0.562391
-1.87849 -0.485208
-1.94474 -0.400636
-1.99837 -0.315927
-2.01414 -0.237277
-2.00152 -0.162225
-1.9542 -0.083803
-1.90057 -5.64829e-14
-1.80909 0.083803
-1.70814 0.162225
-1.58511 0.237277
-1.42422 0.315927
-1.26018 0.400636
-1.08352 0.485208
-0.884775 0.562391
-0.686033 0.634623
-0.468361 0.713405
-0.247536 0.804595
-0.0235547 0.894172
0.209889 0.951691
0.449643 0.951691
0.689397 0.894172
0.932305 0.804595
1.14998 0.713405
1.33926 0.634623
1.50014 0.562391
1.61686 0.485208
1.69889 0.400636
1.75882 0.315927
1.77775 0.237277
1.77775 0.162225
1.74621 0.083803
1.69573 6.78129e-14
1.6074 -0.083803
1.50961 -0.162225
1.38027 -0.237277
1.23515 -0.315927
1.08688 -0.400636
0.907067 -0.485208
0.724097 -0.562391
0.5222 -0.634623
0.313993 -0.713405
0.0994766 -0.804595
-0.130813 -0.894172
-0.354795 -0.951691
-0.600856 -0.951691
-0.840611 -0.894172
-1.07405 -0.804595
-1.29173 -0.713405
-1.4747 -0.634623
-1.62612 -0.562391
-1.73653 -0.485208
-1.82802 -0.400636
-1.87534 -0.315927
-1.90688 -0.237277
-1.91004 -0.162225
-1.89427 -0.083803
-1.8501 -7.97801e-14
-1.77754 0.083803
-1.67975 0.162225
-1.46523 0.237277
-1.3769 0.315927
-1.2728 0.400636
-1.12453 0.485208
-0.960487 0.562391
-0.777517 0.634623
-0.575619 0.713405
-0.370567 0.804595
-0.15605 0.894172
0.0647751 0.951691
0.295066 0.951691
0.531664 0.894172
0.758799 0.804595
0.973316 0.713405
1.16575 0.634623
1.31086 0.562391
1.43389 0.485208
1.51592 0.400636
1.56008 0.315927
1.58532 0.237277
1.58847 0.162225
1.56008 0.083803
1.51907 9.42742e-14
1.43074 -0.083803
1.32664 -0.162225
1.20991 -0.237277
1.06165 -0.315927
0.910222 -0.400636
0.749336 -0.485208
0.566366 -0.562391
0.38024 -0.634623
0.172033 -0.713405
-0.0267105 -0.804595
-0.241226 -0.894172
-0.455743 -0.951691
-0.670259 -0.951691
-0.894239 -0.894172
-1.13084 -0.804595
-1.32958 -0.713405
-1.49678 -0.634623
-1.67344 -0.562391
-1.746 -0.485208
-1.83117 -0.400636
-1.86587 -0.315927
-1.88796 -0.237277
-1.87218 -0.162225
-1.84379 -0.083803
-1.78385 -1.06241e-13
-1.70814 0.083803
-1.59773 0.162225
-1.47785 0.237277
-1.32012 0.315927
-1.1687 0.400636
-1.00465 0.485208
-0.815372 0.562391
-0.619784 0.634623
-0.408422 0.713405
-0.197061 0.804595
0.0269202 0.894172
0.254055 0.951691
0.490653 0.951691
0.730407 0.894172
0.960696 0.804595
1.17206 0.713405
1.35187 0.634623
1.5033 0.562391
1.61371 0.485208
1.69258 0.400636
1.74305 0.315927
1.76513 0.237277
1.75882 0.162225
1.72097 0.083803
1.67049 8.00974e-14
1.5727 -0.083803
1.47175 -0.162225
1.34556 -0.237277
1.1973 -0.315927
1.02695 -0.400636
0.850285 -0.485208
0.679933 -0.562391
0.474881 -0.634623
0.263519 -0.713405
0.0458471 -0.804595
-0.187597 -0.894172
-0.408423 -0.951691
-0.645022 -0.951691
-0.89424 -0.894172
-1.12453 -0.804595
-1.33905 -0.713405
-1.51886 -0.634623
-1.65451 -0.562391
-1.77439 -0.485208
-1.8501 -0.400636
-1.90373 -0.315927
-1.94159 -0.237277
-1.93528 -0.162225
-1.90688 -0.083803
-1.86272 -1.88754e-14
-1.7807 0.083803
-1.68921 0.162225
-1.56934 0.237277
-1.41476 0.315927
-1.26649 0.400636
-1.09929 0.485208
-0.919478 0.562391
-0.727044 0.634623
-0.531453 0.713405
-0.310629 0.804595
-0.089803 0.894172
0.131022 0.951691
0.367622 0.951691
0.607375 0.894172
0.840819 0.804595
1.04903 0.713405
1.232 0.634623
1.37396 0.562391
1.48752 0.485208
1.56954 0.400636
1.61686 0.315927
1.64526 0.237277
1.66103 0.162225
1.62633 0.083803
1.57585 -3.9768e-14
1.49068 -0.083803
1.38658 -0.162225
1.26039 -0.237277
1.11843 -0.315927
0.967005 -0.400636
0.799808 -0.485208
0.623148 -0.562391
0.440179 -0.634623
0.235125 -0.713405
0.026919 -0.804595
-0.200217 -0.894172
-0.421042 -0.951691
-0.648178 -0.951691
-0.878467 -0.894172
-1.11822 -0.804595
-1.31696 -0.713405
-1.49047 -0.634623
-1.62612 -0.562391
-1.72707 -0.485208
-1.80594 -0.400636
-1.85326 -0.315927
-1.8848 -0.237277
-1.87218 -0.162225
-1.84695 -0.083803
-1.79016 9.93518e-14
-1.7113 0.083803
-1.60404 0.162225
-1.48732 0.237277
-1.33274 0.315927
-1.16554 0.400636
-1.00465 0.485208
-0.81222 0.562391
-0.619786 0.634623
-0.411579 0.713405
-0.193907 0.804595
0.0174538 0.894172
0.250899 0.951691
0.490652 0.951691
0.730406 0.894172
0.97016 0.804595
1.19099 0.713405
1.37396 0.634623
1.53169 0.562391
1.64526 0.485208
1.73359 0.400636
1.78406 0.315927
1.81561 0.237277
1.81876 0.162225
1.78091 0.083803
1.7462 -1.66686e-13
1.64841 -0.083803
1.55062 -0.162225
1.42443 -0.237277
1.27932 -0.315927
1.12789 -0.400636
0.960696 -0.485208
0.784036 -0.562391
0.585293 -0.634623
