data = [-0.0235559 0.0959595
-0.0204012 0.184797
-0.0140918 0.271869
0.00799093 0.366267
0.0490006 0.464577
0.112094 0.555036
0.187806 0.638303
0.282447 0.730767
0.389705 0.837502
0.519045 0.928952
0.654695 0.958885
0.812428 0.909293
0.979625 0.809323
1.11528 0.704937
1.24146 0.616449
1.33295 0.532538
1.38342 0.439265
1.4055 0.340842
1.38973 0.248688
1.35187 0.162225
1.28247 0.0715089
1.18468 -0.0254774
1.05534 -0.119839
0.919686 -0.207221
0.752491 -0.295634
0.572675 -0.39202
0.373931 -0.489275
0.159416 -0.576934
-0.0708749 -0.660845
-0.298009 -0.757788
-0.534609 -0.864753
-0.771208 -0.944253
-1.03304 -0.953181
-1.28226 -0.886107
-1.53148 -0.781013
-1.75231 -0.680386
-1.94159 -0.594911
-2.08354 -0.509277
-2.19396 -0.413557
-2.26652 -0.315927
-2.3233 -0.225957
-2.34223 -0.139308
-2.33592 -0.0465565
-2.29491 0.0507449
-2.22866 0.143159
-2.13717 0.229721
-2.00152 0.320038
-1.85641 0.417859
-1.70183 0.51321
-1.52833 0.598495
-1.33274 0.684391
-1.12453 0.785711
-0.903704 0.890178
-0.673415 0.95452
-0.430507 0.942037
-0.162361 0.860313
0.0900114 0.753211
0.329765 0.657026
0.528508 0.573316
0.686241 0.485208
0.815582 0.387715
0.913376 0.291629
0.982779 0.203485
1.02694 0.1159
1.02694 0.0212402
1.00801 -0.0756217
0.982779 -0.166006
0.92284 -0.252516
0.847129 -0.345048
0.736716 -0.443518
0.616838 -0.536337
0.481188 -0.620059
0.329766 -0.709153
0.162569 -0.814049
-0.0109371 -0.912839
-0.203371 -0.959285
-0.39265 -0.925958
-0.607167 -0.832847
-0.790136 -0.726375
-0.954178 -0.634623
-1.08037 -0.551334
-1.19078 -0.460396
-1.24441 -0.362001
-1.28857 -0.267968
-1.29173 -0.181051
-1.28226 -0.0919232
-1.24125 0.00425205
-1.15923 0.0999799
-1.06144 0.188539
-0.94787 0.275787
-0.796446 0.370543
-0.641868 0.468741
-0.484134 0.558721
-0.304319 0.642003
-0.10873 0.735193
0.0900126 0.842132
0.291911 0.931826
0.515891 0.958327
0.743026 0.90565
0.979625 0.804595
1.18468 0.700757
1.36449 0.612847
1.51276 0.528717
1.61371 0.435001
1.72097 0.33665
1.73359 0.244873
1.71781 0.158434
1.69573 0.0673821
1.66418 -0.0297086
1.56954 -0.123763
1.46859 -0.21096
1.32979 -0.299657
1.17521 -0.396327
1.00171 -0.493319
0.806118 -0.580542
0.610529 -0.664692
0.386549 -0.76239
0.15626 -0.869143
-0.0992682 -0.94633
-0.342176 -0.951691
-0.597703 -0.881964
-0.846921 -0.776329
-1.09298 -0.676415
-1.28542 -0.591325
-1.44 -0.505322
-1.56618 -0.409252
-1.66082 -0.311833
-1.72076 -0.222199
-1.7523 -0.135444
-1.77439 -0.0423578
-1.75546 0.0549224
-1.70183 0.146996
-1.58195 0.233495
-1.50309 0.324167
-1.38637 0.422155
-1.25387 0.517121
-1.08352 0.602078
-0.910014 0.68843
-0.714425 0.790421
-0.525146 0.894172
-0.316939 0.955706
-0.0898041 0.939683
0.146796 0.855826
0.383394 0.748662
0.585293 0.653233
0.768262 0.569687
0.92284 0.481121
1.03325 0.383413
1.09319 0.287643
1.1342 0.199749
1.15944 0.111944
1.13736 0.0169982
1.0995 -0.0797198
1.02379 -0.169778
0.929149 -0.256357
0.812427 -0.349268
0.679932 -0.447758
0.541127 -0.540116
0.364466 -0.623679
0.181497 -0.713405
-0.0235559 -0.818768
-0.222298 -0.916282
-0.449434 -0.959525
-0.667105 -0.922845
-0.903706 -0.82817
-1.11191 -0.722017
-1.3075 -0.63096
-1.46208 -0.547614
-1.57565 -0.456198
-1.65767 -0.357745
-1.7113 -0.264082
-1.73969 -0.1773
-1.73653 -0.0878709
-1.70814 0.00850309
-1.65451 0.103984
-1.56934 0.192277
-1.46208 0.279722
-1.32958 0.374826
-1.175 0.472887
-1.00465 0.562391
-0.818528 0.645723
-0.61663 0.739652
-0.408422 0.846732
-0.193906 0.934574
0.0363842 0.95761
0.279292 0.901912
0.525355 0.799866
0.749335 0.696612
0.948078 0.609253
1.10897 0.524874
1.22253 0.430727
1.31717 0.332473
1.37396 0.241069
1.4055 0.154633
1.4055 0.0632416
1.36449 -0.033933
1.30771 -0.127672
1.22253 -0.214702
1.12474 -0.303698
0.995399 -0.400636
0.84082 -0.497342
0.676778 -0.584143
0.496963 -0.668569
0.301375 -0.767015
0.0931673 -0.873477
-0.118195 -0.948263
-0.348485 -0.950051
-0.569311 -0.877752
-0.796446 -0.771662
-1.0015 -0.672476
-1.16554 -0.587736
-1.30435 -0.501343
-1.40214 -0.404945
-1.46208 -0.307756
-1.50309 -0.218448
-1.5094 -0.131565
-1.49678 -0.0381497
-1.45892 0.0590882
-1.3769 0.15082
-1.29173 0.237277
-1.16239 0.328312
-1.02043 0.426445
-0.869002 0.521008
-0.692343 0.605664
-0.515682 0.692504
-0.320093 0.79514
-0.111887 0.898085
0.0994755 0.956736
0.332919 0.937194
0.56321 0.851298
0.790344 0.744142
0.982779 0.649466
1.14682 0.566046
1.27616 0.477014
1.36765 0.379117
1.42128 0.283673
1.44336 0.196014
1.44967 0.107972
1.41181 0.0127521
1.34556 -0.083803
1.26039 -0.173543
1.14682 -0.260212
1.01433 -0.353501
0.862902 -0.451986
0.689396 -0.543875
0.503272 -0.627312
0.307683 -0.717693
0.0963219 -0.823476
-0.12135 -0.919619
-0.342175 -0.959605
-0.585084 -0.919619
-0.818529 -0.823476
-1.03936 -0.717693
-1.23494 -0.627312
-1.40214 -0.543875
-1.52833 -0.451986
-1.61666 -0.353501
-1.6829 -0.260212
-1.71445 -0.173543
-1.72391 -0.083803
-1.69237 0.0127521
-1.64505 0.107972
-1.57249 0.196014
-1.45577 0.283673
-1.32643 0.379117
-1.17185 0.477014
-1.02674 0.566046
-0.843765 0.649466
-0.651331 0.744142
-0.443124 0.851298
-0.225453 0.937194
0.00799093 0.956736
0.241435 0.898085
0.47488 0.79514
0.702016 0.692504
0.903913 0.605664
1.06795 0.521008
1.18783 0.426445
1.27932 0.328312
1.34556 0.237277
1.35818 0.15082
1.36134 0.0590882
1.32979 -0.0381497
1.26985 -0.131565
1.19099 -0.218448
1.07742 -0.307756
0.957542 -0.404945
0.812428 -0.501343
0.648386 -0.587736
0.471726 -0.672476
0.213045 -0.771662
0.0773939 -0.877752
-0.143431 -0.950051
-0.354793 -0.948263
-0.594548 -0.873477
-0.818528 -0.767015
-1.03305 -0.668569
-1.19078 -0.584143
-1.33274 -0.497342
-1.43369 -0.400636
-1.50309 -0.303698
-1.5441 -0.214702
-1.55041 -0.127672
-1.53779 -0.033933
-1.49993 0.0632416
-1.42738 0.154633
-1.32958 0.241069
-1.2034 0.332473
-1.07406 0.430727
-0.916323 0.524874
-0.742817 0.609253
-0.566157 0.696612
-0.364259 0.799866
-0.159207 0.901912
0.0490018 0.95761
0.276136 0.934574
0.512736 0.846732
0.743025 0.739652
0.948077 0.645723
1.10896 0.562391
1.24146 0.472887
1.34872 0.374826
1.40235 0.279722
1.43074 0.192277
1.42758 0.103984
1.39919 0.00850309
1.33925 -0.0878709
1.25723 -0.1773
1.15313 -0.264082
1.02064 -0.357745
0.869212 -0.456198
0.708325 -0.547614
0.5222 -0.63096
0.313994 -0.722017
0.112095 -0.82817
-0.10873 -0.922845
-0.335867 -0.959525
-0.566156 -0.916282
-0.7996 -0.818768
-1.02043 -0.713405
-1.21601 -0.623679
-1.37375 -0.540116
-1.49678 -0.447758
-1.5788 -0.349268
-1.63874 -0.256357
-1.66397 -0.169778
-1.66082 -0.0797198
-1.62927 0.0169982
-1.56934 0.111944
-1.49047 0.199749
-1.36744 0.287643
-1.24441 0.383413
-1.10876 0.481121
-0.938405 0.569687
-0.758589 0.653233
-0.563001 0.748662
-0.361103 0.855826
-0.143431 0.939683
0.0868579 0.955706
0.332921 0.894172
0.56952 0.790421
0.796655 0.68843
0.989089 0.602078
1.15313 0.517121
1.26985 0.422155
1.35187 0.324167
1.40866 0.233495
1.42443 0.146996
1.42128 0.0549224
1.38658 -0.0423578
1.31086 -0.135444
1.22569 -0.222199
1.12474 -0.311833
0.998552 -0.409252
0.853439 -0.505322
0.683088 -0.591325
0.503272 -0.676415
0.313992 -0.776329
0.112095 -0.881964
-0.105576 -0.951691
-0.335866 -0.94633
-0.566155 -0.869143
-0.790136 -0.76239
-0.998342 -0.664692
-1.16869 -0.580542
-1.30434 -0.493319
-1.40845 -0.396327
-1.4747 -0.299657
-1.51255 -0.21096
-1.52517 -0.123763
-1.49993 -0.0297086
-1.45261 0.0673821
-1.37059 0.158434
-1.28857 0.244873
-1.16554 0.33665
-1.02673 0.435001
-0.869002 0.528717
-0.689186 0.612847
-0.51568 0.700757
-0.316938 0.804595
-0.0961112 0.90565
0.124714 0.958327
0.358158 0.931826
0.601066 0.842132
0.821891 0.735193
1.0301 0.642003
1.19414 0.558721
1.32033 0.468741
1.4402 0.370543
1.50645 0.275787
1.54431 0.188539
1.54746 0.0999799
1.51276 0.00425205
1.45282 -0.0919232
1.37396 -0.181051
1.2667 -0.267968
1.1342 -0.362001
0.998553 -0.460396
0.831356 -0.551334
0.65785 -0.634623
0.462262 -0.726375
0.254055 -0.832847
0.0426936 -0.925958
-0.184442 -0.959285
-0.414731 -0.912839
-0.651331 -0.814049
-0.869002 -0.709153
-1.06144 -0.620059
-1.2097 -0.536337
-1.32327 -0.443518
-1.4116 -0.345048
-1.45892 -0.252516
-1.49362 -0.166006
