data = [0.00483625 0.0878709
0.00799093 0.169778
0.00799093 0.248688
0.0332284 0.332473
0.064774 0.422155
0.121558 0.509277
0.206735 0.587736
0.295064 0.664692
0.396013 0.753211
0.506426 0.851298
0.626303 0.931826
0.758799 0.959285
0.900758 0.919619
1.04903 0.832847
1.18783 0.735193
1.30771 0.649466
1.38026 0.573316
1.4402 0.493319
1.45913 0.404945
1.44967 0.315927
1.41812 0.233495
1.35503 0.154633
1.27616 0.0715089
1.15944 -0.0169982
1.01748 -0.103984
0.869211 -0.184797
0.689396 -0.264082
0.503272 -0.349268
0.29191 -0.439265
0.0963208 -0.524874
-0.111886 -0.602078
-0.335867 -0.680386
-0.578775 -0.771662
-0.81222 -0.869143
-1.04251 -0.942037
-1.2728 -0.956736
-1.51255 -0.90565
-1.75862 -0.814049
-1.97313 -0.717693
-2.16557 -0.634623
-2.30437 -0.558721
-2.41794 -0.477014
-2.50627 -0.387715
-2.56305 -0.299657
-2.57567 -0.218448
-2.5599 -0.139308
-2.53151 -0.0549224
-2.4558 0.033933
-2.36115 0.119839
-2.25074 0.199749
-2.11825 0.279722
-1.9542 0.366267
-1.78385 0.456198
-1.59142 0.540116
-1.39267 0.616449
-1.17185 0.696612
-0.938405 0.790421
-0.695497 0.886107
-0.443124 0.950051
-0.171823 0.951691
0.0963219 0.890178
0.370777 0.79514
0.626303 0.700757
0.843974 0.620059
1.03325 0.543875
1.17837 0.460396
1.3014 0.370543
1.39288 0.283673
1.46544 0.203485
1.49699 0.123763
1.50014 0.0381497
1.48437 -0.0507449
1.4402 -0.135444
1.37396 -0.214702
1.29509 -0.295634
1.19099 -0.383413
1.07111 -0.472887
0.929149 -0.555036
0.771416 -0.63096
0.607375 -0.713405
0.42125 -0.809323
0.247744 -0.901912
0.0458471 -0.955706
-0.152897 -0.944253
-0.361103 -0.873477
-0.563001 -0.776329
-0.742817 -0.684391
-0.891086 -0.605664
-1.01096 -0.528717
-1.08983 -0.443518
-1.14977 -0.353501
-1.18131 -0.267968
-1.18447 -0.188539
-1.18131 -0.107972
-1.13084 -0.0212402
-1.06775 0.0673821
-0.998344 0.15082
-0.897394 0.229721
-0.758589 0.311833
-0.626094 0.400636
-0.462052 0.489275
-0.310628 0.569687
-0.130813 0.645723
0.0647763 0.730767
0.257209 0.82817
0.449644 0.916282
0.743026 0.958885
0.88183 0.934574
1.06795 0.855826
1.25093 0.757788
1.4402 0.668569
1.57901 0.591325
1.67996 0.51321
1.75251 0.426445
1.78091 0.33665
1.79668 0.252516
1.76829 0.173543
1.71781 0.0919232
1.65788 0.00425205
1.55062 -0.083803
1.36449 -0.166006
1.26985 -0.244873
1.11527 -0.328312
0.951232 -0.417859
0.755643 -0.505322
0.550591 -0.584143
0.310837 -0.660845
0.074238 -0.748662
-0.152897 -0.846732
-0.383187 -0.928952
-0.62925 -0.959525
-0.887931 -0.922845
-1.1403 -0.837502
-1.36744 -0.739652
-1.57565 -0.653233
-1.74915 -0.576934
-1.89742 -0.497342
-1.98891 -0.409252
-2.06777 -0.320038
-2.10247 -0.237277
-2.11825 -0.158434
-2.09932 -0.0756217
-2.07408 0.0127521
-1.99522 0.0999799
-1.90373 0.181051
-1.79963 0.260212
-1.64189 0.345048
-1.48732 0.435001
-1.3075 0.521008
-1.13084 0.598495
-0.932096 0.676415
-0.720734 0.767015
-0.499909 0.864753
-0.269619 0.939683
-0.0204012 0.95761
0.222507 0.909293
0.462261 0.818768
0.695705 0.722017
0.878675 0.638303
1.03956 0.562391
1.16259 0.481121
1.26354 0.39202
1.32033 0.303698
1.34556 0.222199
1.35503 0.143159
1.32348 0.0590882
1.28878 -0.0297086
1.20991 -0.1159
1.11527 -0.196014
0.995397 -0.275787
0.850283 -0.362001
0.69886 -0.451986
0.528508 -0.536337
0.345539 -0.612847
0.153105 -0.692504
-0.0456386 -0.785711
-0.257 -0.881964
-0.477826 -0.948263
-0.708115 -0.953181
-0.932096 -0.894172
-1.15923 -0.799866
-1.37059 -0.704937
-1.53463 -0.623679
-1.67659 -0.547614
-1.78385 -0.464577
-1.85956 -0.374826
-1.91004 -0.287643
-1.92266 -0.207221
-1.91004 -0.127672
-1.86903 -0.0423578
-1.80278 0.0465565
-1.71445 0.131565
-1.60404 0.21096
-1.46839 0.291629
-1.33905 0.379117
-1.16238 0.468741
-0.98257 0.551334
-0.7996 0.627312
-0.591392 0.709153
-0.373722 0.804595
-0.152895 0.898085
0.0868579 0.95452
0.326611 0.94633
0.566365 0.877752
0.802964 0.781013
1.02379 0.68843
1.20991 0.609253
1.35503 0.532538
1.47175 0.447758
1.55377 0.357745
1.60109 0.271869
1.61686 0.192277
1.60109 0.111944
1.58216 0.0254774
1.53169 -0.0632416
1.44336 -0.146996
1.34241 -0.225957
1.22253 -0.307756
1.06165 -0.396327
0.903914 -0.485208
0.730407 -0.566046
0.544282 -0.642003
0.342385 -0.726375
0.143641 -0.823476
-0.0771842 -0.912839
-0.301164 -0.958327
-0.534609 -0.937194
-0.764898 -0.860313
-1.01096 -0.76239
-1.19393 -0.672476
-1.36428 -0.594911
-1.50309 -0.517121
-1.59457 -0.430727
-1.66397 -0.340842
-1.7176 -0.256357
-1.73022 -0.1773
-1.7176 -0.0959595
-1.6829 -0.00850309
-1.62296 0.0797198
-1.54094 0.162225
-1.43684 0.241069
-1.31065 0.324167
-1.16239 0.413557
-1.01096 0.501343
-0.840611 0.580542
-0.676569 0.657026
-0.47467 0.744142
-0.272773 0.842132
-0.0645644 0.925958
0.165725 0.959605
0.392859 0.925958
0.616839 0.842132
0.834511 0.744142
1.15313 0.657026
1.22884 0.580542
1.32033 0.501343
1.41812 0.413557
1.47175 0.324167
1.5033 0.241069
1.49383 0.162225
1.4686 0.0797198
1.41812 -0.00850309
1.32664 -0.0959595
1.24462 -0.1773
1.12474 -0.256357
0.97647 -0.340842
0.818738 -0.430727
0.65785 -0.517121
0.468572 -0.594911
0.282447 -0.672476
0.0742392 -0.76239
-0.137122 -0.860313
-0.354795 -0.937194
-0.578775 -0.958327
-0.809064 -0.912839
-1.02989 -0.823476
-1.24756 -0.726375
-1.43369 -0.642003
-1.58511 -0.566046
-1.69552 -0.485208
-1.7807 -0.396327
-1.82486 -0.307756
-1.85325 -0.225957
-1.8501 -0.146996
-1.8154 -0.0632416
-1.76177 0.0254774
-1.67975 0.111944
-1.57249 0.192277
-1.42422 0.271869
-1.30119 0.357745
-1.13399 0.447758
-0.960487 0.532538
-0.780673 0.609253
-0.509372 0.68843
-0.395805 0.781013
-0.178133 0.877752
0.0490029 0.94633
0.282447 0.95452
0.52851 0.898085
0.774573 0.804595
0.989089 0.709153
1.17521 0.627312
1.33294 0.551334
1.44967 0.468741
1.53169 0.379117
1.58532 0.291629
1.60424 0.21096
1.60425 0.131565
1.56954 0.0465565
1.51907 -0.0423578
1.43074 -0.127672
1.32348 -0.207221
1.20045 -0.287643
1.05849 -0.374826
0.900759 -0.464577
0.714634 -0.547614
0.534819 -0.623679
0.326612 -0.704937
0.131022 -0.799866
-0.0803389 -0.894172
-0.307475 -0.953181
-0.531455 -0.948263
-0.764899 -0.881964
-0.992034 -0.785711
-1.20024 -0.692504
-1.38321 -0.612847
-1.52517 -0.536337
-1.63558 -0.451986
-1.70814 -0.362001
-1.75231 -0.275787
-1.7807 -0.196014
-1.75546 -0.1159
-1.7113 -0.0297086
-1.66398 0.0590882
-1.57565 0.143159
-1.4747 0.222199
-1.33274 0.303698
-1.19078 0.39202
-1.02989 0.481121
-0.856384 0.562391
-0.679723 0.638303
-0.496753 0.722017
-0.285391 0.818768
-0.0740284 0.909293
0.153106 0.95761
0.383395 0.939683
0.610531 0.864753
0.834511 0.767015
1.04903 0.676415
1.20991 0.598495
1.34556 0.521008
1.44336 0.435001
1.51276 0.345048
1.55693 0.260212
1.56324 0.181051
1.54431 0.0999799
1.5033 0.0127521
1.43074 -0.0756217
1.32348 -0.158434
1.21938 -0.237277
1.07111 -0.320038
0.922841 -0.409252
0.758799 -0.497342
0.578983 -0.576934
0.396014 -0.653233
0.197271 -0.739652
-0.0140907 -0.837502
-0.231762 -0.922845
-0.446278 -0.959525
-0.679723 -0.928952
-0.916322 -0.846732
-1.12453 -0.748662
-1.31696 -0.660845
-1.48416 -0.584143
-1.60088 -0.505322
-1.69552 -0.417859
-1.73969 -0.328312
-1.76808 -0.244873
-1.78701 -0.166006
-1.75546 -0.083803
-1.71445 0.00425205
-1.63558 0.0919232
-1.54725 0.173543
-1.43684 0.252516
-1.29488 0.33665
-1.1403 0.426445
-0.976261 0.51321
-0.790136 0.591325
-0.591392 0.668569
-0.389495 0.757788
-0.181287 0.855826
0.036383 0.934574
0.269828 0.958885
0.503272 0.916282
0.730407 0.82817
0.954388 0.730767
1.14998 0.645723
1.31086 0.569687
1.4402 0.489275
1.52222 0.400636
1.58216 0.311833
1.62002 0.229721
1.61056 0.15082
1.59163 0.0673821
1.54431 -0.0212402
1.46544 -0.107972
1.36765 -0.188539
1.24462 -0.267968
1.10897 -0.353501
0.951233 -0.443518
0.787191 -0.528717
0.607375 -0.605664
0.421252 -0.684391
0.219353 -0.776329
0.00168273 -0.873477
-0.20968 -0.944253
-0.436814 -0.955706
-0.660795 -0.901912
-0.88793 -0.809323
-1.08983 -0.713405
-1.26964 -0.63096
-1.4116 -0.555036
-1.51571 -0.472887
-1.59142 -0.383413
-1.64505 -0.295634
-1.66398 -0.214702
-1.66398 -0.135444
-1.62927 -0.0507449
-1.55987 0.0381497
-1.48732 0.123763
-1.38952 0.203485
-1.25387 0.283673
-1.11506 0.370543
-0.966796 0.460396
