data = [-0.0298652 0.0939433
-0.0330187 0.181051
-0.0361734 0.266023
-0.00147195 0.357745
0.036383 0.454094
0.0931673 0.543875
0.172033 0.625494
0.272983 0.713405
0.380241 0.816409
0.500117 0.912839
0.623149 0.959105
0.784035 0.928952
0.932305 0.83982
1.07742 0.735193
1.2036 0.64386
1.3014 0.562391
1.35818 0.474953
1.39288 0.379117
1.39288 0.285656
1.35818 0.199749
1.29825 0.113924
1.22253 0.0212402
1.10581 -0.0735671
0.973316 -0.162225
0.818738 -0.246779
0.654694 -0.33665
0.455953 -0.432865
0.260363 -0.524874
0.0490018 -0.607458
-0.184443 -0.692504
-0.411578 -0.79278
-0.651332 -0.894172
-0.89424 -0.955132
-1.1403 -0.942037
-1.38637 -0.862539
-1.62612 -0.757788
-1.83117 -0.662765
-2.01099 -0.580542
-2.15295 -0.495334
-2.26021 -0.400636
-2.32645 -0.305725
-2.37062 -0.218448
-2.36746 -0.133506
-2.33592 -0.0423578
-2.29175 0.0528351
-2.20973 0.143159
-2.10563 0.227838
-1.97944 0.315927
-1.80909 0.411405
-1.6482 0.505322
-1.47154 0.589531
-1.2728 0.672476
-1.06144 0.769336
-0.821682 0.873477
-0.588238 0.947314
-0.335866 0.951691
-0.0771842 0.884044
0.190962 0.781013
0.44018 0.682385
0.65785 0.598495
0.825046 0.515168
0.976469 0.422155
1.08688 0.326237
1.16575 0.237277
1.22253 0.152728
1.23831 0.0632416
1.24146 -0.0318217
1.20045 -0.123763
1.15944 -0.20909
1.08373 -0.295634
0.979624 -0.389867
0.862902 -0.485208
0.733561 -0.571503
0.578982 -0.653233
0.424405 -0.746398
0.250899 -0.851298
0.0773927 -0.9359
-0.11504 -0.95761
-0.316939 -0.903793
-0.512528 -0.804595
-0.695497 -0.702843
-0.850075 -0.616449
-0.976261 -0.53444
-1.06459 -0.443518
-1.11822 -0.347156
-1.15608 -0.256357
-1.15923 -0.171661
-1.13715 -0.083803
-1.08036 0.0106279
-1.00781 0.103984
-0.910013 0.190408
-0.809064 0.275787
-0.654486 0.368404
-0.509372 0.464577
-0.33902 0.553187
-0.159205 0.634623
0.0300737 0.724191
0.213044 0.82817
0.42125 0.921246
0.642077 0.959605
0.872367 0.921246
1.09319 0.82817
1.28878 0.724191
1.49383 0.634623
1.64526 0.553187
1.81245 0.464577
1.83138 0.368404
1.85346 0.275787
1.87239 0.190408
1.85031 0.103984
1.79983 0.0106279
1.72412 -0.083803
1.61371 -0.171661
1.49068 -0.256357
1.32664 -0.347156
1.16259 -0.443518
0.973315 -0.53444
0.774572 -0.616449
0.560055 -0.702843
0.332921 -0.804595
0.0900114 -0.903793
-0.260154 -0.95761
-0.430506 -0.9359
-0.676569 -0.851298
-0.910014 -0.746398
-1.13399 -0.653233
-1.32643 -0.571503
-1.48732 -0.485208
-1.60404 -0.389867
-1.69552 -0.295634
-1.73969 -0.20909
-1.77439 -0.123763
-1.76808 -0.0318217
-1.73653 0.0632416
-1.67975 0.152728
-1.60088 0.237277
-1.47785 0.326237
-1.36113 0.422155
-1.20971 0.515168
-1.0015 0.598495
-0.878467 0.682385
-0.689187 0.781013
-0.487289 0.884044
-0.275928 0.951691
-0.0456386 0.947314
0.187806 0.873477
0.42756 0.769336
0.642077 0.672476
0.825046 0.589531
0.967005 0.505322
1.08373 0.411405
1.17206 0.315927
1.20676 0.227838
1.22884 0.143159
1.21938 0.0528351
1.18468 -0.0423578
1.11843 -0.133506
1.03641 -0.218448
0.919686 -0.305725
0.796655 -0.400636
0.642077 -0.495334
0.47488 -0.580542
0.298219 -0.662765
0.102631 -0.757788
-0.111886 -0.862539
-0.329556 -0.942037
-0.550383 -0.955132
-0.777517 -0.894172
-1.01096 -0.79278
-1.21917 -0.692504
-1.39583 -0.607458
-1.53779 -0.524874
-1.64189 -0.432865
-1.71761 -0.33665
-1.76177 -0.246779
-1.78385 -0.162225
-1.77124 -0.0735671
-1.71761 0.0212402
-1.65451 0.113924
-1.5441 0.199749
-1.42107 0.285656
-1.29488 0.379117
-1.14346 0.474953
-0.98257 0.562391
-0.793291 0.64386
-0.594548 0.735193
-0.389495 0.83982
-0.178134 0.928952
0.0647751 0.959105
0.307683 0.912839
0.547436 0.816409
0.777726 0.713405
0.96385 0.625494
1.1342 0.543875
1.26039 0.454094
1.35503 0.357745
1.41812 0.266023
1.44651 0.181051
1.44967 0.0939433
1.43074 6.33274e-14
1.3708 -0.0939433
1.3014 -0.181051
1.20045 -0.266023
1.0648 -0.357745
0.92915 -0.454094
0.768264 -0.543875
0.588448 -0.625494
0.411786 -0.713405
0.213044 -0.816409
0.00799093 -0.912839
-0.206525 -0.959105
-0.430506 -0.928952
-0.654486 -0.83982
-0.875312 -0.735193
-1.05828 -0.64386
-1.2097 -0.562391
-1.33274 -0.474953
-1.4116 -0.379117
-1.45892 -0.285656
-1.49678 -0.199749
-1.49678 -0.113924
-1.45892 -0.0212402
-1.41791 0.0735671
-1.33589 0.162225
-1.24125 0.246779
-1.11507 0.33665
-0.976261 0.432865
-0.818528 0.524874
-0.645022 0.607458
-0.465207 0.692504
-0.269619 0.79278
-0.0551027 0.894172
0.153105 0.955132
0.38024 0.942037
0.61053 0.862539
0.828201 0.757788
1.03641 0.662765
1.19729 0.580542
1.32979 0.495334
1.42759 0.400636
1.49068 0.305725
1.52222 0.218448
1.51907 0.133506
1.48752 0.0423578
1.4402 -0.0528351
1.34872 -0.143159
1.23831 -0.227838
1.11212 -0.315927
0.967005 -0.411405
0.796654 -0.505322
0.623148 -0.589531
0.427559 -0.672476
0.228816 -0.769336
-0.0771854 -0.873477
-0.21599 -0.947314
-0.414734 -0.951691
-0.651332 -0.884044
-0.891086 -0.781013
-1.11191 -0.682385
-1.29173 -0.598495
-1.44315 -0.515168
-1.54725 -0.422155
-1.62296 -0.326237
-1.67028 -0.237277
-1.69237 -0.152728
-1.69868 -0.0632416
-1.66713 0.0318217
-1.58827 0.123763
-1.50309 0.20909
-1.39583 0.295634
-1.26018 0.389867
-1.11507 0.485208
-0.960489 0.571503
-0.768054 0.653233
-0.572465 0.746398
-0.364259 0.851298
-0.140279 0.9359
0.0805474 0.95761
0.320302 0.903793
0.560055 0.804595
0.790345 0.702843
0.982779 0.616449
1.14367 0.53444
1.25723 0.443518
1.35187 0.347156
1.4055 0.256357
1.4402 0.171661
1.43705 0.083803
1.39919 -0.0106279
1.3361 -0.103984
1.2667 -0.190408
1.16575 -0.275787
1.03325 -0.368404
0.818737 -0.464577
0.717788 -0.553187
0.550591 -0.634623
0.367622 -0.724191
0.168878 -0.82817
-0.0456375 -0.921246
-0.260156 -0.959605
-0.496754 -0.921246
-0.717581 -0.82817
-0.94787 -0.724191
-1.1403 -0.634623
-1.29804 -0.553187
-1.41791 -0.464577
-1.50309 -0.368404
-1.55987 -0.275787
-1.58196 -0.190408
-1.59457 -0.103984
-1.56618 -0.0106279
-1.49993 0.083803
-1.41476 0.171661
-1.31381 0.256357
-1.18447 0.347156
-1.03935 0.443518
-0.884776 0.53444
-0.708117 0.616449
-0.537764 0.702843
-0.313784 0.804595
-0.12135 0.903793
0.112095 0.95761
0.336075 0.9359
0.572674 0.851298
0.79981 0.746398
0.998552 0.653233
1.1689 0.571503
1.3014 0.485208
1.39919 0.389867
1.45913 0.295634
1.49068 0.20909
1.49383 0.123763
1.46229 0.0318217
1.41812 -0.0632416
1.33925 -0.152728
1.232 -0.237277
1.11212 -0.326237
0.957541 -0.422155
0.787191 -0.515168
0.613685 -0.598495
0.418096 -0.682385
0.209889 -0.781013
0.00168157 -0.884044
-0.225453 -0.951691
-0.458898 -0.947314
-0.695498 -0.873477
-0.919478 -0.769336
-1.13399 -0.672476
-1.31066 -0.589531
-1.44631 -0.505322
-1.54725 -0.411405
-1.6135 -0.315927
-1.65767 -0.227838
-1.67344 -0.143159
-1.65136 -0.0528351
-1.61035 0.0423578
-1.55041 0.133506
-1.45577 0.218448
-1.33905 0.305725
-1.21286 0.400636
-1.05828 0.495334
-0.878467 0.580542
-0.698653 0.662765
-0.499909 0.757788
-0.298011 0.862539
-0.0834948 0.942037
0.143641 0.955132
0.38024 0.894172
0.613684 0.79278
0.837666 0.692504
1.01748 0.607458
1.17206 0.524874
1.28247 0.432865
1.36449 0.33665
1.41181 0.246779
1.42758 0.162225
1.42443 0.0735671
1.39288 -0.0212402
1.30455 -0.113924
1.22884 -0.199749
1.10581 -0.285656
0.963851 -0.379117
0.812428 -0.474953
0.642077 -0.562391
0.455952 -0.64386
0.260362 -0.735193
0.0553099 -0.83982
-0.16867 -0.928952
-0.380032 -0.959105
-0.619784 -0.912839
-0.84692 -0.816409
-1.05513 -0.713405
-1.25387 -0.625494
-1.40214 -0.543875
-1.51571 -0.454094
-1.59457 -0.357745
-1.64189 -0.266023
-1.67344 -0.181051
-1.67975 -0.0939433
-1.64505 1.11661e-13
-1.58511 0.0939433
-1.49993 0.181051
-1.38952 0.266023
-1.26018 0.357745
-1.09929 0.454094
-0.938405 0.543875
-0.761744 0.625494
-0.559847 0.713405
-0.354794 0.816409
-0.130815 0.912839
0.0837032 0.959105
0.336074 0.928952
0.572673 0.83982
0.802963 0.735193
1.01117 0.64386
1.18152 0.562391
1.32348 0.474953
1.42127 0.379117
1.48121 0.285656
1.51907 0.199749
1.52538 0.113924
1.5033 0.0212402
1.45598 -0.0735671
1.37711 -0.162225
1.28878 -0.246779
1.16259 -0.33665
1.02063 -0.432865
0.862901 -0.524874
0.689396 -0.607458
0.493808 -0.692504
0.288756 -0.79278
0.0742392 -0.894172
-0.146587 -0.955132
-0.370568 -0.942037
