data = [-0.0424839 0.089899
-0.0456386 0.173543
-0.0298652 0.254435
-0.0109371 0.340842
0.0300737 0.432865
0.0868567 0.521008
0.159414 0.600286
0.247744 0.680386
0.358157 0.773993
0.468571 0.873477
0.601066 0.945309
0.743025 0.95452
0.894449 0.896139
1.04587 0.799866
1.18468 0.702843
1.29509 0.620059
1.36449 0.541998
1.40866 0.456198
1.42128 0.364133
1.4055 0.275787
1.3708 0.194146
1.30771 0.111944
1.20676 0.0233595
1.09635 -0.0673821
0.960696 -0.152728
0.799809 -0.233495
0.626303 -0.31798
0.42756 -0.409252
0.235126 -0.499346
0.0111456 -0.580542
-0.206526 -0.658932
-0.433661 -0.748662
-0.67026 -0.849019
-0.897395 -0.931826
-1.13715 -0.959105
-1.38952 -0.916282
-1.63874 -0.825825
-1.85957 -0.726375
-2.04884 -0.64015
-2.20973 -0.562391
-2.32645 -0.47907
-2.41478 -0.387715
-2.4621 -0.297643
-2.49365 -0.214702
-2.48734 -0.133506
-2.44317 -0.0465565
-2.38008 0.0444584
-2.29806 0.131565
-2.19711 0.21283
-2.052 0.295634
-1.89742 0.385564
-1.73338 0.477014
-1.54094 0.560558
-1.33905 0.638303
-1.12453 0.724191
-0.88793 0.823476
-0.648176 0.914573
-0.395805 0.958885
-0.133967 0.933216
0.140487 0.851298
0.405478 0.750933
0.635767 0.660845
0.837666 0.582343
1.00171 0.501343
1.15313 0.411405
1.25093 0.320038
1.32979 0.235384
1.3708 0.154633
1.38342 0.0694472
1.38342 -0.0212402
1.35187 -0.10996
1.3014 -0.192277
1.22253 -0.273826
1.12789 -0.362001
1.02063 -0.454094
0.884985 -0.540116
0.746179 -0.618253
0.582137 -0.700757
0.411786 -0.797503
0.231971 -0.894172
0.0332284 -0.95387
-0.152897 -0.94633
-0.361104 -0.875623
-0.556692 -0.776329
-0.733353 -0.682385
-0.884776 -0.602078
-1.00465 -0.522944
-1.07721 -0.435001
-1.13715 -0.342943
-1.1687 -0.256357
-1.15608 -0.175422
-1.14346 -0.0919232
-1.08667 -0.00212609
-1.02043 0.0878709
-0.93525 0.171661
-0.809064 0.252516
-0.670259 0.338744
-0.537764 0.430727
-0.370567 0.519067
-0.197061 0.598495
-0.0109371 0.678397
0.178342 0.771662
0.370777 0.871317
0.563211 0.944253
0.787191 0.955132
1.00486 0.898085
1.20991 0.80223
1.47175 0.704937
1.56954 0.621868
1.70519 0.543875
1.79668 0.458299
1.86293 0.366267
1.89447 0.277752
1.88186 0.196014
1.84715 0.113924
1.78091 0.0254774
1.69258 -0.0653135
1.5727 -0.15082
1.42443 -0.231607
1.26985 -0.315927
1.07742 -0.407099
0.812427 -0.497342
0.695705 -0.578739
0.506426 -0.657026
0.269827 -0.746398
0.0332272 -0.846732
-0.203371 -0.930404
-0.471516 -0.959285
-0.723888 -0.917964
-0.98257 -0.82817
-1.22863 -0.728567
-1.4463 -0.642003
-1.62927 -0.56422
-1.77439 -0.481121
-1.86903 -0.389867
-1.9542 -0.299657
-1.9889 -0.216574
-2.01099 -0.135444
-2.00152 -0.048652
-1.9542 0.0423578
-1.88796 0.129621
-1.79963 0.21096
-1.6829 0.29363
-1.5441 0.383413
-1.40214 0.474953
-1.22548 0.558721
-1.03935 0.63646
-0.837456 0.722017
-0.62925 0.821123
-0.402114 0.912839
-0.178134 0.958626
0.064774 0.934574
0.295064 0.853567
0.534818 0.753211
0.74618 0.662765
0.92284 0.584143
1.06164 0.503335
1.17206 0.413557
1.24461 0.3221
1.28563 0.237277
1.30455 0.156535
1.28247 0.0715089
1.23831 -0.0191198
1.17206 -0.107972
1.07742 -0.190408
0.963851 -0.271869
0.821891 -0.359872
0.683086 -0.451986
0.503271 -0.538229
0.323457 -0.616449
0.143641 -0.69868
-0.0708749 -0.79514
-0.275928 -0.892185
-0.496753 -0.953181
-0.71127 -0.947314
-0.944714 -0.877752
-1.16239 -0.778669
-1.36428 -0.684391
-1.52832 -0.603871
-1.64189 -0.524874
-1.74915 -0.437134
-1.80278 -0.345048
-1.8501 -0.258283
-1.85956 -0.1773
-1.83748 -0.0939433
-1.79016 -0.00425205
-1.73022 0.0858389
-1.63558 0.169778
-1.51886 0.2506
-1.3769 0.33665
-1.22232 0.428587
-1.05828 0.517121
-0.869002 0.596703
-0.679723 0.676415
-0.462052 0.769336
-0.257 0.869143
-0.0267094 0.943163
0.20358 0.955706
0.443333 0.90001
0.683088 0.804595
0.907067 0.707041
1.10897 0.623679
1.2667 0.545747
1.38973 0.460396
1.48752 0.368404
1.54431 0.279722
1.5727 0.197882
1.57901 0.1159
1.54746 0.0275938
1.50014 -0.0632416
1.41497 -0.14891
1.31086 -0.229721
1.19099 -0.313878
1.04272 -0.404945
0.89445 -0.495334
0.714633 -0.576934
0.531663 -0.655126
0.336075 -0.744142
0.112094 -0.844436
-0.102422 -0.928952
-0.332711 -0.959425
-0.563001 -0.919619
-0.796445 -0.830511
-1.01096 -0.730767
-1.19709 -0.64386
-1.36113 -0.566046
-1.48731 -0.483167
-1.56934 -0.39202
-1.62927 -0.301675
-1.66398 -0.218448
-1.66713 -0.137378
-1.65767 -0.0507449
-1.60404 0.0402549
-1.54094 0.127672
-1.45577 0.20909
-1.32643 0.291629
-1.19393 0.381265
-1.04566 0.472887
-0.884775 0.556881
-0.717579 0.634623
-0.52199 0.719851
-0.326402 0.818768
-0.118195 0.911079
0.0963219 0.958327
0.323456 0.9359
0.550592 0.855826
0.765109 0.755496
0.976469 0.664692
1.14367 0.58594
1.25723 0.505322
1.34872 0.415708
1.41812 0.324167
1.44336 0.239172
1.44967 0.158434
1.42443 0.0735671
1.38973 -0.0169982
1.30455 -0.10598
1.20676 -0.188539
1.08373 -0.269917
0.93546 -0.357745
0.780882 -0.449874
0.607377 -0.536337
0.421252 -0.614647
0.228817 -0.696612
0.0269202 -0.79278
-0.184443 -0.890178
-0.408423 -0.952455
-0.641868 -0.948263
-0.865848 -0.879866
-1.08036 -0.781013
-1.28857 -0.686406
-1.46208 -0.605664
-1.59773 -0.526798
-1.70499 -0.439265
-1.77754 -0.347156
-1.81224 -0.260212
-1.82171 -0.179176
-1.80594 -0.0959595
-1.76493 -0.00637776
-1.68606 0.083803
-1.60719 0.167893
-1.48101 0.248688
-1.34536 0.334559
-1.18447 0.426445
-1.01412 0.515168
-0.802755 0.594911
-0.62925 0.674442
-0.417887 0.767015
-0.200214 0.866955
0.0363842 0.942037
0.266673 0.95624
0.509581 0.901912
0.74618 0.806959
0.960696 0.709153
1.19414 0.625494
1.30455 0.547614
1.4402 0.462489
1.53169 0.370543
1.58532 0.281695
1.6074 0.199749
1.6074 0.117872
1.5727 0.0297086
1.52538 -0.0611665
1.42443 -0.146996
1.32033 -0.227838
1.19099 -0.311833
1.0301 -0.402791
0.878675 -0.493319
0.686241 -0.575126
0.496963 -0.653233
0.29191 -0.741893
0.0742403 -0.842132
-0.137124 -0.92747
-0.367412 -0.959525
-0.600857 -0.921246
-0.837456 -0.832847
-1.05828 -0.732976
-1.25387 -0.645723
-1.4116 -0.567868
-1.53779 -0.485208
-1.62612 -0.394173
-1.67344 -0.303698
-1.7113 -0.220323
-1.72076 -0.139308
-1.69868 -0.0528351
-1.65451 0.0381497
-1.57565 0.12572
-1.49678 0.207221
-1.37059 0.289634
-1.24125 0.379117
-1.08667 0.470816
-0.925786 0.555036
-0.752281 0.632789
-0.566155 0.717693
-0.364257 0.816409
-0.15605 0.909293
0.0710845 0.957988
0.295064 0.937194
0.534818 0.858075
0.74618 0.757788
0.957541 0.666627
1.11843 0.587736
1.24777 0.507302
1.33925 0.417859
1.39919 0.326237
1.42443 0.241069
1.43705 0.160331
1.40866 0.0756217
1.36765 -0.0148756
1.29193 -0.103984
1.19414 -0.186668
1.07426 -0.267968
0.944924 -0.355622
0.784036 -0.447758
0.616841 -0.53444
0.430716 -0.612847
0.241436 -0.694554
0.0332284 -0.790421
-0.174979 -0.888152
-0.405269 -0.951691
-0.622939 -0.949175
-0.859539 -0.881964
-1.07721 -0.78336
-1.28226 -0.68843
-1.4463 -0.607458
-1.5788 -0.528717
-1.66713 -0.441393
-1.73338 -0.349268
-1.77439 -0.262145
-1.78701 -0.181051
-1.76177 -0.0979717
-1.73969 -0.00850309
-1.66082 0.0817633
-1.57249 0.166006
-1.45577 0.246779
-1.31381 0.332473
-1.16239 0.424301
-0.988881 0.51321
-0.81222 0.593118
-0.619786 0.672476
-0.408424 0.764699
-0.209681 0.864753
0.0269178 0.940877
0.24459 0.956736
0.478035 0.903793
0.714633 0.809323
0.92915 0.711275
1.11843 0.627312
1.27301 0.549476
1.38657 0.464577
1.46544 0.372684
1.51907 0.283673
1.54746 0.201617
1.53169 0.119839
1.50014 0.0318217
1.44336 -0.0590882
1.35818 -0.145079
1.23515 -0.225957
1.12158 -0.309792
0.973315 -0.400636
0.818736 -0.4913
0.64523 -0.573316
0.455952 -0.651347
0.2509 -0.739652
0.0490018 -0.83982
-0.168669 -0.925958
-0.402114 -0.959585
-0.635558 -0.922845
-0.85323 -0.835178
-1.06144 -0.735193
-1.24756 -0.647592
-1.40214 -0.569687
-1.5094 -0.487244
-1.58511 -0.396327
-1.6482 -0.305725
-1.67975 -0.222199
-1.67975 -0.141235
-1.65451 -0.0549224
-1.60088 0.0360424
-1.52202 0.123763
-1.43053 0.205353
-1.30119 0.287643
-1.15292 0.376971
-0.985725 0.468741
-0.818529 0.553187
-0.641868 0.63096
-0.436815 0.715545
-0.231764 0.814049
-0.0140918 0.907484
0.200424 0.95761
0.42756 0.938455
0.657849 0.860313
0.894448 0.760085
1.09004 0.668569
1.26985 0.589531
1.40866 0.509277
