data = [-0.0140918 0.0919232
-0.0109371 0.1773
-0.0172465 0.260212
0.0206096 0.349268
0.0679287 0.443518
0.115249 0.532538
0.187805 0.612847
0.276136 0.696612
0.377086 0.79514
0.500117 0.894172
0.626303 0.95452
0.774572 0.944253
0.92915 0.869143
1.08057 0.767015
1.21622 0.672476
1.31086 0.591325
1.38342 0.509277
1.42443 0.417859
1.43074 0.324167
1.39919 0.237277
1.34556 0.154633
1.28247 0.0673821
1.17521 -0.0254774
1.04587 -0.1159
0.903914 -0.199749
0.733563 -0.283673
0.550592 -0.374826
0.348694 -0.468741
0.140487 -0.555036
-0.0771843 -0.634623
-0.304319 -0.722017
-0.531455 -0.823476
-0.771209 -0.916282
-1.00465 -0.959285
-1.25703 -0.928952
-1.50309 -0.842132
-1.73969 -0.739652
-1.93528 -0.649466
-2.09301 -0.569687
-2.23182 -0.485208
-2.31384 -0.39202
-2.38008 -0.299657
-2.41794 -0.214702
-2.41163 -0.131565
-2.38955 -0.0423578
-2.33276 0.0507449
-2.25074 0.139308
-2.13717 0.222199
-2.00783 0.307756
-1.84695 0.400636
-1.69237 0.493319
-1.49993 0.576934
-1.31065 0.657026
-1.08667 0.748662
-0.865848 0.851298
-0.62925 0.934574
-0.376878 0.958327
-0.108731 0.909293
0.14995 0.814049
0.396013 0.713405
0.623148 0.627312
0.812427 0.547614
0.967005 0.460396
1.08373 0.366267
1.17837 0.275787
1.24461 0.192277
1.27301 0.107972
1.27932 0.0169982
1.24777 -0.0756217
1.20991 -0.162225
1.14682 -0.244873
1.04903 -0.332473
0.948078 -0.426445
0.828201 -0.517121
0.686242 -0.598495
0.5222 -0.680386
0.348694 -0.776329
0.168878 -0.877752
-0.00147311 -0.948263
-0.200217 -0.951691
-0.405269 -0.886107
-0.607167 -0.785711
-0.783828 -0.68843
-0.935251 -0.605664
-1.05513 -0.524874
-1.13084 -0.435001
-1.18131 -0.340842
-1.20655 -0.252516
-1.21602 -0.169778
-1.19078 -0.083803
-1.1403 0.00850309
-1.0709 0.0999799
-0.976261 0.184797
-0.865848 0.267968
-0.727044 0.357745
-0.572465 0.451986
-0.417887 0.540116
-0.247536 0.620059
-0.0614097 0.704937
0.140487 0.804595
0.342386 0.901912
0.560056 0.956736
0.780881 0.939683
1.00802 0.860313
1.21622 0.757788
1.48437 0.664692
1.60109 0.584143
1.67996 0.501343
1.7746 0.409252
1.82507 0.315927
1.83138 0.229721
1.81245 0.146996
1.77144 0.0590882
1.69573 -0.033933
1.60425 -0.123763
1.48121 -0.207221
1.3361 -0.291629
1.17521 -0.383413
0.995397 -0.477014
0.69886 -0.562391
0.572674 -0.642003
0.377085 -0.730767
0.143641 -0.832847
-0.105578 -0.922845
-0.364259 -0.959605
-0.613476 -0.922845
-0.869003 -0.832847
-1.1056 -0.730767
-1.32012 -0.642003
-1.5094 -0.562391
-1.65451 -0.477014
-1.75862 -0.383413
-1.85326 -0.291629
-1.89111 -0.207221
-1.91004 -0.123763
-1.91319 -0.033933
-1.86272 0.0590882
-1.79016 0.146996
-1.7176 0.229721
-1.58511 0.315927
-1.45577 0.409252
-1.31065 0.501343
-1.14661 0.584143
-0.966797 0.664692
-0.761745 0.757788
-0.553537 0.860313
-0.332712 0.939683
-0.102422 0.956736
0.146796 0.901912
0.386549 0.804595
0.613685 0.704937
0.815582 0.620059
0.963851 0.540116
1.09319 0.451986
1.18468 0.357745
1.24461 0.267968
1.27301 0.184797
1.26985 0.0999799
1.24146 0.00850309
1.18468 -0.083803
1.0995 -0.169778
0.992243 -0.252516
0.869211 -0.340842
0.720943 -0.435001
0.569519 -0.524874
0.389704 -0.605664
0.20358 -0.68843
0.00483625 -0.785711
-0.20968 -0.886107
-0.417887 -0.951691
-0.645022 -0.948263
-0.884776 -0.877752
-1.09929 -0.776329
-1.30435 -0.680386
-1.47154 -0.598495
-1.60404 -0.517121
-1.69552 -0.426445
-1.76493 -0.332473
-1.79963 -0.244873
-1.80909 -0.162225
-1.79963 -0.0756217
-1.74915 0.0169982
-1.69552 0.107972
-1.59457 0.192277
-1.48416 0.275787
-1.3422 0.366267
-1.18447 0.460396
-1.01412 0.547614
-0.818528 0.627312
-0.619784 0.713405
-0.414731 0.814049
-0.197061 0.909293
0.026919 0.958327
0.269828 0.934574
0.509581 0.851298
0.736716 0.748662
0.944924 0.657026
1.11212 0.576934
1.24777 0.493319
1.34872 0.400636
1.43074 0.307756
1.47175 0.222199
1.49068 0.139308
1.47491 0.0507449
1.4402 -0.0423578
1.36449 -0.131565
1.26354 -0.214702
1.15944 -0.299657
1.02379 -0.39202
0.884986 -0.485208
0.70517 -0.569687
0.534819 -0.649466
0.332922 -0.739652
0.127868 -0.842132
-0.0803389 -0.928952
-0.310629 -0.959285
-0.5283 -0.916282
-0.75859 -0.823476
-0.969951 -0.722017
-1.16554 -0.634623
-1.31381 -0.555036
-1.42422 -0.468741
-1.51571 -0.374826
-1.55672 -0.283673
-1.59773 -0.199749
-1.59457 -0.1159
-1.57565 -0.0254774
-1.52833 0.0673821
-1.45577 0.154633
-1.36113 0.237277
-1.23494 0.324167
-1.08983 0.417859
-0.954178 0.509277
-0.777517 0.591325
-0.600857 0.672476
-0.408424 0.767015
-0.209681 0.869143
0.00483509 0.944253
0.228817 0.95452
0.455952 0.894172
0.683086 0.79514
0.894449 0.696612
1.06796 0.612847
1.22253 0.532538
1.31402 0.443518
1.40235 0.349268
1.4402 0.260212
1.44336 0.1773
1.42128 0.0919232
1.37396 8.82244e-14
1.29509 -0.0919232
1.21307 -0.1773
1.0995 -0.260212
0.967005 -0.349268
0.812427 -0.443518
0.64523 -0.532538
0.459108 -0.612847
0.257209 -0.696612
0.0490018 -0.79514
-0.165514 -0.894172
-0.383185 -0.95452
-0.61663 -0.944253
-0.862692 -0.869143
-1.07721 -0.767015
-1.27911 -0.672476
-1.44946 -0.591325
-1.58195 -0.509277
-1.68606 -0.417859
-1.75231 -0.324167
-1.79647 -0.237277
-1.81225 -0.154633
-1.79647 -0.0673821
-1.76808 0.0254774
-1.69552 0.1159
-1.60088 0.199749
-1.4747 0.283673
-1.3422 0.374826
-1.17816 0.468741
-1.00465 0.555036
-0.821682 0.634623
-0.591392 0.722017
-0.417886 0.823476
-0.197061 0.916282
0.0300748 0.959285
0.272983 0.928952
0.5222 0.842132
0.755644 0.739652
0.954388 0.649466
1.12474 0.569687
1.24777 0.485208
1.35503 0.39202
1.42443 0.299657
1.47175 0.214702
1.4686 0.131565
1.44336 0.0423578
1.40235 -0.0507449
1.31717 -0.139308
1.232 -0.222199
1.10581 -0.307756
0.973316 -0.400636
0.812428 -0.493319
0.642077 -0.576934
0.459108 -0.657026
0.263519 -0.748662
0.0458482 -0.851298
-0.162359 -0.934574
-0.386339 -0.958327
-0.62294 -0.909293
-0.84692 -0.814049
-1.06775 -0.713405
-1.26333 -0.627312
-1.39898 -0.547614
-1.51886 -0.460396
-1.58195 -0.366267
-1.64505 -0.275787
-1.67344 -0.192277
-1.66082 -0.107972
-1.64505 -0.0169982
-1.59142 0.0756217
-1.51886 0.162225
-1.40845 0.244873
-1.27595 0.332473
-1.13715 0.426445
-0.966797 0.517121
-0.786981 0.598495
-0.600857 0.680386
-0.395805 0.776329
-0.197061 0.877752
0.0174561 0.948263
0.241436 0.951691
0.471726 0.886107
0.70517 0.785711
0.916532 0.68843
1.10266 0.605664
1.24461 0.524874
1.34872 0.435001
1.42443 0.340842
1.46544 0.252516
1.48437 0.169778
1.46229 0.083803
1.43074 -0.00850309
1.34872 -0.0999799
1.26354 -0.184797
1.14682 -0.267968
1.01117 -0.357745
0.853439 -0.451986
0.679933 -0.540116
0.493809 -0.620059
0.304528 -0.704937
0.0994755 -0.804595
-0.124504 -0.901912
-0.348484 -0.956736
-0.572465 -0.939683
-0.7996 -0.860313
-1.02358 -0.757788
-1.23179 -0.664692
-1.39898 -0.584143
-1.54094 -0.501343
-1.63558 -0.409252
-1.69868 -0.315927
-1.73022 -0.229721
-1.73969 -0.146996
-1.7176 -0.0590882
-1.66713 0.033933
-1.59773 0.123763
-1.50624 0.207221
-1.38006 0.291629
-1.23179 0.383413
-1.08352 0.477014
-0.925786 0.562391
-0.736506 0.642003
-0.540919 0.730767
-0.326402 0.832847
-0.108731 0.922845
0.121559 0.959605
0.367622 0.922845
0.61053 0.832847
0.831356 0.730767
1.03641 0.642003
1.20676 0.562391
1.33925 0.477014
1.43074 0.383413
1.49383 0.291629
1.52222 0.207221
1.51907 0.123763
1.48752 0.033933
1.43705 -0.0590882
1.34556 -0.146996
1.24146 -0.229721
1.11527 -0.315927
0.960697 -0.409252
0.809274 -0.501343
0.638922 -0.584143
0.452797 -0.664692
0.266673 -0.757788
0.0521564 -0.860313
-0.15605 -0.939683
-0.383186 -0.956736
-0.629248 -0.901912
-0.85323 -0.804595
-1.06775 -0.704937
-1.24441 -0.620059
-1.38321 -0.540116
-1.49047 -0.451986
-1.56618 -0.357745
-1.6135 -0.267968
-1.64189 -0.184797
-1.63558 -0.0999799
-1.58826 -0.00850309
-1.52833 0.083803
-1.4463 0.169778
-1.31696 0.252516
-1.18131 0.340842
-1.04251 0.435001
-0.872156 0.524874
-0.689186 0.605664
-0.493598 0.68843
-0.285391 0.785711
-0.0677202 0.886107
0.156261 0.951691
0.396014 0.948263
0.642077 0.877752
0.875522 0.776329
1.09004 0.680386
1.26039 0.598495
1.4055 0.517121
1.51276 0.426445
1.58847 0.332473
1.63579 0.244873
1.65156 0.162225
1.63264 0.0756217
1.58847 -0.0169982
1.50645 -0.107972
1.42128 -0.192277
