data = [-0.0330199 0.0999799
-0.0361746 0.192277
-0.0393293 0.283673
-0.00778247 0.383413
0.0332272 0.485208
0.0837021 0.576934
0.175188 0.664692
0.269827 0.767015
0.392858 0.877752
0.528508 0.951691
0.667313 0.944253
0.825047 0.860313
0.989089 0.748662
1.11843 0.649466
1.22884 0.562391
1.29509 0.468741
1.33925 0.366267
1.33925 0.267968
1.31402 0.1773
1.2667 0.083803
1.19414 -0.0169982
1.07742 -0.1159
0.951233 -0.207221
0.790345 -0.299657
0.61053 -0.400636
0.414941 -0.501343
0.216197 -0.591325
-0.00147311 -0.680386
-0.231763 -0.785711
-0.468362 -0.894172
-0.720734 -0.956736
-0.979417 -0.934574
-1.22548 -0.842132
-1.47785 -0.730767
-1.6829 -0.634623
-1.86272 -0.547614
-2.00468 -0.451986
-2.10563 -0.349268
-2.17187 -0.252516
-2.21289 -0.162225
-2.20973 -0.0673821
-2.17818 0.033933
-2.12771 0.131565
-2.03307 0.222199
-1.9195 0.315927
-1.79016 0.417859
-1.62297 0.517121
-1.45892 0.605664
-1.2728 0.696612
-1.04882 0.804595
-0.837456 0.909293
-0.607167 0.959285
-0.361103 0.922845
-0.111886 0.823476
0.137332 0.713405
0.358157 0.620059
0.550591 0.532538
0.705169 0.435001
0.821891 0.332473
0.903912 0.237277
0.960696 0.146996
0.982779 0.0507449
0.982779 -0.0507449
0.948077 -0.146996
0.903913 -0.237277
0.825046 -0.332473
0.720943 -0.435001
0.604222 -0.532538
0.468572 -0.620059
0.317148 -0.713405
0.159415 -0.823476
-0.0235559 -0.922845
-0.206525 -0.959285
-0.408423 -0.909293
-0.597703 -0.804595
-0.793291 -0.696612
-0.944714 -0.605664
-1.0709 -0.517121
-1.16239 -0.417859
-1.20971 -0.315927
-1.2381 -0.222199
-1.24125 -0.131565
-1.19709 -0.033933
-1.13399 0.0673821
-1.04566 0.162225
-0.935251 0.252516
-0.793291 0.349268
-0.651331 0.451986
-0.48098 0.547614
-0.30432 0.634623
-0.102422 0.730767
0.108941 0.842132
0.320302 0.934574
0.547436 0.956736
0.777727 0.894172
1.01117 0.785711
1.22253 0.680386
1.38658 0.591325
1.538 0.501343
1.64526 0.400636
1.71781 0.299657
1.75251 0.207221
1.74305 0.1159
1.73674 0.0169982
1.68627 -0.083803
1.59478 -0.1773
1.42443 -0.267968
1.34241 -0.366267
1.18783 -0.468741
1.01748 -0.562391
0.83451 -0.649466
0.623149 -0.748662
0.396013 -0.860313
0.168878 -0.944253
-0.0834936 -0.951691
-0.345331 -0.877752
-0.597703 -0.767015
-0.834301 -0.664692
-1.0362 -0.576934
-1.19709 -0.485208
-1.37375 -0.383413
-1.44 -0.283673
-1.49993 -0.192277
-1.52517 -0.0999799
-1.53779 -2.26752e-14
-1.51571 0.0999799
-1.48101 0.192277
-1.40529 0.283673
-1.28226 0.383413
-1.16239 0.485208
-1.01727 0.576934
-0.850075 0.664692
-0.682878 0.767015
-0.48729 0.877752
-0.285392 0.951691
-0.0771854 0.944253
0.140486 0.860313
0.370776 0.748662
0.626302 0.649466
0.743025 0.562391
0.894448 0.468741
1.00171 0.366267
1.06795 0.267968
1.09004 0.1773
1.09319 0.083803
1.07111 -0.0169982
1.00171 -0.1159
0.925994 -0.207221
0.825046 -0.299657
0.689396 -0.400636
0.547436 -0.501343
0.389704 -0.591325
0.216199 -0.680386
0.0237655 -0.785711
-0.178133 -0.894172
-0.38634 -0.956736
-0.607166 -0.934574
-0.837455 -0.842132
-1.06459 -0.730767
-1.26964 -0.634623
-1.43053 -0.547614
-1.55987 -0.451986
-1.64505 -0.349268
-1.70814 -0.252516
-1.72707 -0.162225
-1.73022 -0.0673821
-1.70183 0.033933
-1.63874 0.131565
-1.56934 0.222199
-1.4463 0.315927
-1.3075 0.417859
-1.17185 0.517121
-1.00465 0.605664
-0.827992 0.696612
-0.629248 0.804595
-0.421042 0.909293
-0.203371 0.959285
0.0332284 0.922845
0.279291 0.823476
0.503271 0.713405
0.724097 0.620059
0.888139 0.532538
1.02063 0.435001
1.11843 0.332473
1.18468 0.237277
1.21307 0.146996
1.21622 0.0507449
1.18468 -0.0507449
1.12789 -0.146996
1.04903 -0.237277
0.93546 -0.332473
0.809274 -0.435001
0.65785 -0.532538
0.493808 -0.620059
0.317147 -0.713405
0.131022 -0.823476
-0.0803389 -0.922845
-0.304319 -0.959285
-0.534609 -0.909293
-0.761744 -0.804595
-0.976261 -0.696612
-1.16554 -0.605664
-1.31381 -0.517121
-1.42107 -0.417859
-1.49993 -0.315927
-1.54725 -0.222199
-1.56934 -0.131565
-1.54725 -0.033933
-1.5094 0.0673821
-1.42738 0.162225
-1.33274 0.252516
-1.21286 0.349268
-1.07405 0.451986
-0.913167 0.547614
-0.727043 0.634623
-0.547228 0.730767
-0.34533 0.842132
-0.133968 0.934574
0.0994766 0.956736
0.329766 0.894172
0.575829 0.785711
0.796655 0.680386
0.998552 0.591325
1.14367 0.501343
1.25408 0.400636
1.33926 0.299657
1.37711 0.207221
1.39919 0.1159
1.38342 0.0169982
1.33926 -0.083803
1.2667 -0.1773
1.1626 -0.267968
1.03641 -0.366267
0.88814 -0.468741
0.736716 -0.562391
0.5569 -0.649466
0.358158 -0.748662
0.153105 -0.860313
-0.0645655 -0.944253
-0.294856 -0.951691
-0.534609 -0.877752
-0.768053 -0.767015
-0.992034 -0.664692
-1.175 -0.576934
-1.32958 -0.485208
-1.4463 -0.383413
-1.51886 -0.283673
-1.5788 -0.192277
-1.59457 -0.0999799
-1.59142 -1.0358e-13
-1.54725 0.0999799
-1.47154 0.192277
-1.37059 0.283673
-1.23179 0.383413
-1.09614 0.485208
-0.834301 0.576934
-0.733353 0.664692
-0.604012 0.767015
-0.414733 0.877752
-0.20968 0.951691
0.0143014 0.944253
0.254055 0.860313
0.493809 0.748662
0.714634 0.649466
0.897605 0.562391
1.0301 0.468741
1.13736 0.366267
1.20991 0.267968
1.24777 0.1773
1.24777 0.083803
1.23515 -0.0169982
1.18468 -0.1159
1.10581 -0.207221
1.02064 -0.299657
0.888139 -0.400636
0.74618 -0.501343
0.572675 -0.591325
0.402324 -0.680386
0.209889 -0.785711
0.0111468 -0.894172
-0.200217 -0.956736
-0.430506 -0.934574
-0.657642 -0.842132
-0.878467 -0.730767
-1.08037 -0.634623
-1.23494 -0.547614
-1.36744 -0.451986
-1.45577 -0.349268
-1.5094 -0.252516
-1.55041 -0.162225
-1.53463 -0.0673821
-1.49993 0.033933
-1.44 0.131565
-1.35482 0.222199
-1.2381 0.315927
-1.11507 0.417859
-0.913167 0.517121
-0.812219 0.605664
-0.654486 0.696612
-0.449435 0.804595
-0.244382 0.909293
-0.0140918 0.959285
0.216197 0.922845
0.452796 0.823476
0.686241 0.713405
0.891294 0.620059
1.05534 0.532538
1.18152 0.435001
1.28563 0.332473
1.33925 0.237277
1.36449 0.146996
1.36134 0.0507449
1.34241 -0.0507449
1.26985 -0.146996
1.19099 -0.237277
1.08057 -0.332473
0.944924 -0.435001
0.796655 -0.532538
0.62315 -0.620059
0.44018 -0.713405
0.238281 -0.823476
0.0300748 -0.922845
-0.187598 -0.959285
-0.417887 -0.909293
-0.645022 -0.804595
-0.872158 -0.696612
-1.06459 -0.605664
-1.22548 -0.517121
-1.36113 -0.417859
-1.42422 -0.315927
-1.48732 -0.222199
-1.50309 -0.131565
-1.50624 -0.033933
-1.46208 0.0673821
-1.4116 0.162225
-1.32012 0.252516
-1.20655 0.349268
-1.07721 0.451986
-0.928942 0.547614
-0.75859 0.634623
-0.572467 0.730767
-0.386342 0.842132
-0.178134 0.934574
0.0426912 0.956736
0.269827 0.894172
0.506426 0.785711
0.736715 0.680386
0.925996 0.591325
1.07111 0.501343
1.18468 0.400636
1.26354 0.299657
1.30771 0.207221
1.32664 0.1159
1.31086 0.0169982
1.28563 -0.083803
1.20991 -0.1773
1.10581 -0.267968
0.992243 -0.366267
0.850283 -0.468741
0.683086 -0.562391
0.509581 -0.649466
0.326611 -0.748662
0.127868 -0.860313
-0.0834936 -0.944253
-0.304319 -0.951691
-0.534609 -0.877752
-0.768053 -0.767015
-0.979415 -0.664692
-1.15923 -0.576934
-1.31065 -0.485208
-1.41476 -0.383413
-1.49047 -0.283673
-1.52202 -0.192277
-1.53779 -0.0999799
-1.51255 3.9022e-14
-1.46839 0.0999799
-1.39268 0.192277
-1.29173 0.283673
-1.16554 0.383413
-1.03305 0.485208
-0.881622 0.576934
-0.701806 0.664692
-0.499909 0.767015
-0.301165 0.877752
-0.0929576 0.951691
0.153105 0.944253
0.38024 0.860313
0.616838 0.748662
0.825046 0.649466
1.00171 0.562391
1.14682 0.468741
1.24777 0.366267
1.31402 0.267968
1.34872 0.1773
1.3708 0.083803
1.35187 -0.0169982
1.29509 -0.1159
1.22569 -0.207221
1.13105 -0.299657
1.00486 -0.400636
0.862902 -0.501343
0.702016 -0.591325
0.519045 -0.680386
0.336075 -0.785711
0.137333 -0.894172
-0.0803389 -0.956736
-0.310628 -0.934574
-0.531455 -0.842132
-0.758589 -0.730767
-0.941559 -0.634623
-1.1056 -0.547614
-1.2381 -0.451986
-1.31696 -0.349268
-1.38321 -0.252516
-1.42107 -0.162225
-1.42107 -0.0673821
-1.38952 0.033933
-1.32643 0.131565
-1.24441 0.222199
-1.12137 0.315927
-0.998344 0.417859
-0.84692 0.517121
-0.686033 0.605664
-0.503062 0.696612
-0.30432 0.804595
-0.0961123 0.909293
0.115249 0.959285
0.348694 0.922845
0.582138 0.823476
0.802963 0.713405
1.01748 0.620059
1.17837 0.532538
