data = [-0.0267105 0.0858389
-0.0204012 0.166006
-0.0140918 0.242969
0.017455 0.324167
0.0490006 0.411405
0.10263 0.497342
0.178342 0.575126
0.254054 0.649466
0.361312 0.732976
0.471725 0.82817
0.585293 0.914573
0.724097 0.958327
0.872366 0.938455
1.03641 0.864753
1.17206 0.769336
1.29193 0.680386
1.38342 0.603871
1.4402 0.528717
1.4686 0.44564
1.45913 0.357745
1.4402 0.273826
1.38342 0.196014
1.31402 0.117872
1.20676 0.033933
1.08688 -0.0528351
0.941768 -0.135444
0.768263 -0.21283
0.588447 -0.291629
0.402322 -0.376971
0.200425 -0.464577
-0.0172465 -0.545747
-0.228608 -0.620059
-0.452589 -0.69868
-0.670259 -0.790421
-0.910014 -0.884044
-1.14977 -0.948263
-1.38637 -0.95387
-1.63558 -0.898085
-1.86272 -0.806959
-2.07408 -0.713405
-2.24128 -0.632789
-2.38324 -0.558721
-2.47788 -0.47907
-2.55674 -0.39202
-2.60406 -0.305725
-2.62615 -0.225957
-2.60722 -0.14891
-2.5599 -0.0673821
-2.48734 0.0191198
-2.39901 0.103984
-2.28229 0.182924
-2.13402 0.260212
-1.97313 0.342943
-1.79963 0.430727
-1.61035 0.515168
-1.40214 0.591325
-1.16869 0.666627
-0.944714 0.753211
-0.69865 0.849019
-0.446278 0.928952
-0.187597 0.959585
0.0837032 0.925958
0.367622 0.844436
0.629458 0.748662
0.875522 0.662765
1.07742 0.587736
1.24777 0.511247
1.38027 0.426445
1.48752 0.338744
1.5727 0.256357
1.61056 0.179176
1.6421 0.0999799
1.62948 0.0148756
1.60424 -0.0715089
1.55377 -0.152728
1.48752 -0.229721
1.38342 -0.309792
1.27616 -0.396327
1.14998 -0.483167
1.00486 -0.562391
0.850283 -0.63646
0.676777 -0.717693
0.506427 -0.811687
0.310838 -0.901912
0.124713 -0.955132
-0.0866483 -0.94633
-0.298011 -0.879866
-0.503062 -0.785711
-0.686033 -0.694554
-0.840611 -0.616449
-0.957333 -0.541998
-1.05197 -0.460396
-1.11507 -0.372684
-1.15923 -0.287643
-1.16869 -0.20909
-1.16238 -0.131565
-1.11822 -0.048652
-1.05513 0.0381497
-0.985725 0.121803
-0.884775 0.199749
-0.761744 0.277752
-0.629248 0.362001
-0.487289 0.449874
-0.320092 0.532538
-0.156051 0.607458
0.0994755 0.684391
0.20989 0.773993
0.358158 0.869143
0.553747 0.940877
0.749335 0.95761
0.963852 0.911079
1.16259 0.823476
1.34872 0.728567
1.51907 0.645723
1.63895 0.571503
1.73043 0.493319
1.79668 0.407099
1.81245 0.320038
1.80614 0.239172
1.7462 0.162225
1.71781 0.0817633
1.66418 -0.00425205
1.56008 -0.089899
1.43074 -0.169778
1.29193 -0.246779
1.11843 -0.328312
0.935458 -0.415708
0.736716 -0.501343
0.522199 -0.578739
0.29191 -0.653233
0.064774 -0.737418
-0.187598 -0.832847
-0.414733 -0.917964
-0.761745 -0.958885
-0.906859 -0.9359
-1.15608 -0.860313
-1.37375 -0.764699
-1.58826 -0.676415
-1.76177 -0.600286
-1.90688 -0.524874
-2.00468 -0.441393
-2.08039 -0.353501
-2.12456 -0.269917
-2.14979 -0.192277
-2.13087 -0.113924
-2.08039 -0.0297086
-2.0173 0.0570068
-1.92266 0.139308
-1.80278 0.216574
-1.65451 0.295634
-1.50309 0.381265
-1.33274 0.468741
-1.14977 0.549476
-0.957333 0.623679
-0.761745 0.702843
-0.540919 0.79514
-0.320093 0.888152
-0.089803 0.950051
0.146796 0.952455
0.399168 0.894172
0.642077 0.80223
0.862902 0.709153
1.04903 0.629134
1.20361 0.555036
1.30771 0.474953
1.39604 0.387715
1.45282 0.301675
1.47806 0.222199
1.4686 0.145079
1.4402 0.0632416
1.37711 -0.0233595
1.3014 -0.107972
1.19414 -0.186668
1.07742 -0.264082
0.932305 -0.347156
0.768263 -0.435001
0.597911 -0.519067
0.418096 -0.594911
0.225663 -0.670519
0.0206096 -0.757788
-0.190752 -0.853567
-0.408423 -0.931826
-0.632403 -0.959425
-0.859539 -0.922845
-1.09298 -0.83982
-1.31065 -0.744142
-1.49362 -0.658932
-1.64505 -0.584143
-1.76177 -0.507302
-1.84379 -0.422155
-1.89427 -0.334559
-1.92897 -0.252516
-1.93528 -0.175422
-1.90373 -0.0959595
-1.84695 -0.0106279
-1.77123 0.0756217
-1.67344 0.156535
-1.55041 0.233495
-1.41476 0.313878
-1.25702 0.400636
-1.08983 0.487244
-0.900549 0.566046
-0.70496 0.64015
-0.496753 0.722017
-0.272772 0.816409
-0.0424828 0.90565
0.184653 0.95624
0.430716 0.944253
0.676778 0.875623
0.913377 0.781013
1.12158 0.690462
1.30771 0.612847
1.45282 0.538229
1.56324 0.456198
1.64841 0.368404
1.68627 0.283673
1.71466 0.205353
1.70204 0.127672
1.67365 0.0444584
1.62318 -0.0423578
1.52853 -0.12572
1.41497 -0.203485
1.29509 -0.281695
1.14682 -0.366267
0.989088 -0.454094
0.821891 -0.536337
0.626302 -0.611049
0.424405 -0.68843
0.219352 -0.778669
-0.00147311 -0.873477
-0.231764 -0.943163
-0.462053 -0.956736
-0.695497 -0.907484
-0.925787 -0.818768
-1.14661 -0.724191
-1.32643 -0.642003
-1.48101 -0.567868
-1.60088 -0.489275
-1.69237 -0.402791
-1.75231 -0.315927
-1.7807 -0.235384
-1.79647 -0.158434
-1.76808 -0.0776726
-1.72076 0.00850309
-1.66082 0.0939433
-1.57565 0.173543
-1.47154 0.2506
-1.33274 0.332473
-1.18762 0.420007
-1.01412 0.505322
-0.850076 0.582343
-0.657642 0.657026
-0.373722 0.741893
-0.234917 0.837502
-0.0519468 0.921246
0.15626 0.959285
0.386549 0.933216
0.623149 0.855826
0.83451 0.760085
1.03641 0.672476
1.21307 0.596703
1.32979 0.521008
1.44651 0.437134
1.50645 0.349268
1.538 0.266023
1.54431 0.188539
1.54115 0.10996
1.50014 0.0254774
1.43074 -0.0611665
1.33295 -0.143159
1.22569 -0.220323
1.09004 -0.299657
0.944924 -0.385564
0.774573 -0.472887
0.594758 -0.553187
0.402323 -0.627312
0.206736 -0.707041
-0.00778131 -0.799866
-0.20968 -0.892185
-0.436815 -0.951691
-0.667105 -0.950889
-0.89424 -0.890178
-1.17816 -0.797503
-1.32958 -0.704937
-1.51571 -0.625494
-1.63874 -0.551334
-1.73022 -0.470816
-1.79647 -0.383413
-1.83748 -0.297643
-1.86272 -0.218448
-1.85956 -0.141235
-1.80594 -0.0590882
-1.75546 0.0275938
-1.68606 0.111944
-1.57249 0.190408
-1.43053 0.267968
-1.27911 0.351383
-1.12137 0.439265
-0.944714 0.522944
-0.75859 0.598495
-0.556692 0.674442
-0.354794 0.76239
-0.137123 0.858075
0.0805474 0.934574
0.307683 0.959105
0.550591 0.919619
0.790344 0.835178
1.01433 0.739652
1.20991 0.655126
1.37396 0.580542
1.5033 0.503335
1.59478 0.417859
1.64841 0.33039
1.67996 0.248688
1.67996 0.171661
1.65156 0.0919232
1.59794 0.00637776
1.52222 -0.0797198
1.42443 -0.160331
1.3014 -0.237277
1.16575 -0.31798
1.01117 -0.404945
0.847129 -0.4913
0.661004 -0.569687
0.459107 -0.64386
0.260363 -0.726375
0.036383 -0.821123
-0.181288 -0.909293
-0.421042 -0.957193
-0.654487 -0.942037
-0.897396 -0.871317
-1.12453 -0.776329
-1.32958 -0.686406
-1.48732 -0.609253
-1.61666 -0.53444
-1.72391 -0.451986
-1.79647 -0.364133
-1.82802 -0.279722
-1.86272 -0.201617
-1.85325 -0.123763
-1.83748 -0.0402549
-1.77123 0.0465565
-1.67029 0.129621
-1.56934 0.207221
-1.42738 0.285656
-1.28226 0.370543
-1.13399 0.458299
-0.973106 0.540116
-0.790136 0.614647
-0.597703 0.692504
-0.389495 0.78336
-0.171825 0.877752
0.0395377 0.945309
0.276136 0.955706
0.50958 0.903793
0.758799 0.814049
0.967005 0.719851
1.15628 0.638303
1.29509 0.56422
1.42128 0.485208
1.50961 0.398482
1.56324 0.311833
1.59794 0.231607
1.59163 0.154633
1.56954 0.0735671
1.52222 -0.0127521
1.43705 -0.0979717
1.33295 -0.1773
1.20991 -0.254435
1.05849 -0.33665
0.910222 -0.424301
0.743024 -0.509277
0.56321 -0.58594
0.364466 -0.660845
0.15626 -0.746398
-0.0487933 -0.842132
-0.263309 -0.924416
-0.48729 -0.959525
-0.714425 -0.930404
-0.944715 -0.851298
-1.15608 -0.755496
-1.35482 -0.668569
-1.51571 -0.593118
-1.63874 -0.517121
-1.746 -0.432865
-1.79647 -0.345048
-1.83117 -0.262145
-1.84379 -0.184797
-1.82486 -0.10598
-1.7807 -0.0212402
-1.7113 0.0653135
-1.61666 0.146996
-1.5094 0.224077
-1.37059 0.303698
-1.22863 0.389867
-1.05513 0.477014
-0.872158 0.556881
-0.67657 0.63096
-0.48729 0.711275
-0.26962 0.804595
-0.0487933 0.896139
0.175187 0.953181
0.41494 0.949175
0.651541 0.886107
0.88183 0.79278
1.09319 0.700757
1.27616 0.621868
1.42758 0.547614
1.538 0.466661
1.62633 0.379117
1.6768 0.29363
1.68942 0.214702
1.68627 0.137378
1.65788 0.0549224
1.61371 -0.0318217
1.51591 -0.1159
1.41181 -0.194146
1.29193 -0.271869
1.14682 -0.355622
0.995399 -0.443518
0.809274 -0.526798
0.642076 -0.602078
0.44018 -0.678397
0.235127 -0.767015
0.0237655 -0.862539
-0.193906 -0.937194
-0.417886 -0.958626
-0.648176 -0.916282
-0.875311 -0.830511
-1.08983 -0.735193
-1.28542 -0.651347
-1.43053 -0.576934
-1.55041 -0.499346
-1.63874 -0.413557
-1.68921 -0.326237
