data = [-0.0298641 0.101984
-0.0204 0.196014
-0.0267094 0.289634
0.00483741 0.39202
0.0395377 0.495334
0.0994766 0.587736
0.190961 0.678397
0.285602 0.785711
0.408633 0.896139
0.531664 0.95761
0.676778 0.930404
0.837666 0.832847
0.998553 0.719851
1.12789 0.623679
1.22884 0.53444
1.28563 0.435001
1.31717 0.33039
1.31086 0.233495
1.28247 0.141235
1.23515 0.0423578
1.13105 -0.0611665
1.01117 -0.158434
0.862903 -0.2506
0.70517 -0.349268
0.519045 -0.454094
0.323457 -0.551334
0.108941 -0.64015
-0.12135 -0.739652
-0.348484 -0.853567
-0.594547 -0.942037
-0.84692 -0.952455
-1.1056 -0.877752
-1.35166 -0.764699
-1.58195 -0.660845
-1.7807 -0.571503
-1.92266 -0.477014
-2.03938 -0.372684
-2.11194 -0.271869
-2.16241 -0.179176
-2.18449 -0.083803
-2.16241 0.0191198
-2.11509 0.119839
-2.04253 0.21283
-1.92581 0.307756
-1.79963 0.411405
-1.65451 0.51321
-1.4747 0.603871
-1.29804 0.696612
-1.08983 0.806959
-0.884776 0.912839
-0.654487 0.959585
-0.417887 0.916282
-0.159206 0.811687
0.0868567 0.700757
0.304528 0.607458
0.496962 0.517121
0.635766 0.415708
0.752488 0.311833
0.831355 0.216574
0.86921 0.123763
0.900757 0.0233595
0.888138 -0.0797198
0.853438 -0.175422
0.799808 -0.267968
0.702015 -0.368404
0.601065 -0.472887
0.471724 -0.567868
0.336074 -0.657026
0.175187 -0.760085
0.017455 -0.873477
-0.165515 -0.950889
-0.35164 -0.944253
-0.553537 -0.858075
-0.745972 -0.744142
-0.919478 -0.64386
-1.06144 -0.555036
-1.16239 -0.458299
-1.22863 -0.353501
-1.27595 -0.254435
-1.28226 -0.162225
-1.26649 -0.0653135
-1.21917 0.0381497
-1.14661 0.137378
-1.0362 0.229721
-0.919477 0.326237
-0.774363 0.430727
-0.613475 0.53063
-0.443124 0.620059
-0.247535 0.715545
-0.0456375 0.82817
0.178344 0.92747
0.396014 0.958327
0.632613 0.90001
0.878677 0.790421
1.09635 0.682385
1.29193 0.591325
1.42443 0.499346
1.538 0.396327
1.62317 0.29363
1.66103 0.199749
1.66418 0.10598
1.63264 0.00425205
1.58532 -0.0979717
1.50014 -0.192277
1.38342 -0.285656
1.19099 -0.387715
1.09004 -0.4913
0.938613 -0.584143
0.758799 -0.674442
0.5569 -0.781013
0.342385 -0.892185
0.0963208 -0.956736
-0.146587 -0.933216
-0.395805 -0.837502
-0.651332 -0.724191
-0.862694 -0.627312
-1.04882 -0.538229
-1.19078 -0.439265
-1.30435 -0.334559
-1.42422 -0.237277
-1.44946 -0.145079
-1.48101 -0.0465565
-1.47785 0.0570068
-1.45892 0.154633
-1.39583 0.246779
-1.29488 0.345048
-1.19078 0.449874
-1.05828 0.547614
-0.916323 0.63646
-0.749126 0.735193
-0.563001 0.849019
-0.380032 0.939683
-0.165515 0.95387
0.15626 0.881964
0.282446 0.769336
0.493807 0.664692
0.676777 0.575126
0.818736 0.481121
0.919685 0.376971
0.992243 0.275787
1.01748 0.182924
1.02379 0.0878709
1.00171 -0.0148756
0.948077 -0.1159
0.872365 -0.20909
0.784035 -0.303698
0.65154 -0.407099
0.519044 -0.509277
0.358158 -0.600286
0.197271 -0.692504
0.00799209 -0.80223
-0.193906 -0.909293
-0.398958 -0.959425
-0.629248 -0.919619
-0.859538 -0.816409
-1.07405 -0.704937
-1.25702 -0.611049
-1.41791 -0.521008
-1.52833 -0.420007
-1.60404 -0.315927
-1.65767 -0.220323
-1.67659 -0.127672
-1.66082 -0.0275938
-1.62612 0.0756217
-1.55987 0.171661
-1.47154 0.264082
-1.35167 0.364133
-1.21601 0.468741
-1.06459 0.56422
-0.875312 0.653233
-0.692342 0.755496
-0.48098 0.869143
-0.266464 0.949175
-0.0424828 0.94633
0.194116 0.862539
0.443333 0.748662
0.661004 0.647592
0.853438 0.558721
0.992243 0.462489
1.11843 0.357745
1.19099 0.258283
1.232 0.166006
1.24146 0.0694472
1.22253 -0.033933
1.17521 -0.133506
1.0995 -0.225957
0.995398 -0.3221
0.884985 -0.426445
0.743025 -0.526798
0.575829 -0.616449
0.405478 -0.711275
0.209889 -0.823476
0.00483741 -0.924416
-0.206525 -0.958885
-0.436814 -0.903793
-0.670259 -0.79514
-0.884775 -0.686406
-1.0709 -0.594911
-1.21286 -0.503335
-1.32958 -0.400636
-1.40214 -0.297643
-1.44 -0.203485
-1.45577 -0.10996
-1.4463 -0.00850309
-1.4116 0.0939433
-1.33905 0.188539
-1.2381 0.281695
-1.10876 0.383413
-0.966797 0.487244
-0.805909 0.580542
-0.632403 0.670519
-0.443125 0.776329
-0.231762 0.888152
-0.0140918 0.955706
0.209889 0.9359
0.449643 0.842132
0.686242 0.728567
0.894448 0.63096
1.0648 0.541998
1.20045 0.443518
1.29193 0.338744
1.34241 0.241069
1.3708 0.14891
1.36765 0.0507449
1.32979 -0.0528351
1.28247 -0.15082
1.19099 -0.242969
1.07111 -0.340842
0.932305 -0.44564
0.790346 -0.543875
0.61053 -0.632789
0.418096 -0.730767
0.222508 -0.844436
0.00168157 -0.937194
-0.222298 -0.955132
-0.465207 -0.886107
-0.698651 -0.773993
-0.919478 -0.668569
-1.10245 -0.578739
-1.25387 -0.485208
-1.36113 -0.381265
-1.44946 -0.279722
-1.49678 -0.186668
-1.51571 -0.0919232
-1.49993 0.0106279
-1.46839 0.111944
-1.39898 0.205353
-1.29488 0.299657
-1.18131 0.402791
-1.04566 0.505322
-0.89424 0.596703
-0.711271 0.68843
-0.452589 0.797503
-0.329557 0.90565
-0.127659 0.959105
0.0931673 0.922845
0.323457 0.821123
0.550591 0.709153
0.761953 0.614647
0.916532 0.524874
1.05534 0.424301
1.14367 0.320038
1.19414 0.224077
1.22569 0.131565
1.22253 0.0318217
1.1973 -0.0715089
1.13736 -0.167893
1.04587 -0.260212
0.93546 -0.359872
0.796655 -0.464577
0.642077 -0.560558
0.478035 -0.649466
0.29822 -0.750933
0.0931672 -0.864753
-0.115039 -0.947314
-0.323248 -0.948263
-0.559847 -0.866955
-0.793292 -0.753211
-0.995189 -0.651347
-1.16554 -0.562391
-1.30119 -0.466661
-1.40845 -0.362001
-1.45577 -0.262145
-1.49678 -0.169778
-1.49362 -0.0735671
-1.47154 0.0297086
-1.41791 0.129621
-1.3422 0.222199
-1.21917 0.31798
-1.10245 0.422155
-0.881622 0.522944
-0.786981 0.612847
-0.622939 0.707041
-0.421043 0.818768
-0.206526 0.921246
0.00483509 0.959285
0.23828 0.907484
0.484344 0.799866
0.705169 0.690462
0.907068 0.598495
1.05849 0.507302
1.18152 0.404945
1.2667 0.301675
1.31086 0.207221
1.33295 0.113924
1.32664 0.0127521
1.28878 -0.089899
1.21622 -0.184797
1.12474 -0.277752
1.01433 -0.379117
0.869213 -0.483167
0.714634 -0.576934
0.537974 -0.666627
0.34554 -0.771662
0.143642 -0.884044
-0.0771843 -0.95452
-0.301165 -0.938455
-0.544073 -0.846732
-0.7649 -0.732976
-0.966797 -0.634623
-1.13399 -0.545747
-1.2728 -0.447758
-1.36113 -0.342943
-1.43369 -0.244873
-1.47154 -0.152728
-1.47154 -0.0549224
-1.4463 0.048652
-1.39267 0.146996
-1.32012 0.239172
-1.21601 0.33665
-1.08352 0.441393
-0.938406 0.540116
-0.771209 0.629134
-0.604012 0.726375
-0.40527 0.83982
-0.203371 0.934574
0.00798977 0.95624
0.235125 0.890178
0.478034 0.778669
0.695705 0.672476
0.878674 0.582343
1.04587 0.489275
1.14682 0.385564
1.23515 0.283673
1.28563 0.190408
1.29509 0.0959595
1.27616 -0.00637776
1.22253 -0.107972
1.15628 -0.201617
1.05534 -0.295634
0.92915 -0.398482
0.784036 -0.501343
0.619994 -0.593118
0.446488 -0.684391
0.260363 -0.79278
0.0616205 -0.901912
-0.152897 -0.958626
-0.380031 -0.925958
-0.61032 -0.825825
-0.834301 -0.713405
-1.02673 -0.618253
-1.18762 -0.528717
-1.30435 -0.428587
-1.38637 -0.324167
-1.44315 -0.227838
-1.46208 -0.135444
-1.47154 -0.0360424
-1.42107 0.0673821
-1.36428 0.164117
-1.28226 0.256357
-1.14661 0.355622
-1.02358 0.460396
-0.875312 0.556881
-0.71127 0.645723
-0.52199 0.746398
-0.323248 0.860313
-0.105576 0.945309
0.124713 0.950051
0.361313 0.871317
0.604221 0.757788
0.821891 0.655126
1.01117 0.566046
1.14367 0.470816
1.26354 0.366267
1.3361 0.266023
1.36765 0.173543
1.38026 0.0776726
1.35818 -0.0254774
1.30771 -0.12572
1.22569 -0.218448
1.1342 -0.313878
0.998553 -0.417859
0.859749 -0.519067
0.695706 -0.609253
0.519045 -0.702843
0.332921 -0.814049
0.124714 -0.917964
-0.0929576 -0.959525
-0.313783 -0.911079
-0.553536 -0.804595
-0.774363 -0.694554
-0.954178 -0.602078
-1.10875 -0.511247
-1.22863 -0.409252
-1.31065 -0.305725
-1.35797 -0.21096
-1.37375 -0.117872
-1.35482 -0.0169982
-1.32012 0.0858389
-1.24125 0.181051
-1.16239 0.273826
-1.03305 0.374826
-0.89424 0.47907
-0.749125 0.573316
-0.566156 0.662765
-0.383186 0.767015
-0.187597 0.879866
0.0300737 0.953181
0.257209 0.940877
0.490653 0.851298
0.717788 0.737418
0.92915 0.638303
1.10897 0.549476
1.24777 0.451986
1.36134 0.347156
1.42759 0.248688
1.45598 0.156535
1.4686 0.0590882
1.4402 -0.0444584
1.37711 -0.143159
1.30771 -0.235384
1.1973 -0.332473
1.06165 -0.437134
