data = [0.00168157 0.103984
-0.00147311 0.199749
0.00168157 0.295634
0.0237643 0.400636
0.064774 0.505322
0.124713 0.598495
0.213043 0.692504
0.307683 0.804595
0.430714 0.912839
0.5569 0.959605
0.714633 0.912839
0.875522 0.804595
1.0301 0.692504
1.15944 0.598495
1.24777 0.505322
1.30455 0.400636
1.32348 0.295634
1.32033 0.199749
1.28247 0.103984
1.21938 -2.44625e-16
1.11843 -0.103984
0.995399 -0.199749
0.853439 -0.295634
0.670469 -0.400636
0.503273 -0.505322
0.29822 -0.598495
0.0837032 -0.692504
-0.146587 -0.804595
-0.389494 -0.912839
-0.638714 -0.959605
-0.891086 -0.912839
-1.14346 -0.804595
-1.38952 -0.692504
-1.59457 -0.598495
-1.76177 -0.505322
-1.89742 -0.400636
-1.98575 -0.295634
-2.03623 -0.199749
-2.06146 -0.103984
-2.06146 -3.26681e-15
-2.03307 0.103984
-1.96682 0.199749
-1.87849 0.295634
-1.75862 0.400636
-1.61981 0.505322
-1.45892 0.598495
-1.26649 0.692504
-1.07721 0.804595
-0.865848 0.912839
-0.651332 0.959605
-0.414733 0.912839
-0.165515 0.804595
0.0773927 0.692504
0.288755 0.598495
0.468571 0.505322
0.61053 0.400636
0.711479 0.295634
0.78719 0.199749
0.831355 0.103984
0.840819 -2.33964e-15
0.809272 -0.103984
0.774571 -0.199749
0.720943 -0.295634
0.629457 -0.400636
0.528508 -0.505322
0.396013 -0.598495
0.260363 -0.692504
0.0994755 -0.804595
-0.0708761 -0.912839
-0.25069 -0.959605
-0.449434 -0.912839
-0.645022 -0.804595
-0.831147 -0.692504
-0.992035 -0.598495
-1.11191 -0.505322
-1.19078 -0.400636
-1.24125 -0.295634
-1.26964 -0.199749
-1.26334 -0.103984
-1.23179 6.77104e-15
-1.175 0.103984
-1.07721 0.199749
-0.969953 0.295634
-0.824838 0.400636
-0.67026 0.505322
-0.503064 0.598495
-0.313784 0.692504
-0.11504 0.804595
0.10263 0.912839
0.329767 0.959605
0.556902 0.912839
0.806119 0.804595
1.02064 0.692504
1.22569 0.598495
1.38027 0.505322
1.5033 0.400636
1.57585 0.295634
1.61371 0.199749
1.62633 0.103984
1.61686 6.17519e-15
1.55693 -0.103984
1.47806 -0.199749
1.39604 -0.295634
1.25723 -0.400636
1.10266 -0.505322
0.938614 -0.598495
0.749335 -0.692504
0.544282 -0.804595
0.33923 -0.912839
0.0931661 -0.959605
-0.149742 -0.912839
-0.408423 -0.804595
-0.645023 -0.692504
-0.850075 -0.598495
-1.02358 -0.505322
-1.15608 -0.400636
-1.25387 -0.295634
-1.32327 -0.199749
-1.38006 -0.103984
-1.39899 -2.00458e-14
-1.38637 0.103984
-1.33589 0.199749
-1.2728 0.295634
-1.17816 0.400636
-1.06459 0.505322
-0.916323 0.598495
-0.755436 0.692504
-0.594548 0.804595
-0.405269 0.912839
-0.21599 0.959605
0.00483625 0.912839
0.228816 0.804595
0.437024 0.692504
0.619993 0.598495
0.815582 0.505322
0.884984 0.400636
0.982779 0.295634
1.03956 0.199749
1.04272 0.103984
1.02063 3.18366e-14
0.97016 -0.103984
0.894448 -0.199749
0.802964 -0.295634
0.689397 -0.400636
0.541128 -0.505322
0.383395 -0.598495
0.213044 -0.692504
0.036383 -0.804595
-0.168669 -0.912839
-0.380031 -0.959605
-0.588238 -0.912839
-0.827992 -0.804595
-1.03935 -0.692504
-1.22548 -0.598495
-1.37375 -0.505322
-1.48731 -0.400636
-1.55987 -0.295634
-1.60719 -0.199749
-1.61981 -0.103984
-1.61035 -4.62226e-14
-1.57249 0.103984
-1.49678 0.199749
-1.40845 0.295634
-1.28542 0.400636
-1.13399 0.505322
-0.985725 0.598495
-0.802755 0.692504
-0.622939 0.804595
-0.417887 0.912839
-0.20337 0.959605
0.0332284 0.912839
0.266672 0.804595
0.496963 0.692504
0.69886 0.598495
0.859747 0.505322
0.976469 0.400636
1.07742 0.295634
1.11843 0.199749
1.15313 0.103984
1.13736 5.80134e-14
1.09635 -0.103984
1.03325 -0.199749
0.944924 -0.295634
0.831356 -0.400636
0.692552 -0.505322
0.534819 -0.598495
0.373931 -0.692504
0.187806 -0.804595
-0.00462779 -0.912839
-0.222298 -0.959605
-0.452589 -0.912839
-0.682878 -0.804595
-0.900549 -0.692504
-1.08667 -0.598495
-1.2381 -0.505322
-1.35482 -0.400636
-1.43369 -0.295634
-1.47154 -0.199749
-1.49362 -0.103984
-1.48732 -7.32186e-14
-1.45261 0.103984
-1.37059 0.199749
-1.29804 0.295634
-1.16239 0.400636
-1.01412 0.505322
-0.859539 0.598495
-0.670259 0.692504
-0.490445 0.804595
-0.285391 0.912839
-0.0866471 0.959605
0.149951 0.912839
0.380241 0.804595
0.613686 0.692504
0.818738 0.598495
0.995397 0.505322
1.11843 0.400636
1.21622 0.295634
1.2667 0.199749
1.29509 0.103984
1.27616 8.47156e-14
1.22569 -0.103984
1.17206 -0.199749
1.07426 -0.295634
0.957542 -0.400636
0.812428 -0.505322
0.661005 -0.598495
0.490653 -0.692504
0.291911 -0.804595
0.0963219 -0.912839
-0.127658 -0.959605
-0.361103 -0.912839
-0.600857 -0.804595
-0.821683 -0.692504
-1.02674 -0.598495
-1.18131 -0.505322
-1.31065 -0.400636
-1.38952 -0.295634
-1.43684 -0.199749
-1.47154 -0.103984
-1.46208 -9.63301e-14
-1.44315 0.103984
-1.3769 0.199749
-1.28542 0.295634
-1.1687 0.400636
-1.04566 0.505322
-0.90055 0.598495
-0.723889 0.692504
-0.547228 0.804595
-0.348484 0.912839
-0.130814 0.959605
0.0837032 0.912839
0.320302 0.804595
0.553746 0.692504
0.749335 0.598495
0.907068 0.505322
1.0301 0.400636
1.11527 0.295634
1.16259 0.199749
1.18152 0.103984
1.16259 1.08297e-13
1.11528 -0.103984
1.05218 -0.199749
0.963852 -0.295634
0.84082 -0.400636
0.711479 -0.505322
0.553747 -0.598495
0.377086 -0.692504
0.184652 -0.804595
-0.0140907 -0.912839
-0.231762 -0.959605
-0.462052 -0.912839
-0.692342 -0.804595
-0.922631 -0.692504
-1.11507 -0.598495
-1.27911 -0.505322
-1.39583 -0.400636
-1.481 -0.295634
-1.51886 -0.199749
-1.54094 -0.103984
-1.53779 -1.26382e-13
-1.49993 0.103984
-1.42107 0.199749
-1.32643 0.295634
-1.20655 0.400636
-1.06144 0.505322
-0.906859 0.598495
-0.730197 0.692504
-0.556691 0.804595
-0.351639 0.912839
-0.137123 0.959605
0.0900114 0.912839
0.336075 0.804595
0.56321 0.692504
0.755644 0.598495
0.932304 0.505322
1.04903 0.400636
1.14051 0.295634
1.20676 0.199749
1.22884 0.103984
1.20991 1.38918e-13
1.1689 -0.103984
1.0995 -0.199749
1.00802 -0.295634
0.900758 -0.400636
0.758799 -0.505322
0.604221 -0.598495
0.430716 -0.692504
0.238281 -0.804595
0.0458471 -0.912839
-0.168669 -0.959605
-0.389495 -0.912839
-0.616631 -0.804595
-0.840611 -0.692504
-1.03304 -0.598495
-1.19078 -0.505322
-1.30435 -0.400636
-1.3769 -0.295634
-1.42422 -0.199749
-1.44315 -0.103984
-1.43369 -1.21553e-13
-1.39267 0.103984
-1.33274 0.199749
-1.23494 0.295634
-1.11191 0.400636
-0.976261 0.505322
-0.834301 0.598495
-0.648178 0.692504
-0.458898 0.804595
-0.260156 0.912839
-0.0582573 0.959605
0.172032 0.912839
0.405477 0.804595
0.635766 0.692504
0.828202 0.598495
0.989088 0.505322
1.10581 0.400636
1.20045 0.295634
1.25092 0.199749
1.26354 0.103984
1.25093 6.03503e-14
1.20361 -0.103984
1.14367 -0.199749
1.04587 -0.295634
0.925997 -0.400636
0.799809 -0.505322
0.623149 -0.598495
0.455952 -0.692504
0.269827 -0.804595
0.0773939 -0.912839
-0.137123 -0.959605
-0.364258 -0.912839
-0.594548 -0.804595
-0.815373 -0.692504
-1.00465 -0.598495
-1.15608 -0.505322
-1.27595 -0.400636
-1.35166 -0.295634
-1.39898 -0.199749
-1.42422 -0.103984
-1.40529 -7.66507e-16
-1.36744 0.103984
-1.28857 0.199749
-1.2034 0.295634
-1.07406 0.400636
-0.935251 0.505322
-0.777518 0.598495
-0.597703 0.692504
-0.414733 0.804595
-0.212834 0.912839
0.00483624 0.959605
0.241436 0.912839
0.471725 0.804595
0.695705 0.692504
0.897604 0.598495
1.0648 0.505322
1.18468 0.400636
1.27301 0.295634
1.32348 0.199749
1.33925 0.103984
1.32664 -6.43531e-14
1.27932 -0.103984
1.21307 -0.199749
1.11843 -0.295634
1.00171 -0.400636
0.859749 -0.505322
0.71148 -0.598495
0.531664 -0.692504
0.345539 -0.804595
0.146797 -0.912839
-0.0677202 -0.959605
-0.285391 -0.912839
-0.52199 -0.804595
-0.739661 -0.692504
-0.925786 -0.598495
-1.07405 -0.505322
-1.18762 -0.400636
-1.26649 -0.295634
-1.30434 -0.199749
-1.32958 -0.103984
-1.31381 1.23937e-13
-1.27595 0.103984
-1.21917 0.199749
-1.11822 0.295634
-0.979416 0.400636
-0.856384 0.505322
-0.692342 0.598495
-0.512526 0.692504
-0.33902 0.804595
-0.130814 0.912839
0.0868579 0.959605
0.310838 0.912839
0.553747 0.804595
0.784036 0.692504
0.98278 0.598495
1.14682 0.505322
1.2667 0.400636
1.35818 0.295634
1.41181 0.199749
1.42759 0.103984
1.41181 -1.83521e-13
1.36765 -0.103984
1.29509 -0.199749
1.1973 -0.295634
1.08688 -0.400636
0.951232 -0.505322
0.787191 -0.598495
0.619995 -0.692504
0.424406 -0.804595
